# MHKP instance for submodel V0 of Deplano et al. (2019)
# BINS:  length width height priority
# ITEMS: length width height
# beta (gcd of item sides) = 1
BINS
120 120 120 5.78703703704e-07
144 120 120 4.8225308642e-07
168 144 120 3.444664903e-07
ITEMS
79 70 66
88 64 63
90 83 58
75 66 67
89 85 57
98 65 52
71 60 71
89 63 71
31 32 41
86 71 57
39 43 29
77 56 63
38 29 42
58 63 67
56 33 22
88 63 55
37 22 39
26 21 30
71 80 67
57 23 42
97 64 46
59 51 70
71 78 60
78 84 49
64 73 71
35 44 26
58 62 43
87 78 47
68 82 64
86 57 64
79 74 62
90 66 44
43 22 28
91 80 69
42 22 30
43 38 27
57 50 31
73 76 53
84 50 69
64 80 59
68 82 60
61 75 48
78 66 72
90 82 45
82 65 68
86 75 72
70 64 50
64 73 45
83 61 66
36 24 18
73 57 68
61 74 70
81 63 58
75 74 48
81 53 45
32 29 24
88 86 60
98 76 62
41 47 31
83 71 42
85 51 48
45 42 34
29 25 35
81 68 66
77 50 49
56 46 33
84 58 48
70 85 55
63 71 59
96 66 63
68 84 47
91 72 60
99 55 54
96 84 72
56 49 27
100 63 48
88 73 49
49 25 21
70 57 42
25 32 35
31 21 24
63 80 43
65 66 65
76 67 48
79 74 66
87 59 64
60 56 60
42 28 32
99 78 46
84 83 44
40 26 18
79 76 65
47 33 25
31 28 22
25 50 38
70 83 65
67 56 55
95 80 53
83 74 68
80 55 63
52 31 36
94 71 60
74 84 64
49 28 33
61 59 55
83 52 50
97 63 44
74 76 54
96 76 66
46 41 32
60 83 47
84 84 46
98 58 57
26 22 36
92 62 56
71 57 56
78 50 42
77 59 51
58 62 42
52 26 28
80 86 50
30 38 36
100 53 54
57 45 24
66 58 64
98 50 52
33 38 34
75 69 65
53 40 18
58 38 30
