# MHKP instance for submodel V0 of Deplano et al. (2019)
# BINS:  length width height priority
# ITEMS: length width height
# beta (gcd of item sides) = 1
BINS
120 120 120 5.78703703704e-07
144 120 120 4.8225308642e-07
168 144 120 3.444664903e-07
ITEMS
90 54 59
68 64 50
48 34 28
63 56 62
50 49 41
98 70 71
39 35 32
78 59 45
87 81 60
44 39 23
41 39 21
89 52 50
26 30 25
52 48 32
34 46 19
67 56 47
99 58 70
83 60 46
75 74 67
62 50 66
82 70 54
53 46 23
88 60 61
88 80 66
67 52 66
28 28 18
80 66 65
65 79 50
31 49 41
25 40 32
58 41 37
87 76 52
58 57 60
58 72 66
88 53 54
64 74 57
83 60 43
73 52 64
73 77 69
84 52 48
75 57 42
92 56 61
90 77 72
28 34 36
60 70 51
61 65 71
75 63 56
80 68 47
27 41 25
84 64 43
43 37 37
52 36 39
63 60 51
61 55 64
58 79 65
57 33 24
58 77 44
81 77 51
97 56 53
41 45 24
68 73 44
59 71 61
84 60 55
27 31 38
58 25 35
76 83 68
58 67 65
28 32 26
95 58 61
70 60 64
48 21 21
87 80 64
75 52 70
77 81 65
94 81 63
86 78 52
93 60 48
75 52 59
74 56 53
87 77 54
50 24 29
78 63 59
94 72 42
95 80 57
98 74 65
31 32 41
61 72 46
29 50 21
99 55 54
70 51 58
82 77 64
87 62 72
40 23 18
63 56 66
58 67 56
61 85 62
56 31 30
94 76 65
68 73 47
96 54 54
61 66 42
79 79 50
95 51 47
90 84 50
66 82 66
83 62 64
63 85 45
26 28 38
67 54 71
45 37 18
71 72 61
70 67 47
98 52 67
60 59 69
51 28 35
68 55 67
96 75 66
81 64 49
71 66 45
35 37 22
72 60 60
88 51 60
88 61 51
27 25 35
68 78 48
43 48 32
64 75 42
33 32 29
59 55 69
83 53 68
