# MHKP instance for submodel V0 of Deplano et al. (2019)
# BINS:  length width height priority
# ITEMS: length width height
# beta (gcd of item sides) = 1
BINS
120 120 120 5.78703703704e-07
144 120 120 4.8225308642e-07
168 144 120 3.444664903e-07
ITEMS
65 78 61
86 50 44
57 29 19
42 39 25
84 70 70
88 56 54
27 26 37
93 58 54
98 51 59
58 74 50
97 78 44
89 85 48
73 83 49
61 50 65
66 66 61
67 51 72
31 30 20
79 78 66
87 77 72
59 72 67
87 58 48
30 46 34
82 72 70
90 58 61
69 50 59
26 29 37
74 69 57
79 50 43
100 79 58
75 58 71
62 86 55
33 23 27
52 32 38
85 56 72
45 24 24
99 82 72
55 24 18
61 57 71
58 80 47
71 70 46
69 66 49
86 50 42
38 38 20
80 51 66
53 44 38
87 80 57
92 80 43
100 65 52
41 46 33
76 72 65
25 37 28
91 81 45
81 69 69
94 54 56
90 84 72
98 57 72
26 29 20
56 37 25
28 21 32
86 82 45
99 69 45
76 66 51
39 28 32
65 57 55
60 53 53
58 64 47
88 82 70
42 23 41
86 82 52
77 85 59
78 50 56
67 65 49
68 51 60
90 57 57
66 76 67
81 71 42
41 31 34
38 21 32
88 78 56
91 82 63
87 78 50
99 56 43
28 28 32
97 73 49
99 72 70
35 28 31
58 45 36
82 60 48
89 74 53
68 78 58
92 80 56
74 79 45
26 23 22
36 28 40
87 78 51
94 75 46
70 59 54
92 63 62
74 82 71
94 73 66
67 54 47
72 63 69
43 25 35
82 78 45
78 55 71
46 46 37
87 52 56
99 86 55
90 57 69
86 63 54
45 28 25
54 32 27
37 30 21
37 38 30
59 75 70
87 68 69
81 72 51
28 41 26
82 81 65
63 71 68
80 75 61
80 52 51
66 81 51
97 75 50
54 47 34
63 84 60
78 66 59
52 26 31
79 69 52
57 49 36
