# MHKP instance for submodel V0 of Deplano et al. (2019)
# BINS:  length width height priority
# ITEMS: length width height
# beta (gcd of item sides) = 1
BINS
120 120 120 5.78703703704e-07
144 120 120 4.8225308642e-07
168 144 120 3.444664903e-07
ITEMS
85 58 59
74 61 57
72 70 47
61 83 72
99 66 55
95 83 45
80 80 46
74 82 67
69 76 45
80 53 54
94 84 45
48 49 41
81 55 57
79 55 48
96 55 49
44 41 31
89 63 71
98 70 55
45 43 41
84 65 51
74 75 54
79 60 50
83 79 46
71 58 64
100 63 49
84 59 66
87 51 65
72 62 68
26 28 33
97 71 61
44 35 42
89 56 59
63 71 71
71 86 49
43 28 28
71 83 64
99 55 55
100 70 59
38 48 21
38 24 29
46 47 35
74 69 72
99 71 57
58 53 60
37 21 25
62 55 71
60 56 59
51 41 42
55 26 39
48 27 36
53 27 20
91 84 60
66 60 61
94 86 49
33 23 31
78 69 43
66 67 59
79 73 52
67 57 50
38 50 31
97 54 69
51 42 23
99 86 44
97 62 59
87 72 60
95 82 70
45 31 39
60 81 54
58 62 68
51 28 19
58 42 39
36 31 30
58 61 58
58 29 21
73 78 58
67 76 52
72 55 45
55 32 40
61 51 46
64 57 51
90 83 67
28 43 20
67 72 50
62 62 60
95 67 71
37 34 33
70 84 61
78 57 63
27 36 30
87 58 68
68 64 61
34 33 20
79 73 46
91 72 65
97 66 58
86 83 44
69 71 45
36 37 29
72 77 59
96 79 58
78 59 60
63 65 47
82 60 45
72 86 66
70 60 56
61 83 55
42 30 30
75 82 51
41 32 27
99 55 49
76 64 71
91 53 58
89 60 70
72 56 64
83 69 71
30 47 26
45 25 21
84 83 57
100 50 43
64 58 49
87 75 58
39 43 41
72 65 61
84 53 69
78 63 64
39 34 42
64 66 49
34 24 29
75 55 62
83 61 59
