# MHKP instance for submodel V0 of Deplano et al. (2019)
# BINS:  length width height priority
# ITEMS: length width height
# beta (gcd of item sides) = 1
BINS
120 120 120 5.78703703704e-07
144 120 120 4.8225308642e-07
168 144 120 3.444664903e-07
ITEMS
54 32 41
49 49 21
53 46 28
35 50 26
61 74 44
91 80 64
65 50 50
98 60 71
63 64 65
62 72 54
74 75 68
65 67 59
74 84 72
67 69 67
90 75 65
87 58 53
70 74 56
100 71 60
78 85 55
72 54 50
45 41 29
26 46 29
37 45 21
45 34 42
67 62 58
28 49 23
70 60 49
98 73 64
97 86 56
69 56 65
91 84 44
32 21 27
35 24 41
90 51 47
84 72 52
75 62 66
99 68 58
92 57 47
40 30 30
69 78 71
35 21 41
98 79 60
62 64 65
82 56 45
64 58 46
98 75 63
72 58 71
66 76 57
83 57 64
82 84 65
66 80 60
74 83 47
60 55 58
73 70 50
87 79 67
59 71 42
45 50 18
45 21 24
82 72 63
84 54 43
76 81 69
32 38 41
87 85 67
70 60 59
79 59 42
85 71 55
66 50 68
42 24 25
61 56 48
69 59 69
80 63 66
72 79 45
94 83 54
82 81 57
65 82 62
44 39 24
64 72 65
81 55 70
29 43 42
49 21 24
59 55 42
92 62 65
26 40 21
65 59 66
62 70 50
92 59 53
59 68 61
61 50 49
100 54 63
84 57 50
69 85 59
64 64 68
40 29 23
32 37 34
98 85 68
67 77 48
98 57 68
82 57 43
63 69 48
71 69 49
60 75 62
82 69 72
100 65 51
77 52 63
78 51 71
93 66 55
90 85 69
81 65 42
98 60 64
86 58 69
61 73 65
71 58 70
92 62 62
69 63 48
60 54 55
40 29 25
91 53 53
79 50 62
88 73 59
56 34 20
88 53 50
72 78 52
90 85 44
99 72 70
39 42 23
52 40 21
75 71 57
81 68 60
88 53 48
88 65 54
