# MHKP instance for submodel V0 of Deplano et al. (2019)
# BINS:  length width height priority
# ITEMS: length width height
# beta (gcd of item sides) = 1
BINS
120 120 120 5.78703703704e-07
144 120 120 4.8225308642e-07
ITEMS
75 50 55
68 64 65
52 46 52
64 71 60
24 20 22
67 46 69
55 63 72
82 50 62
61 49 47
45 23 20
69 43 44
61 44 65
62 42 47
62 64 72
57 67 64
51 55 58
76 65 46
75 44 43
35 36 35
63 65 44
80 58 55
67 69 42
22 29 22
43 23 42
78 68 61
73 45 64
23 34 18
42 32 20
71 66 42
26 37 26
86 69 56
38 24 18
79 50 42
64 59 43
69 64 44
84 48 59
84 56 53
63 55 53
53 53 55
44 27 33
22 42 38
61 49 44
63 43 58
66 50 60
60 43 62
59 66 61
67 57 42
60 53 68
52 44 46
43 34 27
85 61 68
69 64 58
21 37 21
57 70 51
32 39 19
74 46 60
85 59 47
83 63 54
80 52 62
31 26 27
62 56 44
40 31 26
58 42 71
60 62 58
57 64 59
60 46 43
64 55 63
63 63 57
69 52 55
78 66 56
63 48 55
50 36 36
45 30 20
60 71 44
55 51 67
37 40 31
55 57 57
75 63 66
61 46 43
40 32 37
34 33 34
74 60 48
41 25 32
58 52 60
84 48 46
57 66 49
50 34 22
46 22 32
79 69 48
46 42 41
53 56 67
32 39 42
67 58 65
63 48 65
69 42 47
55 55 62
58 52 61
83 63 70
67 54 46
50 57 46
