# MHKP instance for submodel V0 of Deplano et al. (2019)
# BINS:  length width height priority
# ITEMS: length width height
# beta (gcd of item sides) = 1
BINS
120 120 120 5.78703703704e-07
144 120 120 4.8225308642e-07
ITEMS
82 47 53
66 70 44
86 62 43
42 18 40
86 59 71
23 18 19
52 66 48
37 30 22
27 27 41
63 47 72
30 21 39
58 42 49
83 55 55
81 43 55
32 29 38
79 45 67
54 55 47
37 24 29
63 47 61
21 30 26
70 42 62
59 71 55
56 56 68
52 59 43
48 29 22
55 45 53
64 64 53
71 50 69
72 45 53
69 64 48
70 66 59
74 59 71
61 48 71
73 65 46
56 57 43
21 23 40
79 47 68
86 63 66
46 42 34
24 42 30
51 46 71
45 18 40
65 69 57
86 72 66
67 50 42
64 65 67
85 47 54
80 45 62
77 42 63
26 23 37
54 72 43
32 32 40
34 25 33
49 40 37
81 60 50
80 66 51
23 30 39
54 45 57
30 41 40
58 67 56
55 59 48
71 65 64
32 21 30
84 66 72
26 18 29
73 43 51
63 50 49
76 64 55
58 66 57
27 38 23
64 58 49
53 64 54
64 51 59
34 22 36
72 70 72
67 42 66
78 51 56
74 57 64
27 19 37
83 57 68
37 19 34
80 64 46
56 48 43
79 69 58
74 61 53
45 38 28
23 19 21
66 54 54
24 35 38
28 29 34
64 55 61
35 27 35
75 72 47
41 24 41
50 71 59
78 48 45
48 20 35
43 19 35
54 57 65
61 45 68
