# MHKP instance for submodel V0 of Deplano et al. (2019)
# BINS:  length width height priority
# ITEMS: length width height
# beta (gcd of item sides) = 1
BINS
120 120 120 5.78703703704e-07
144 120 120 4.8225308642e-07
ITEMS
77 56 54
41 22 20
59 62 61
30 20 37
45 27 26
75 50 55
51 62 53
42 34 18
56 63 49
45 28 23
56 61 45
57 69 58
73 61 57
35 26 21
21 28 35
86 54 63
80 58 56
74 60 71
71 52 46
69 68 54
60 52 72
31 20 21
65 66 57
39 39 35
37 37 39
54 57 62
50 69 48
82 45 65
28 22 33
71 60 53
80 61 65
83 57 70
78 69 69
82 69 69
55 59 55
30 24 36
61 66 72
62 44 45
34 38 23
86 47 57
60 44 54
58 55 46
51 66 59
54 63 72
57 70 69
39 34 29
44 27 18
62 61 59
65 45 66
70 47 69
63 70 71
51 50 63
35 23 19
22 22 40
85 57 47
63 68 55
63 46 72
40 31 20
45 26 42
21 20 39
63 65 72
66 44 69
54 60 56
31 36 28
85 61 48
36 29 25
65 58 66
72 43 60
60 60 64
57 60 66
58 42 49
30 34 30
68 61 65
27 41 22
29 24 42
73 48 57
28 20 33
40 26 41
72 44 64
72 45 45
79 44 72
69 49 46
66 59 52
54 64 47
65 60 67
82 67 62
79 61 72
62 52 72
71 44 65
80 44 67
47 28 21
84 68 55
47 23 22
83 46 61
51 49 60
74 51 64
62 57 63
60 56 47
73 65 50
73 61 58
