# MHKP instance for submodel V0 of Deplano et al. (2019)
# BINS:  length width height priority
# ITEMS: length width height
# beta (gcd of item sides) = 1
BINS
120 120 120 5.78703703704e-07
144 120 120 4.8225308642e-07
ITEMS
46 31 38
58 46 45
77 44 52
82 57 67
66 66 59
32 35 40
37 24 24
79 54 67
26 26 28
41 35 33
81 69 43
27 38 42
55 71 49
82 63 49
31 36 23
58 63 46
22 40 32
48 22 42
52 66 65
62 46 69
58 42 54
24 20 30
59 67 53
54 43 58
65 53 66
66 45 47
51 46 65
86 72 55
75 58 67
73 45 42
75 48 62
42 36 18
57 50 54
78 67 55
37 33 42
25 18 31
76 43 42
70 56 56
68 43 43
46 25 37
83 45 46
84 48 60
69 71 49
70 54 54
53 57 61
57 69 45
25 36 23
25 29 31
29 40 29
73 63 58
75 53 72
41 22 42
56 50 49
79 60 72
37 41 18
26 29 32
66 71 50
59 69 54
48 37 21
72 47 55
25 21 39
74 65 55
70 58 72
73 61 62
21 25 27
69 67 62
72 52 44
81 65 43
78 44 59
61 42 45
65 70 51
24 29 29
42 27 41
72 72 42
58 70 62
67 67 63
85 69 60
82 64 72
50 65 47
84 55 62
86 59 72
22 22 24
73 72 52
70 72 60
41 36 22
80 42 44
45 33 31
69 50 52
35 27 21
45 21 36
60 42 50
27 40 18
62 49 51
61 49 50
78 47 70
70 65 45
53 53 59
70 50 60
34 30 32
56 42 43
