# MHKP instance for submodel V0 of Deplano et al. (2019)
# BINS:  length width height priority
# ITEMS: length width height
# beta (gcd of item sides) = 1
BINS
120 120 120 5.78703703704e-07
144 120 120 4.8225308642e-07
ITEMS
49 26 20
57 63 54
47 35 30
79 42 44
58 44 47
25 36 42
33 30 41
61 61 43
45 20 40
61 55 42
66 62 52
59 51 61
81 63 63
79 45 58
51 54 62
73 51 68
56 47 50
24 41 33
40 36 40
66 67 65
50 30 22
63 70 67
83 46 60
58 53 46
50 62 42
75 61 57
30 37 39
49 41 32
65 72 72
56 47 66
74 44 64
75 70 42
60 46 57
50 69 60
76 54 69
46 36 39
67 62 69
75 46 69
22 28 27
50 36 18
85 46 50
68 70 51
80 52 67
81 71 63
78 68 42
64 52 68
83 60 49
67 43 43
83 63 48
86 53 64
48 38 19
41 37 41
57 67 61
73 42 68
86 66 64
51 47 50
50 42 67
73 69 53
62 50 57
49 35 35
85 44 66
84 46 66
78 47 65
77 46 68
66 47 58
41 21 27
85 71 59
76 52 69
42 29 35
52 53 71
25 22 26
31 27 33
57 45 61
75 58 60
40 19 42
83 66 63
30 39 21
84 51 47
82 56 51
69 53 48
41 42 21
28 25 22
26 26 22
23 33 21
30 30 23
40 21 33
48 18 28
57 59 68
74 54 59
38 33 32
84 71 61
59 60 57
50 19 42
49 27 39
81 62 57
52 42 64
71 54 44
62 68 72
56 70 44
65 50 42
