# MHKP instance for submodel V0 of Deplano et al. (2019)
# BINS:  length width height priority
# ITEMS: length width height
# beta (gcd of item sides) = 1
BINS
120 120 120 5.78703703704e-07
ITEMS
48 65 62
30 19 23
52 52 49
30 32 39
64 54 71
59 63 61
44 63 58
72 55 69
71 70 66
45 44 61
55 42 61
68 66 48
48 58 62
27 41 39
51 71 62
71 42 59
60 49 53
69 58 46
19 29 33
24 30 18
53 47 48
66 61 65
47 56 71
45 49 58
67 65 51
63 72 59
24 28 38
66 65 67
24 36 27
26 27 19
25 23 29
70 60 69
68 64 68
25 26 19
37 19 23
62 54 49
52 53 59
68 59 52
59 43 47
65 56 58
46 57 53
53 51 58
60 60 46
23 27 20
33 39 31
61 60 66
24 38 39
30 40 42
60 43 56
43 69 54
