# MHKP instance for submodel V0 of Deplano et al. (2019)
# BINS:  length width height priority
# ITEMS: length width height
# beta (gcd of item sides) = 1
BINS
120 120 120 5.78703703704e-07
ITEMS
62 61 59
46 63 59
57 65 46
58 60 51
61 57 63
44 72 46
54 62 59
19 29 20
53 56 49
66 47 52
24 41 19
65 61 72
71 67 51
58 47 49
55 55 69
43 67 59
23 36 28
57 61 55
18 19 41
20 19 42
53 67 66
37 42 28
52 54 58
43 56 57
66 52 66
32 23 40
19 27 39
62 68 58
58 46 59
46 57 43
48 52 56
34 22 41
72 70 65
42 72 58
25 25 40
59 42 45
42 45 52
26 41 27
19 32 31
60 43 45
27 38 28
48 58 53
37 22 20
50 66 62
45 58 72
69 69 46
68 46 45
43 69 51
58 51 51
44 57 63
