# MHKP instance for submodel V0 of Deplano et al. (2019)
# BINS:  length width height priority
# ITEMS: length width height
# beta (gcd of item sides) = 1
BINS
120 120 120 5.78703703704e-07
ITEMS
30 20 25
48 72 67
44 58 46
63 50 63
52 49 58
30 23 24
30 29 28
42 33 31
64 60 63
49 44 64
42 43 45
61 52 58
47 53 56
20 35 28
41 27 35
50 53 63
26 27 20
41 37 24
56 55 44
42 66 54
68 61 57
26 33 21
52 54 67
56 43 47
62 72 64
41 27 38
54 70 45
37 35 24
57 45 54
39 39 39
35 21 32
55 48 57
34 18 19
39 26 23
35 38 27
70 42 71
44 53 69
72 64 65
59 43 71
62 53 62
20 27 22
30 31 31
66 42 48
36 25 41
29 42 39
64 48 66
71 57 65
51 47 68
51 71 58
61 45 43
