# MHKP instance for submodel V0 of Deplano et al. (2019)
# BINS:  length width height priority
# ITEMS: length width height
# beta (gcd of item sides) = 1
BINS
120 120 120 5.78703703704e-07
ITEMS
57 42 66
59 64 43
53 57 72
65 46 70
42 66 70
51 59 70
46 42 69
61 70 46
42 58 64
67 44 49
65 50 72
33 20 40
20 37 42
51 42 71
52 56 51
50 44 69
51 47 71
45 51 62
40 31 23
26 26 23
61 56 44
44 54 67
65 50 72
43 69 59
64 49 62
69 68 43
66 60 70
64 54 55
65 45 48
68 59 69
38 21 40
59 58 58
65 43 71
60 57 44
18 27 26
65 64 70
25 32 34
49 62 62
59 51 52
55 70 49
45 42 49
28 23 21
45 61 65
61 70 42
60 64 45
65 65 50
31 20 18
62 51 45
45 53 48
51 43 49
