# MHKP instance for submodel V0 of Deplano et al. (2019)
# BINS:  length width height priority
# ITEMS: length width height
# beta (gcd of item sides) = 1
BINS
120 120 120 5.78703703704e-07
ITEMS
57 59 43
18 25 19
20 36 20
47 69 62
57 57 43
69 50 51
51 47 68
53 60 53
54 63 42
43 51 61
38 21 27
72 64 52
66 42 55
50 44 72
63 56 58
42 50 44
41 18 36
52 57 53
70 71 49
32 35 33
57 66 54
51 55 59
65 61 63
54 58 54
26 39 30
66 66 66
69 60 67
50 55 43
67 61 64
66 68 44
54 67 68
43 45 47
43 49 58
54 42 54
71 67 51
66 55 61
61 51 64
45 58 57
71 45 64
71 61 49
61 54 43
51 42 68
56 63 71
46 52 57
34 19 40
37 20 27
37 40 31
62 59 71
57 64 68
67 72 43
