# MHKP instance for submodel V0 of Deplano et al. (2019)
# BINS:  length width height priority
# ITEMS: length width height
# beta (gcd of item sides) = 1
BINS
120 120 120 5.78703703704e-07
ITEMS
47 43 50
69 46 48
50 49 64
31 28 33
26 33 39
30 40 18
24 32 19
57 45 49
62 53 72
52 68 69
43 58 56
57 55 61
31 24 39
48 68 50
69 47 42
19 22 22
32 25 19
35 35 35
25 34 24
59 63 51
50 51 67
68 70 71
50 69 68
59 64 63
61 63 48
47 48 65
47 45 59
30 30 28
26 30 42
71 61 52
21 25 23
65 42 55
53 59 70
50 42 67
35 25 39
42 63 67
71 70 62
28 40 24
49 52 63
62 54 51
62 49 54
24 38 38
43 72 56
64 42 56
48 68 66
42 38 28
37 38 26
28 34 38
28 26 23
54 53 51
