# MHKP instance for submodel V0 of Deplano et al. (2019)
# BINS:  length width height priority
# ITEMS: length width height
# beta (gcd of item sides) = 1
BINS
120 120 120 5.78703703704e-07
ITEMS
72 64 58
31 25 28
26 39 28
60 53 57
56 68 51
18 31 29
42 65 56
45 59 53
43 55 56
57 69 50
51 60 52
60 48 50
67 65 44
47 53 71
47 52 69
55 61 49
42 51 42
40 38 22
59 57 54
40 26 38
33 21 18
22 36 32
56 44 63
65 53 45
68 49 59
57 51 47
20 20 36
47 72 56
47 52 49
55 47 48
65 43 47
59 59 61
31 30 29
64 53 42
44 55 67
33 30 26
38 40 24
72 69 59
64 60 66
44 52 48
38 18 18
70 50 55
41 25 24
57 46 68
43 47 70
59 53 54
48 62 65
27 38 24
57 52 66
33 20 42
