# MHKP instance for submodel V0 of Deplano et al. (2019)
# BINS:  length width height priority
# ITEMS: length width height
# beta (gcd of item sides) = 1
BINS
120 120 120 5.78703703704e-07
ITEMS
33 19 35
64 59 44
69 56 67
19 35 23
49 63 43
27 41 20
52 51 56
27 25 33
65 68 62
38 40 38
64 55 57
34 33 19
59 71 71
71 43 64
68 53 58
67 66 60
49 69 51
58 51 55
51 48 60
46 54 65
68 72 52
35 21 31
52 51 59
59 42 67
23 31 41
46 56 69
58 59 53
58 44 60
63 70 50
66 51 63
70 71 62
21 21 20
50 60 43
65 62 63
71 54 62
63 60 51
46 71 48
19 37 36
48 54 47
71 71 70
28 31 35
42 55 68
34 40 25
62 63 65
42 53 45
39 30 31
42 38 26
46 49 70
56 59 51
51 42 71
