# MHKP instance for submodel V0 of Deplano et al. (2019)
# BINS:  length width height priority
# ITEMS: length width height
# beta (gcd of item sides) = 1
BINS
120 120 120 5.78703703704e-07
ITEMS
32 26 42
42 20 32
67 54 45
33 35 37
72 62 63
42 31 39
61 72 58
50 67 51
41 28 19
68 64 46
52 53 42
40 21 35
63 65 50
37 28 31
33 33 40
71 44 43
59 65 42
39 32 36
71 50 54
65 51 60
71 70 49
60 53 66
71 52 61
58 60 55
66 42 68
57 42 43
18 40 21
41 28 34
57 65 44
55 59 49
47 59 48
47 43 46
21 27 19
25 21 24
56 53 67
65 50 53
45 72 68
52 63 43
59 45 58
51 45 69
46 63 58
53 64 53
51 72 72
63 69 59
38 22 21
42 48 67
52 47 63
61 52 50
24 35 33
56 44 62
