# MHKP instance for submodel V0 of Deplano et al. (2019)
# BINS:  length width height priority
# ITEMS: length width height
# beta (gcd of item sides) = 1
BINS
120 120 120 5.78703703704e-07
ITEMS
35 40 31
64 55 60
48 44 65
22 24 35
51 57 43
23 39 35
23 38 35
64 57 43
45 57 50
61 56 72
53 42 63
70 44 69
28 31 31
60 49 57
44 66 48
67 53 68
69 55 66
39 39 19
30 28 41
60 67 47
60 72 67
25 21 18
23 19 42
61 57 66
57 55 50
50 71 42
47 50 55
65 63 62
54 65 60
42 46 52
33 36 39
42 69 47
46 63 42
72 52 51
38 38 26
59 64 62
32 28 32
61 46 42
66 50 69
54 70 56
43 50 46
35 37 40
45 46 59
53 43 56
22 34 19
51 49 49
56 57 69
20 35 40
65 62 44
42 37 29
