# MHKP instance for submodel V0 of Deplano et al. (2019)
# BINS:  length width height priority
# ITEMS: length width height
# beta (gcd of item sides) = 1
BINS
120 120 120 5.78703703704e-07
144 120 120 4.8225308642e-07
ITEMS
35 38 25
35 24 40
42 28 25
78 49 68
62 68 56
79 51 60
29 36 39
58 49 42
35 27 29
41 25 21
73 60 71
54 69 62
71 63 72
69 42 72
74 50 71
36 37 24
50 46 45
54 64 53
51 65 53
51 62 49
72 55 51
36 26 33
77 51 50
66 55 48
46 41 29
67 53 59
61 69 49
74 59 55
56 65 61
69 65 47
65 46 57
68 44 66
35 34 39
83 44 68
62 42 59
57 42 49
59 70 51
31 36 18
70 71 72
83 45 60
29 28 22
63 50 63
70 46 53
49 32 41
68 45 66
27 35 20
43 23 27
74 43 55
52 46 49
80 64 62
78 60 50
30 37 28
72 48 49
77 52 72
58 50 56
36 31 40
61 56 52
73 57 72
68 44 52
76 72 66
73 71 71
55 53 60
86 66 72
29 22 39
36 34 24
43 27 19
77 46 54
43 21 28
55 64 72
65 68 49
