# MHKP instance for submodel V0 of Deplano et al. (2019)
# BINS:  length width height priority
# ITEMS: length width height
# beta (gcd of item sides) = 1
BINS
120 120 120 5.78703703704e-07
144 120 120 4.8225308642e-07
ITEMS
70 66 43
74 70 43
50 52 67
29 20 38
57 50 50
85 44 67
85 62 47
56 62 46
31 42 30
76 47 48
81 45 55
83 45 46
65 53 43
25 19 34
63 54 70
76 46 64
54 70 50
62 64 44
65 71 45
73 55 71
72 44 49
74 66 43
68 63 46
79 43 72
64 53 57
25 24 34
66 68 57
49 35 26
33 38 28
52 61 68
77 70 70
84 46 70
42 19 18
64 60 43
68 61 71
53 49 42
40 37 28
27 34 21
56 72 62
59 69 54
51 42 66
31 33 27
83 53 57
67 59 67
83 61 62
72 71 70
45 38 19
80 45 50
69 55 47
63 43 70
38 38 41
27 35 20
35 32 28
25 42 33
31 38 28
50 46 68
77 42 44
24 35 38
59 46 56
30 42 23
83 56 61
37 42 19
55 62 62
39 21 42
42 36 19
57 57 48
85 72 48
39 23 18
52 68 59
51 56 60
