# MHKP instance for submodel V0 of Deplano et al. (2019)
# BINS:  length width height priority
# ITEMS: length width height
# beta (gcd of item sides) = 1
BINS
120 120 120 5.78703703704e-07
144 120 120 4.8225308642e-07
ITEMS
42 41 29
82 42 58
83 43 44
42 37 32
53 58 61
84 58 70
63 54 47
66 72 51
73 71 68
57 55 51
65 44 66
51 47 46
45 35 18
58 43 62
25 24 36
27 18 40
56 69 59
72 44 43
83 52 50
47 24 37
42 28 18
49 42 22
82 72 61
73 47 58
74 43 60
22 37 33
53 53 60
57 65 63
25 26 40
70 43 66
84 63 45
58 43 50
55 71 42
77 66 62
58 62 45
31 29 19
33 35 32
82 56 72
77 59 69
51 53 56
48 19 42
53 47 45
70 70 68
63 60 58
33 26 25
57 54 67
30 30 22
78 51 66
37 41 27
82 56 57
82 56 62
34 23 29
72 48 59
82 50 61
42 32 29
82 58 50
32 41 30
66 53 51
45 35 35
58 58 65
33 18 32
85 49 59
68 48 50
77 42 70
65 51 51
65 52 49
57 57 71
65 47 71
60 51 43
36 28 19
