# MHKP instance for submodel V0 of Deplano et al. (2019)
# BINS:  length width height priority
# ITEMS: length width height
# beta (gcd of item sides) = 1
BINS
120 120 120 5.78703703704e-07
144 120 120 4.8225308642e-07
ITEMS
34 24 42
51 55 66
68 46 57
29 18 28
52 63 56
63 66 67
81 43 44
72 57 54
37 30 31
80 55 63
55 64 47
21 19 27
29 37 36
54 48 69
47 36 37
64 57 44
25 23 39
22 24 41
75 56 53
66 45 67
65 56 47
47 34 27
68 58 54
29 27 38
63 61 51
65 43 70
62 67 46
63 52 52
73 54 63
81 62 55
60 68 43
73 60 48
73 57 61
78 45 61
69 51 58
82 50 56
66 60 56
86 55 54
68 47 59
71 49 50
53 46 69
63 72 63
47 39 35
22 42 20
57 47 52
39 29 19
62 69 60
78 60 55
72 54 63
45 27 31
36 20 29
69 67 53
50 25 36
46 32 31
79 71 43
75 45 56
48 33 30
76 51 57
56 47 56
32 27 26
50 31 40
79 68 48
56 59 50
59 49 50
60 65 48
45 42 40
64 69 42
69 45 72
69 71 69
37 36 39
