# MHKP instance for submodel V0 of Deplano et al. (2019)
# BINS:  length width height priority
# ITEMS: length width height
# beta (gcd of item sides) = 1
BINS
120 120 120 5.78703703704e-07
144 120 120 4.8225308642e-07
ITEMS
23 41 18
83 67 54
79 52 66
80 52 65
33 26 25
57 59 51
86 72 58
32 40 31
81 67 63
64 60 57
83 72 69
59 55 42
68 57 60
42 29 32
27 18 21
50 34 24
60 72 45
32 19 23
56 67 56
56 67 51
34 38 28
29 26 32
30 35 22
70 69 42
57 63 44
60 47 68
81 63 71
55 49 62
85 49 65
77 50 55
23 23 37
53 60 59
72 60 61
40 36 24
46 36 18
33 26 40
85 53 56
77 71 57
51 42 63
54 61 52
25 35 19
21 36 35
53 51 54
45 36 31
58 63 52
84 50 68
81 66 72
33 23 18
49 40 21
84 56 64
77 47 70
42 34 34
71 48 67
52 48 47
21 36 24
65 50 52
36 29 37
73 45 68
71 42 53
47 29 25
73 57 60
42 31 23
53 46 42
46 22 26
43 26 34
67 65 61
31 36 27
73 63 44
84 44 49
71 44 56
