112 587 233 220
68 31 48
104 63 80
82 21 46
114 60 78
114 60 78
90 66 74
90 66 74
112 36 54
71 54 64
71 54 64
71 54 64
74 33 53
74 33 53
75 57 62
75 57 62
68 52 62
68 52 62
68 52 62
64 47 49
60 36 39
60 36 39
55 35 45
55 35 45
55 35 45
59 31 35
104 34 47
81 38 74
81 38 74
81 38 74
101 45 77
116 36 55
77 47 71
90 38 73
90 38 73
90 38 73
114 27 68
91 38 67
65 33 58
65 33 58
120 32 47
87 51 87
87 51 87
117 31 72
87 50 66
87 50 66
80 35 42
80 35 42
90 43 74
90 43 74
95 27 79
95 27 79
89 64 67
89 64 67
102 30 89
72 31 36
72 31 36
73 28 31
103 67 97
103 67 97
103 67 97
120 38 79
65 23 57
56 46 53
56 46 53
120 77 89
109 24 31
89 61 85
89 61 85
84 35 58
91 38 68
92 44 81
73 33 72
38 28 29
38 28 29
78 38 62
78 38 62
104 24 67
104 24 67
114 44 52
114 44 52
64 31 54
69 50 66
69 50 66
94 48 57
94 48 57
98 28 62
98 28 62
105 63 70
102 38 66
102 38 66
102 38 66
92 47 51
104 38 74
68 21 63
99 66 89
79 29 44
79 29 44
118 71 89
118 71 89
86 37 78
82 47 49
89 51 70
106 35 86
106 35 86
62 25 44
69 20 65
100 74 87
100 74 87
111 54 90
111 54 90
98 34 60
98 34 60
