128 587 233 220
49 21 25
49 21 25
60 41 51
103 64 76
95 62 70
111 26 49
85 72 84
48 31 36
48 31 36
86 38 76
86 38 76
86 38 76
71 47 48
71 47 48
90 33 43
98 44 52
98 44 52
98 44 52
73 23 37
73 23 37
61 39 48
61 39 48
75 63 75
75 63 75
74 40 42
98 26 88
97 41 69
89 46 77
73 55 64
73 55 64
73 55 64
84 66 69
38 29 37
38 29 37
38 29 37
38 29 37
61 39 47
61 39 47
57 42 44
98 20 79
98 20 79
98 20 79
98 20 79
83 57 76
75 36 62
75 36 62
60 45 55
60 45 55
79 40 64
79 40 64
79 40 64
103 44 76
103 44 76
103 44 76
96 59 82
96 59 82
96 59 82
86 27 51
103 31 54
83 62 71
83 62 71
83 62 71
106 71 76
106 71 76
78 30 58
79 20 25
79 20 25
79 20 25
79 20 25
97 73 94
97 73 94
91 43 87
91 43 87
91 43 87
91 43 87
91 43 87
97 29 48
97 29 48
97 29 48
119 21 25
119 21 25
54 36 49
54 36 49
86 42 70
86 42 70
88 30 67
109 75 82
109 75 82
109 75 82
109 75 82
88 35 39
91 36 81
103 27 97
103 27 97
75 42 49
105 35 49
109 50 57
109 50 57
71 32 55
91 57 57
80 29 66
80 29 66
80 29 66
71 22 30
93 22 47
72 43 55
72 43 55
72 43 55
73 33 46
90 20 83
90 20 83
91 35 76
71 27 67
78 42 71
86 56 71
115 27 35
103 30 73
103 30 73
64 53 63
66 46 51
82 54 77
82 54 77
98 31 97
98 31 97
100 31 62
100 31 62
100 31 62
94 49 65
