119 587 233 220
84 23 81
84 23 81
115 64 72
77 25 49
77 25 49
40 22 37
40 22 37
40 22 37
97 46 96
95 25 43
95 25 43
90 28 69
90 28 69
56 49 51
56 49 51
118 80 93
118 80 93
118 80 93
56 41 47
78 27 71
88 41 62
87 21 53
105 28 47
105 28 47
105 28 47
103 65 68
67 31 64
67 31 64
83 27 37
83 27 37
44 29 31
91 49 69
90 42 61
82 30 81
96 40 67
70 47 55
46 34 37
112 58 76
79 23 41
45 43 43
45 43 43
45 43 43
104 32 74
66 43 43
66 43 43
66 43 43
112 49 79
112 49 79
116 36 98
60 39 56
60 39 56
93 31 87
93 31 87
91 40 88
91 40 88
91 40 88
115 28 72
105 63 67
105 63 67
87 78 86
57 33 44
76 23 46
76 23 46
102 72 92
102 72 92
116 74 79
116 74 79
56 26 54
56 26 54
56 26 54
56 26 54
108 36 74
99 36 82
99 36 82
97 31 31
97 31 31
119 53 77
119 53 77
88 54 55
88 54 55
103 72 100
103 72 100
70 53 55
89 75 77
89 75 77
74 28 34
74 28 34
74 28 34
59 27 41
59 27 41
84 48 73
75 40 68
75 40 68
98 36 64
98 36 64
98 36 64
98 36 64
74 26 28
89 57 73
75 52 66
75 52 66
78 42 44
78 42 44
78 42 44
87 47 77
40 32 40
40 32 40
60 30 38
103 71 84
96 50 90
96 50 90
84 44 54
97 24 96
73 23 41
73 23 41
79 27 60
95 32 50
115 64 71
115 64 71
