130 587 233 220
91 57 58
92 53 78
92 53 78
112 28 48
112 28 48
78 26 47
41 28 40
41 28 40
41 28 40
41 28 40
57 32 47
54 40 47
85 25 80
89 54 86
118 68 94
118 68 94
98 36 63
81 38 42
81 38 42
86 39 59
86 39 59
86 39 59
86 39 59
91 40 67
91 40 67
73 41 61
73 41 61
73 41 61
67 57 59
84 33 75
96 70 88
96 70 88
67 30 44
82 64 76
119 43 45
85 47 66
85 47 66
85 47 66
101 49 74
87 50 57
87 50 57
73 63 69
73 63 69
73 63 69
97 38 54
104 37 56
104 37 56
104 37 56
85 30 44
85 30 44
104 20 88
104 20 88
104 20 88
104 20 88
103 32 94
103 32 94
79 56 60
60 56 57
80 37 72
80 37 72
96 31 39
96 31 39
92 23 29
53 34 46
53 34 46
53 34 46
53 34 46
71 30 53
94 35 80
94 35 80
68 57 68
68 57 68
97 43 57
92 30 42
92 30 42
63 33 36
63 33 36
94 37 55
114 28 51
114 28 51
93 30 89
93 30 89
84 49 51
84 49 51
84 49 51
96 20 79
72 63 71
72 63 71
72 63 71
72 63 71
103 37 56
103 37 56
88 53 68
88 53 68
88 53 68
99 47 64
99 47 64
61 27 37
61 27 37
42 25 39
57 37 46
57 37 46
57 37 46
89 35 75
93 30 91
80 55 71
80 55 71
109 52 94
109 52 94
109 52 94
89 29 40
93 47 79
108 46 84
108 46 84
109 60 69
87 47 57
74 49 70
74 49 70
74 49 70
80 29 57
80 29 57
65 55 60
65 55 60
78 24 72
78 24 72
73 29 51
101 49 58
107 37 66
107 37 66
107 37 66
