135 587 233 220
70 49 63
84 49 54
89 42 70
80 39 48
80 39 48
114 42 47
92 34 62
72 43 66
120 46 55
120 46 55
106 25 62
72 34 53
72 34 53
72 34 53
72 34 53
74 35 44
103 28 71
115 31 35
115 31 35
115 31 35
117 39 62
117 39 62
117 39 62
60 32 32
60 32 32
60 32 32
60 32 32
60 32 32
86 39 80
86 39 80
71 42 70
71 42 70
71 42 70
87 32 58
87 32 58
97 29 44
95 30 61
70 30 41
81 40 45
119 68 76
61 54 55
61 54 55
85 40 52
85 40 52
85 40 52
85 40 52
46 40 43
94 34 76
94 34 76
110 59 70
110 59 70
46 27 33
46 27 33
83 37 40
83 37 40
83 37 40
102 22 48
116 38 80
116 38 80
116 38 80
81 51 65
81 51 65
79 37 69
79 37 69
79 37 69
85 21 41
85 21 41
80 49 71
80 49 71
66 36 65
118 64 71
118 64 71
91 42 65
95 70 74
95 70 74
95 70 74
79 34 47
79 34 47
79 34 47
79 34 47
75 61 67
75 61 67
89 21 76
56 30 33
114 61 71
120 36 48
118 69 74
118 69 74
91 60 86
89 26 77
89 26 77
89 26 77
76 37 44
76 37 44
99 45 56
96 37 48
72 55 66
72 55 66
64 45 62
64 45 62
74 27 46
74 27 46
99 32 62
99 32 62
76 46 50
76 46 50
76 46 50
76 46 50
78 60 72
93 24 70
93 24 70
95 58 59
95 58 59
99 40 51
99 40 51
99 40 51
81 26 64
81 26 64
81 26 64
112 39 99
112 39 99
68 34 36
119 45 48
119 45 48
119 45 48
119 45 48
92 47 58
58 45 50
102 29 48
88 59 67
88 59 67
88 59 67
88 59 67
92 26 44
92 26 44
