111 587 233 220
82 71 80
66 27 37
66 27 37
77 31 76
100 38 56
100 38 56
93 67 86
89 30 76
98 67 90
98 67 90
98 67 90
87 42 52
53 35 42
53 35 42
53 35 42
53 35 42
116 36 53
85 46 79
85 46 79
106 24 91
106 24 91
112 46 84
89 47 56
62 39 51
69 50 67
93 46 74
74 35 48
74 35 48
74 35 48
95 66 87
95 66 87
95 66 87
84 30 54
84 30 54
119 28 40
119 28 40
98 58 60
83 44 57
83 20 83
88 46 51
87 73 76
87 73 76
66 35 56
66 35 56
76 66 72
76 66 72
76 40 63
114 66 97
114 66 97
114 66 97
86 61 81
86 61 81
116 73 79
116 73 79
70 25 25
85 70 76
71 32 39
112 28 37
76 34 75
80 33 73
80 33 73
114 49 71
114 49 71
114 49 71
85 76 77
114 59 83
117 22 74
117 22 74
79 59 61
96 25 40
96 25 40
69 44 57
69 44 57
76 41 50
90 59 77
120 28 42
98 20 35
34 25 30
34 25 30
34 25 30
99 45 67
87 40 48
88 47 71
97 32 97
97 32 97
95 39 44
95 39 44
45 37 40
45 37 40
117 28 76
117 28 76
73 38 58
68 40 55
68 40 55
59 30 33
87 34 80
82 68 71
82 68 71
79 44 51
79 44 51
93 35 75
80 71 76
80 71 76
85 63 77
85 63 77
85 63 77
61 45 49
91 29 33
98 41 59
98 41 59
97 21 30
