117 587 233 220
75 57 58
57 30 37
79 35 74
79 35 74
104 74 99
55 31 46
99 33 98
99 33 98
90 59 85
90 59 85
90 59 85
115 44 74
115 44 74
107 21 67
107 21 67
107 21 67
81 55 76
118 27 84
118 27 84
67 38 60
67 38 60
78 46 48
67 49 53
74 38 43
74 38 43
89 62 81
89 62 81
95 28 54
72 51 72
93 35 72
40 23 33
75 53 66
65 26 49
65 26 49
96 38 61
96 38 61
96 38 61
96 38 61
109 34 55
82 39 54
92 51 77
92 51 77
117 55 56
60 34 38
60 34 38
73 45 59
88 51 73
88 51 73
120 32 47
120 32 47
102 31 71
51 32 49
114 75 88
114 75 88
73 35 64
99 59 90
99 59 90
99 59 90
81 38 48
81 38 48
81 38 48
79 68 71
108 32 97
108 32 97
114 53 66
114 53 66
71 48 67
71 48 67
71 48 67
52 20 47
52 49 51
87 29 49
87 29 49
87 29 49
102 34 80
102 34 80
102 34 80
105 32 98
52 29 37
96 33 44
78 51 64
86 40 55
96 30 60
93 53 57
93 53 57
82 59 71
88 46 84
88 46 84
88 46 84
74 42 60
74 42 60
74 47 59
114 55 60
114 55 60
35 21 34
35 21 34
90 20 88
90 20 88
103 59 73
57 46 49
120 48 77
99 72 76
99 72 76
99 72 76
86 31 60
80 36 49
99 46 86
99 46 86
79 37 59
79 37 59
79 37 59
98 22 92
98 22 92
60 27 60
60 27 60
96 32 41
96 32 41
