139 587 233 220
78 54 59
78 54 59
78 54 59
78 54 59
120 20 52
120 20 52
100 54 67
100 54 67
100 54 67
91 37 59
112 56 57
112 56 57
88 34 46
108 53 78
100 29 48
89 21 88
89 21 88
89 21 88
90 21 40
89 36 37
62 20 53
62 20 53
116 40 48
116 40 48
64 32 49
63 41 56
63 41 56
76 70 75
76 70 75
100 59 81
100 59 81
100 59 81
102 74 95
102 74 95
102 74 95
66 50 56
58 22 33
58 22 33
84 52 53
109 27 63
109 27 63
101 31 32
101 31 32
77 61 72
77 62 72
77 62 72
77 62 72
77 62 72
115 75 78
55 34 35
107 57 72
107 57 72
107 57 72
107 57 72
74 50 58
77 57 63
83 32 42
83 32 42
83 32 42
99 25 55
99 25 55
99 25 55
99 25 55
99 25 55
61 48 53
61 48 53
119 57 57
119 57 57
87 35 67
71 39 48
71 39 48
73 44 56
73 44 56
73 44 56
73 41 71
74 24 64
74 24 64
74 24 64
100 55 71
100 55 71
100 55 71
102 54 73
102 54 73
115 37 58
115 37 58
69 34 65
69 34 65
70 25 63
70 25 63
57 21 34
116 29 48
116 29 48
116 29 48
65 52 54
52 34 48
52 34 48
118 58 71
89 37 48
89 37 48
89 37 48
84 34 47
89 39 60
53 48 51
111 26 51
111 26 51
42 29 40
42 29 40
114 34 60
114 34 60
114 34 60
87 29 76
87 29 76
85 24 65
85 24 65
76 24 72
71 34 66
71 34 66
71 34 66
57 37 47
57 37 47
57 37 47
69 26 54
84 22 55
70 25 34
70 25 34
70 25 34
70 25 34
120 58 96
106 41 45
106 41 45
40 34 38
40 34 38
40 34 38
117 33 44
117 33 44
39 32 33
39 32 33
39 32 33
60 47 47
