127 587 233 220
83 46 71
76 54 63
76 54 63
76 54 63
76 54 63
91 40 56
91 40 56
91 40 56
91 40 56
61 34 42
61 34 42
84 47 67
95 57 79
95 57 79
90 23 80
69 28 43
69 28 43
72 48 69
72 48 69
72 48 69
83 58 64
83 58 64
99 24 94
99 24 94
96 53 69
96 53 69
96 53 69
96 53 69
96 53 69
71 36 70
71 36 70
57 45 52
57 45 52
57 45 52
99 43 71
72 27 71
72 27 71
59 22 37
86 44 56
86 44 56
80 41 55
78 30 58
103 60 71
57 31 47
57 31 47
60 33 36
66 27 48
45 37 40
45 37 40
45 37 40
103 52 68
111 53 78
111 53 78
111 53 78
111 53 78
98 71 81
105 35 35
118 40 41
100 52 61
64 53 56
64 53 56
74 36 42
77 26 27
70 28 34
37 33 35
37 33 35
110 53 74
110 53 74
106 30 33
106 30 33
70 46 69
53 26 44
53 26 44
111 25 80
111 25 80
111 25 80
111 25 80
93 61 77
93 61 77
89 43 58
73 33 63
111 21 90
82 71 77
95 32 66
64 38 44
64 38 44
98 41 71
74 32 43
74 32 43
74 32 43
79 21 78
87 29 78
87 29 78
87 29 78
94 47 68
94 47 68
94 47 68
120 68 78
120 68 78
102 59 79
102 59 79
77 54 66
77 54 66
77 54 66
82 21 45
82 21 45
56 41 55
78 30 39
95 25 69
96 54 92
93 35 67
70 31 41
107 65 87
107 65 87
107 65 87
45 20 42
88 61 62
54 37 41
54 37 41
54 37 41
54 37 41
114 29 44
103 52 84
103 52 84
103 52 84
86 43 44
86 43 44
