120 587 233 220
95 46 92
95 46 92
65 40 60
103 59 62
103 59 62
103 59 62
71 52 65
119 28 87
119 28 87
109 78 92
58 35 54
58 35 54
98 64 73
98 64 73
44 40 44
70 35 69
119 58 61
119 58 61
89 45 55
75 58 68
75 58 68
43 30 37
43 30 37
95 41 77
95 41 77
65 63 63
107 62 70
109 21 69
54 21 34
54 21 34
118 32 45
118 32 45
118 32 45
75 32 50
58 27 46
90 37 55
80 62 78
80 62 78
88 42 43
88 42 43
78 48 67
78 48 67
78 48 67
89 48 81
89 48 81
79 51 69
79 51 69
79 51 69
79 50 75
79 50 75
109 55 86
109 55 86
109 55 86
72 42 44
72 42 44
81 53 55
76 29 54
85 24 44
85 24 44
62 29 47
62 29 47
99 56 77
95 49 73
94 65 83
81 30 62
81 30 62
85 48 58
43 31 37
55 43 54
62 43 53
78 64 78
78 64 78
82 20 82
106 73 78
106 73 78
106 73 78
57 27 31
85 32 35
84 57 73
84 57 73
84 57 73
84 57 73
100 34 73
100 34 73
100 34 73
68 52 57
82 30 80
82 30 80
37 34 37
37 34 37
56 31 46
56 31 46
38 27 37
38 27 37
38 27 37
96 41 70
72 59 64
91 55 69
120 51 63
120 51 63
74 36 57
70 64 68
70 64 68
70 64 68
73 27 51
73 27 51
73 27 51
105 46 90
91 24 41
91 24 41
91 24 41
94 67 69
97 41 50
85 42 43
109 46 80
109 46 80
78 38 63
89 36 71
89 36 71
89 36 71
