108 587 233 220
90 63 70
84 28 78
94 39 85
80 54 76
69 45 50
70 37 57
94 54 61
94 54 61
92 29 44
72 37 53
72 37 53
72 37 53
89 27 43
91 28 44
91 28 44
78 68 76
84 33 61
107 39 40
107 39 40
114 69 75
114 69 75
114 69 75
57 48 55
57 48 55
57 48 55
99 47 57
92 44 66
73 42 48
99 39 46
97 35 82
97 35 82
100 47 53
104 48 62
104 48 62
111 39 67
111 39 67
93 43 70
63 46 49
112 45 75
118 42 58
118 42 58
91 72 83
91 72 83
102 45 45
102 45 45
96 30 92
96 30 92
100 41 87
78 54 72
78 54 72
100 52 64
77 41 69
118 76 88
54 33 41
54 33 41
54 33 41
110 44 94
110 44 94
96 80 80
113 38 73
83 44 50
83 44 50
91 64 67
91 64 67
91 64 67
50 32 32
100 62 88
67 54 66
94 35 62
94 35 62
94 56 77
94 56 77
94 56 77
66 31 54
66 31 54
72 31 57
98 59 67
76 26 33
76 26 33
82 67 80
97 39 44
93 80 91
93 80 91
94 58 67
83 31 78
52 25 52
55 27 31
105 52 79
93 64 74
93 64 74
93 64 74
91 59 61
91 59 61
91 59 61
98 30 92
111 68 97
52 38 45
70 54 57
93 66 73
90 59 68
90 59 68
99 21 61
99 21 61
53 27 32
53 27 32
101 26 33
101 26 33
101 26 33
