112 587 233 220
86 57 65
86 57 65
61 32 37
61 32 37
39 27 33
85 26 33
101 42 94
101 42 94
65 46 53
76 39 72
47 25 42
47 25 42
93 60 76
95 51 74
97 32 66
116 37 78
116 37 78
98 47 53
68 60 63
68 60 63
93 68 91
93 68 91
90 35 88
93 66 71
93 66 71
100 70 89
94 35 84
74 30 40
95 39 63
95 39 63
42 20 36
42 20 36
42 20 36
108 38 73
81 46 66
103 20 95
72 66 70
72 66 70
72 66 70
71 26 67
103 48 66
95 75 94
95 75 94
76 46 59
76 46 59
86 38 86
86 38 86
113 62 75
113 62 75
113 62 75
120 47 75
120 47 75
64 49 58
64 49 58
73 27 39
73 27 39
95 50 93
89 61 79
76 56 63
76 56 63
115 59 66
99 28 46
74 35 73
74 35 73
68 27 67
91 28 39
91 28 39
91 28 39
80 22 75
103 54 60
84 29 72
84 29 72
84 29 72
96 80 80
96 80 80
100 32 52
100 32 52
73 33 43
98 32 71
98 32 71
104 49 90
104 49 90
56 50 51
56 50 51
67 65 65
67 65 65
74 39 51
78 50 61
78 50 61
102 72 88
64 39 58
64 39 58
75 42 53
75 42 53
59 54 58
59 54 58
108 67 76
93 73 78
93 73 78
98 55 86
56 38 39
56 38 39
85 25 51
108 21 85
108 21 85
58 34 38
58 34 38
105 64 71
105 64 71
77 46 47
50 26 47
64 39 60
