144 587 233 220
51 44 46
95 47 92
95 47 92
116 23 39
51 32 37
51 32 37
117 38 44
117 38 44
103 73 89
103 73 89
73 54 55
73 54 55
116 40 98
116 40 98
116 40 98
62 22 48
62 22 48
62 22 48
106 30 38
106 30 38
106 30 38
106 30 38
100 32 40
87 26 53
57 35 35
80 75 75
80 75 75
111 32 88
111 32 88
111 32 88
111 32 88
109 29 42
49 29 35
92 23 65
112 30 32
94 30 90
94 30 90
115 43 80
115 43 80
54 26 41
54 26 41
88 25 43
88 25 43
96 23 66
96 23 66
77 57 75
77 57 75
77 57 75
65 31 36
65 31 36
60 32 56
60 32 56
60 32 56
60 32 56
108 25 52
108 25 52
85 55 78
85 55 78
85 55 78
79 34 65
79 34 65
79 34 65
72 24 35
72 24 35
72 24 35
72 24 35
82 34 60
82 34 60
82 34 60
82 34 60
82 34 60
82 34 60
113 20 33
113 20 33
113 20 33
71 38 42
71 38 42
71 38 42
100 42 80
100 42 80
81 59 62
68 29 49
94 22 46
94 22 46
94 22 46
70 24 48
77 30 40
77 30 40
51 36 47
75 38 40
75 38 40
111 74 93
117 42 86
117 42 86
95 39 94
95 39 94
85 64 67
85 64 67
69 33 66
87 20 41
87 20 41
80 28 56
80 28 56
80 28 56
80 28 56
45 32 38
45 32 38
77 25 38
105 33 71
105 33 71
83 36 67
74 70 70
74 70 70
54 41 42
77 36 46
77 36 46
86 35 83
86 35 83
86 35 83
118 35 65
88 38 69
88 38 69
88 38 69
120 48 84
120 48 84
94 31 61
102 42 61
102 42 61
70 48 66
70 48 66
70 48 66
70 48 66
63 36 39
63 36 39
82 22 50
82 22 50
82 22 50
79 53 67
87 25 82
69 49 65
69 49 65
87 61 87
85 67 77
85 67 77
