# MHKP instance for submodel V0 of Deplano et al. (2019)
# BINS:  length width height priority
# ITEMS: length width height
# beta (gcd of item sides) = 1
BINS
120 120 120 5.78703703704e-07
144 120 120 4.8225308642e-07
168 144 120 3.444664903e-07
ITEMS
75 54 49
57 50 42
70 68 60
77 81 68
78 85 63
65 72 64
83 60 66
73 76 57
62 71 44
70 77 43
86 82 65
65 58 65
51 44 27
70 79 70
57 35 40
76 76 60
76 84 49
60 57 49
47 47 41
95 68 57
31 45 41
67 74 55
54 23 42
59 52 71
69 51 60
78 83 44
79 81 49
89 63 57
74 53 47
73 77 69
56 36 22
58 53 71
50 48 35
61 86 63
28 35 32
88 78 70
68 60 62
75 61 63
73 60 60
96 53 47
85 66 48
53 35 36
37 29 21
92 79 59
77 54 67
54 21 23
69 72 47
76 70 49
53 45 33
92 85 58
58 41 28
97 54 70
58 26 30
33 50 34
77 76 66
90 60 52
31 44 26
78 77 44
91 81 71
61 67 66
71 79 52
91 53 52
82 53 45
44 24 29
78 85 50
69 78 56
98 57 68
31 30 23
92 67 54
91 81 68
42 26 26
68 85 51
80 75 67
75 79 43
90 55 61
90 60 42
48 27 37
65 77 53
55 36 36
51 41 25
55 48 26
65 56 71
64 50 60
46 45 31
58 58 53
72 52 69
69 50 71
75 66 52
26 34 20
77 53 59
64 65 69
40 49 22
29 28 28
39 45 23
52 45 37
83 83 56
67 63 57
97 65 68
89 63 52
81 86 61
77 58 70
89 73 69
25 27 20
86 86 46
27 22 27
87 61 64
81 63 58
96 78 67
45 24 27
55 40 23
97 65 60
59 84 64
93 73 52
38 40 36
59 50 59
47 46 34
31 29 30
61 65 45
92 57 42
80 50 55
83 62 66
43 24 34
95 57 57
63 70 57
83 50 50
35 48 34
68 83 63
83 50 58
93 61 72
76 78 46
45 23 34
85 61 44
90 66 49
95 61 72
95 57 57
85 65 60
68 54 60
61 86 70
72 69 43
83 61 70
95 70 67
86 67 60
63 84 70
82 64 46
96 80 55
37 31 38
31 45 39
37 32 26
63 82 60
80 53 52
58 21 19
33 36 24
86 73 53
85 84 51
58 59 62
44 50 33
92 69 56
30 41 22
31 30 30
95 78 51
95 74 65
66 81 58
97 84 45
58 68 55
95 73 62
83 62 50
66 67 67
35 27 28
67 74 45
76 57 51
68 57 62
60 71 61
33 26 42
36 26 28
34 26 19
45 42 34
60 57 67
41 46 37
83 83 57
40 40 20
78 80 52
44 22 19
40 36 23
42 30 35
91 60 68
76 84 45
49 49 41
87 54 61
85 73 56
64 63 44
65 68 70
58 78 52
37 25 27
83 62 66
40 48 42
88 73 67
79 77 63
80 84 63
32 37 24
46 23 40
