# MHKP instance for submodel V0 of Deplano et al. (2019)
# BINS:  length width height priority
# ITEMS: length width height
# beta (gcd of item sides) = 1
BINS
120 120 120 5.78703703704e-07
144 120 120 4.8225308642e-07
168 144 120 3.444664903e-07
ITEMS
37 23 39
30 47 30
81 57 68
82 52 55
58 46 41
65 72 55
96 69 72
95 66 45
72 58 51
88 59 55
85 68 49
86 80 50
77 74 61
93 57 64
52 49 39
54 39 33
98 74 68
95 54 60
55 22 25
29 30 21
56 44 33
93 75 50
49 46 31
74 86 53
26 45 37
70 74 63
70 61 46
26 23 33
45 43 28
73 79 50
59 52 62
72 73 62
41 30 21
66 70 43
71 50 49
78 70 46
52 42 33
69 71 55
67 56 56
25 42 41
68 71 50
90 77 43
73 58 55
41 50 30
74 73 50
38 25 40
79 62 60
42 50 41
97 77 71
60 57 58
52 27 35
86 64 64
65 64 43
72 62 68
50 32 23
83 86 66
51 33 19
95 54 70
91 61 72
92 64 60
36 39 22
25 33 30
49 47 30
81 61 66
95 67 44
85 72 52
55 37 29
97 67 56
100 78 48
85 65 54
89 50 60
89 77 46
98 78 48
71 77 46
88 66 63
51 32 23
30 30 18
64 77 46
28 31 39
95 61 68
29 22 40
94 57 49
81 75 64
91 79 50
87 54 59
32 26 41
28 48 23
94 54 60
65 85 57
34 28 34
80 74 67
62 60 66
32 31 20
78 61 62
90 63 48
66 78 59
100 79 48
54 48 36
94 59 63
93 58 69
74 77 53
74 63 69
63 68 51
80 73 69
34 46 33
31 40 22
36 27 18
80 86 69
78 73 68
73 83 59
76 69 47
75 65 52
80 75 61
94 50 66
67 86 43
72 80 47
61 63 65
79 66 46
80 55 68
45 42 22
78 83 61
63 73 63
95 69 51
71 71 68
74 52 56
93 86 72
66 70 67
56 44 39
83 71 72
56 44 30
59 83 69
35 38 28
100 70 66
68 69 53
37 45 35
74 81 58
27 36 33
92 54 43
47 30 31
94 61 67
74 54 66
67 80 68
63 57 47
38 37 20
28 47 41
32 43 39
89 57 66
68 55 54
82 52 46
81 61 69
72 50 68
46 27 41
83 51 48
72 77 69
42 32 33
78 67 61
81 53 53
35 30 32
33 34 42
64 62 64
41 24 21
81 83 62
70 50 68
73 84 58
27 43 30
61 71 67
33 33 20
38 26 24
65 54 47
76 82 57
48 44 39
65 67 44
55 47 20
69 72 47
76 71 56
60 59 48
71 50 68
99 70 53
66 85 60
71 59 66
90 79 43
80 71 64
35 30 29
60 51 67
94 76 72
95 67 65
81 82 62
79 75 47
42 32 40
41 46 21
94 72 44
27 37 41
58 24 37
27 40 36
94 78 64
56 44 40
59 59 72
29 24 29
56 36 18
61 54 59
