# MHKP instance for submodel V0 of Deplano et al. (2019)
# BINS:  length width height priority
# ITEMS: length width height
# beta (gcd of item sides) = 1
BINS
120 120 120 5.78703703704e-07
144 120 120 4.8225308642e-07
168 144 120 3.444664903e-07
ITEMS
64 65 50
66 65 43
90 85 51
38 36 38
87 52 63
75 70 47
83 52 68
90 53 69
94 70 53
66 81 49
61 82 61
71 63 53
58 54 70
67 51 56
92 64 72
72 55 48
48 35 21
40 33 27
84 70 54
34 23 42
33 28 42
38 44 24
73 61 47
81 74 44
58 29 20
62 51 48
98 55 55
76 77 66
36 32 21
96 67 53
58 26 25
52 43 30
91 85 52
100 61 49
43 43 29
46 38 24
75 56 43
91 66 49
49 34 26
72 69 66
91 58 57
88 78 65
65 53 71
40 34 19
92 82 66
66 58 61
38 30 39
69 61 69
81 74 46
55 48 38
99 67 65
79 52 69
77 72 71
74 73 42
58 57 70
65 70 58
68 73 43
75 60 70
95 70 61
47 37 38
66 51 62
98 71 43
93 75 55
99 83 49
75 68 49
37 40 20
89 81 44
98 81 60
84 84 70
93 63 66
96 54 56
74 66 54
84 61 50
65 57 49
42 45 41
67 81 42
62 72 50
83 51 58
79 80 51
89 53 51
38 28 40
52 38 21
56 49 37
29 40 28
84 58 45
54 26 28
54 42 41
89 65 65
30 29 36
64 55 45
98 58 50
91 51 51
85 67 51
68 70 68
66 51 72
37 33 37
61 60 56
61 74 56
87 75 56
25 21 29
37 42 39
82 54 57
99 74 70
88 56 47
71 51 55
26 49 37
66 73 64
100 84 48
34 37 36
83 72 42
83 69 50
62 78 65
74 78 65
85 60 49
62 83 68
81 81 64
28 27 34
36 44 30
99 61 69
92 68 57
71 84 51
38 27 20
33 31 41
71 72 45
96 55 42
97 78 66
25 27 29
60 61 65
34 37 37
97 79 50
26 31 39
85 63 50
38 31 26
68 59 63
28 46 30
68 58 59
90 83 43
37 48 41
83 76 59
87 59 62
70 81 48
39 50 19
29 27 42
99 67 57
85 68 68
86 62 71
80 79 50
53 46 20
72 73 58
36 31 18
55 46 23
96 64 59
60 77 48
62 62 46
49 27 22
84 51 62
85 76 42
44 38 41
31 41 19
32 30 29
25 38 19
58 46 35
33 37 36
92 74 55
79 61 63
38 45 20
86 74 47
60 51 51
84 69 56
63 54 49
77 67 63
31 28 40
93 53 44
28 23 27
78 84 48
63 59 56
51 49 20
67 63 66
31 48 19
98 61 65
62 79 66
29 50 18
80 55 69
96 69 67
83 61 59
77 60 65
91 56 49
30 46 35
70 71 49
40 43 34
73 71 72
93 50 44
69 83 64
37 26 24
85 51 50
30 48 20
60 76 47
90 68 57
66 52 66
57 31 23
