# MHKP instance for submodel V0 of Deplano et al. (2019)
# BINS:  length width height priority
# ITEMS: length width height
# beta (gcd of item sides) = 1
BINS
120 120 120 5.78703703704e-07
144 120 120 4.8225308642e-07
168 144 120 3.444664903e-07
ITEMS
100 78 71
87 65 69
84 52 63
94 78 43
28 45 42
91 59 48
95 60 47
95 59 63
38 21 34
77 68 42
28 35 26
37 50 34
82 78 67
50 47 39
72 59 68
68 60 55
89 73 51
78 65 59
38 46 19
68 86 54
83 70 63
97 64 53
56 41 35
89 67 66
82 61 70
40 33 25
82 50 56
77 74 59
91 67 72
31 28 28
42 28 42
54 25 35
59 69 47
39 35 29
81 74 42
96 84 58
31 32 27
96 57 69
68 74 47
29 44 30
60 82 63
58 50 45
88 71 64
50 42 26
61 78 68
82 70 54
96 83 65
90 77 43
38 29 32
50 41 18
81 64 69
40 50 33
75 76 47
94 78 58
33 44 20
79 67 66
33 28 19
68 56 72
63 59 59
69 86 66
96 84 45
29 30 25
26 40 23
69 56 58
45 37 35
64 54 57
94 74 57
79 59 69
97 60 65
74 85 58
97 57 44
90 70 62
97 52 54
99 51 46
73 85 72
97 58 71
100 54 71
77 62 48
70 50 71
71 65 60
73 85 52
78 66 67
78 58 46
89 85 43
61 71 61
36 37 22
37 26 36
69 65 68
95 84 49
51 42 22
68 61 67
94 60 65
96 59 68
81 81 56
71 54 48
72 78 54
86 83 60
86 54 50
79 57 49
33 37 31
92 63 65
44 32 30
84 51 58
57 44 18
45 33 24
92 81 44
67 70 54
30 44 38
87 80 45
96 79 71
84 60 69
92 70 52
68 64 55
27 38 38
69 76 52
77 74 69
64 60 59
82 57 49
98 73 58
56 24 31
66 56 44
73 60 48
65 57 65
97 80 44
26 28 40
83 70 66
55 36 24
65 73 66
81 79 58
37 23 28
90 86 54
93 85 48
70 82 70
64 51 69
62 80 43
66 59 50
59 68 52
25 24 38
91 79 48
28 31 25
95 84 65
38 30 36
55 47 27
75 60 63
59 52 60
81 56 71
51 24 23
66 63 45
93 81 68
77 56 66
99 82 46
81 74 56
64 74 54
76 82 64
92 60 67
56 50 37
84 84 67
93 69 49
68 67 56
43 44 40
36 30 25
92 79 66
99 77 59
33 41 30
53 33 30
86 79 68
96 50 61
45 23 29
42 34 33
72 65 66
73 56 48
68 57 42
58 50 65
95 53 48
93 82 45
85 74 64
69 65 65
59 64 72
78 85 64
79 57 54
27 36 33
62 71 51
86 86 47
58 46 35
42 21 36
85 76 47
87 54 42
81 72 68
70 66 72
52 35 25
73 54 54
96 73 61
60 64 65
82 54 54
32 28 34
36 28 39
64 69 60
29 50 28
58 70 49
83 73 42
