# MHKP instance for submodel V0 of Deplano et al. (2019)
# BINS:  length width height priority
# ITEMS: length width height
# beta (gcd of item sides) = 1
BINS
120 120 120 5.78703703704e-07
144 120 120 4.8225308642e-07
168 144 120 3.444664903e-07
ITEMS
81 58 62
100 62 46
78 72 59
44 43 27
86 68 49
83 85 56
54 21 23
59 59 64
80 72 43
93 56 46
83 55 69
28 28 23
30 40 28
59 62 59
99 50 56
98 59 68
82 51 44
61 70 53
34 25 32
80 62 69
84 77 43
66 70 57
91 75 54
54 44 26
97 81 45
84 71 65
100 62 58
94 53 52
45 49 33
99 54 42
87 59 42
94 83 72
49 47 37
34 34 37
83 73 51
82 61 53
52 27 31
87 68 54
42 30 19
58 25 23
98 55 64
89 61 49
60 67 56
39 47 39
54 43 30
95 65 55
62 72 71
84 50 62
76 77 44
95 59 57
89 80 68
96 75 47
71 83 51
93 74 43
95 79 42
92 51 60
40 31 20
74 73 62
68 51 61
45 21 29
91 78 58
75 54 47
79 59 72
77 83 50
70 75 52
76 81 47
49 50 31
81 86 62
60 70 59
88 51 63
47 34 20
45 27 26
25 42 25
29 37 37
78 79 62
60 72 42
30 46 37
34 47 40
25 38 41
96 81 65
53 43 28
48 50 31
89 77 47
93 72 60
87 84 62
96 72 72
93 74 62
89 50 51
81 83 69
54 36 24
93 61 55
42 38 27
100 77 65
97 50 69
90 63 55
29 28 37
79 73 60
31 22 27
49 23 30
92 75 68
96 54 60
66 54 67
44 40 19
82 57 60
68 61 47
51 42 19
74 51 67
99 74 69
83 59 42
53 38 30
91 53 51
37 50 42
86 61 42
83 74 63
30 24 25
58 31 22
75 79 50
26 47 42
48 48 23
80 61 48
33 30 22
93 62 62
98 55 48
90 65 60
74 63 51
28 43 39
85 60 58
84 84 46
59 72 60
97 66 46
30 43 39
77 75 49
66 70 55
41 27 19
92 81 54
79 69 43
77 76 49
58 63 60
99 84 66
97 58 51
61 69 71
95 62 43
93 57 69
72 61 53
80 78 58
59 74 58
30 40 25
89 69 52
72 81 55
89 54 66
40 37 19
91 70 43
87 71 50
82 77 64
66 73 64
96 62 50
43 24 40
76 66 58
54 42 21
51 40 22
96 73 64
99 65 59
95 70 65
75 50 46
60 51 49
40 32 18
72 75 43
90 51 46
37 45 37
45 50 32
93 74 50
26 29 36
74 51 44
64 71 42
68 61 54
57 30 40
87 51 54
81 64 58
78 56 67
100 66 50
91 59 44
28 49 36
67 59 45
79 86 52
79 61 59
35 39 32
39 35 24
25 39 32
84 64 72
87 62 58
81 73 42
83 77 70
98 76 64
88 70 50
26 35 31
48 36 32
60 56 51
68 82 63
82 74 45
44 49 30
