135 587 233 220
78 47 49
78 47 49
78 47 49
78 47 49
78 47 49
78 47 49
78 47 49
78 47 49
46 43 45
46 43 45
46 43 45
46 43 45
46 43 45
46 43 45
46 43 45
46 43 45
46 43 45
46 43 45
46 43 45
46 43 45
46 43 45
98 36 44
98 36 44
98 36 44
98 36 44
98 36 44
98 36 44
98 36 44
98 36 44
98 36 44
98 36 44
100 31 89
100 31 89
100 31 89
100 31 89
100 31 89
100 31 89
100 31 89
100 31 89
100 31 89
100 31 89
100 31 89
108 47 76
108 47 76
108 47 76
108 47 76
108 47 76
108 47 76
108 47 76
75 28 36
75 28 36
75 28 36
75 28 36
75 28 36
75 28 36
75 28 36
75 28 36
75 28 36
75 28 36
75 28 36
75 28 36
108 56 82
108 56 82
108 56 82
108 56 82
108 56 82
108 56 82
108 56 82
108 56 82
108 56 82
108 56 82
108 56 82
108 56 82
108 56 82
108 56 82
108 56 82
108 56 82
45 24 41
45 24 41
45 24 41
45 24 41
45 24 41
45 24 41
45 24 41
45 24 41
45 24 41
45 24 41
45 24 41
45 24 41
45 24 41
45 24 41
103 38 48
103 38 48
103 38 48
103 38 48
103 38 48
103 38 48
103 38 48
103 38 48
103 38 48
103 38 48
103 38 48
74 46 62
74 46 62
74 46 62
74 46 62
74 46 62
74 46 62
74 46 62
74 46 62
74 46 62
74 46 62
96 44 56
96 44 56
96 44 56
96 44 56
96 44 56
96 44 56
96 44 56
96 44 56
96 44 56
96 44 56
117 42 64
117 42 64
117 42 64
117 42 64
117 42 64
117 42 64
117 42 64
117 42 64
117 42 64
117 42 64
117 42 64
117 42 64
117 42 64
