123 587 233 220
68 31 48
68 31 48
68 31 48
68 31 48
68 31 48
68 31 48
68 31 48
68 31 48
68 31 48
68 31 48
68 31 48
104 63 80
104 63 80
104 63 80
104 63 80
104 63 80
104 63 80
104 63 80
104 63 80
104 63 80
104 63 80
104 63 80
104 63 80
82 21 46
82 21 46
82 21 46
82 21 46
82 21 46
82 21 46
82 21 46
82 21 46
82 21 46
82 21 46
114 60 78
114 60 78
114 60 78
114 60 78
114 60 78
114 60 78
114 60 78
114 60 78
114 60 78
114 60 78
90 66 74
90 66 74
90 66 74
90 66 74
90 66 74
90 66 74
90 66 74
112 36 54
112 36 54
112 36 54
112 36 54
112 36 54
112 36 54
112 36 54
112 36 54
112 36 54
71 54 64
71 54 64
71 54 64
71 54 64
71 54 64
71 54 64
71 54 64
71 54 64
71 54 64
71 54 64
71 54 64
71 54 64
74 33 53
74 33 53
74 33 53
74 33 53
74 33 53
74 33 53
74 33 53
74 33 53
75 57 62
75 57 62
75 57 62
75 57 62
75 57 62
68 52 62
68 52 62
68 52 62
68 52 62
68 52 62
68 52 62
68 52 62
68 52 62
68 52 62
68 52 62
68 52 62
68 52 62
68 52 62
68 52 62
64 47 49
64 47 49
64 47 49
64 47 49
64 47 49
64 47 49
64 47 49
64 47 49
64 47 49
64 47 49
64 47 49
60 36 39
60 36 39
60 36 39
60 36 39
60 36 39
60 36 39
60 36 39
60 36 39
60 36 39
60 36 39
60 36 39
60 36 39
60 36 39
60 36 39
