118 587 233 220
43 39 40
43 39 40
43 39 40
43 39 40
43 39 40
43 39 40
43 39 40
43 39 40
43 39 40
43 39 40
43 39 40
43 39 40
97 40 76
97 40 76
97 40 76
97 40 76
97 40 76
97 40 76
97 40 76
97 40 76
97 40 76
97 40 76
97 40 76
67 47 63
67 47 63
67 47 63
67 47 63
67 47 63
67 47 63
67 47 63
67 47 63
98 38 57
98 38 57
98 38 57
98 38 57
98 38 57
98 38 57
98 38 57
98 38 57
98 38 57
98 38 57
73 27 71
73 27 71
73 27 71
73 27 71
73 27 71
73 27 71
73 27 71
73 27 71
73 27 71
73 27 71
66 41 56
66 41 56
66 41 56
66 41 56
66 41 56
66 41 56
66 41 56
66 41 56
82 72 75
82 72 75
82 72 75
82 72 75
82 72 75
82 72 75
82 72 75
82 72 75
82 72 75
82 72 75
82 72 75
93 43 71
93 43 71
93 43 71
93 43 71
93 43 71
93 43 71
93 43 71
95 28 35
95 28 35
95 28 35
95 28 35
95 28 35
95 28 35
95 28 35
95 28 35
95 28 35
95 28 35
88 68 72
88 68 72
88 68 72
88 68 72
88 68 72
88 68 72
88 68 72
88 68 72
88 68 72
88 68 72
88 35 85
88 35 85
88 35 85
88 35 85
88 35 85
88 35 85
88 35 85
88 35 85
88 35 85
88 35 85
88 35 85
88 35 85
88 35 85
88 35 85
88 35 85
100 69 83
100 69 83
100 69 83
100 69 83
100 69 83
100 69 83
