116 587 233 220
89 50 78
89 50 78
89 50 78
89 50 78
89 50 78
89 50 78
89 50 78
89 50 78
89 50 78
89 50 78
73 46 65
73 46 65
73 46 65
73 46 65
73 46 65
73 46 65
73 46 65
73 46 65
73 46 65
73 46 65
94 39 66
94 39 66
94 39 66
94 39 66
94 39 66
94 39 66
94 39 66
66 42 59
66 42 59
66 42 59
66 42 59
106 70 93
106 70 93
106 70 93
106 70 93
106 70 93
106 70 93
106 70 93
106 70 93
106 70 93
106 70 93
80 62 71
80 62 71
80 62 71
80 62 71
80 62 71
80 62 71
80 62 71
80 62 71
80 62 71
80 62 71
80 62 71
80 62 71
80 62 71
80 62 71
80 62 71
80 62 71
60 26 36
60 26 36
60 26 36
60 26 36
60 26 36
60 26 36
60 26 36
60 26 36
60 26 36
60 26 36
60 26 36
60 26 36
72 31 31
72 31 31
72 31 31
72 31 31
72 31 31
72 31 31
72 31 31
72 31 31
72 31 31
72 31 31
72 31 31
63 31 63
63 31 63
63 31 63
63 31 63
63 31 63
63 31 63
63 31 63
63 31 63
74 23 39
74 23 39
74 23 39
74 23 39
74 23 39
74 23 39
74 23 39
74 23 39
74 23 39
74 23 39
74 23 39
105 52 72
105 52 72
105 52 72
105 52 72
105 52 72
105 52 72
105 52 72
105 52 72
105 52 72
105 52 72
105 52 72
101 45 76
101 45 76
101 45 76
101 45 76
101 45 76
101 45 76
