115 587 233 220
68 27 35
68 27 35
68 27 35
68 27 35
68 27 35
68 27 35
68 27 35
68 27 35
118 43 57
118 43 57
118 43 57
118 43 57
118 43 57
118 43 57
73 36 72
73 36 72
73 36 72
73 36 72
73 36 72
73 36 72
73 36 72
73 36 72
73 36 72
73 36 72
85 50 58
85 50 58
85 50 58
85 50 58
85 50 58
85 50 58
85 50 58
85 50 58
85 50 58
86 33 56
86 33 56
86 33 56
86 33 56
86 33 56
86 33 56
86 33 56
86 33 56
86 33 56
86 33 56
86 33 56
86 33 56
86 33 56
99 31 44
99 31 44
99 31 44
99 31 44
99 31 44
99 31 44
99 31 44
99 31 44
99 31 44
93 49 54
93 49 54
93 49 54
93 49 54
93 49 54
93 49 54
93 49 54
89 26 69
89 26 69
89 26 69
89 26 69
89 26 69
89 26 69
98 74 90
98 74 90
98 74 90
98 74 90
98 74 90
98 74 90
98 74 90
98 74 90
98 74 90
98 74 90
98 74 90
98 74 90
98 74 90
98 74 90
98 74 90
98 74 90
58 46 48
58 46 48
58 46 48
58 46 48
58 46 48
58 46 48
58 46 48
58 46 48
58 46 48
58 46 48
58 46 48
56 22 55
56 22 55
56 22 55
56 22 55
56 22 55
56 22 55
104 59 63
104 59 63
104 59 63
104 59 63
104 59 63
104 59 63
104 59 63
104 59 63
104 59 63
104 59 63
104 59 63
104 59 63
104 59 63
104 59 63
