122 587 233 220
98 44 73
98 44 73
98 44 73
98 44 73
98 44 73
98 44 73
98 44 73
98 44 73
98 44 73
60 38 60
60 38 60
60 38 60
60 38 60
60 38 60
60 38 60
60 38 60
60 38 60
60 38 60
105 60 73
105 60 73
105 60 73
105 60 73
105 60 73
105 60 73
105 60 73
105 60 73
105 60 73
105 60 73
90 52 77
90 52 77
90 52 77
90 52 77
90 52 77
90 52 77
66 24 58
66 24 58
66 24 58
66 24 58
66 24 58
66 24 58
66 24 58
66 24 58
66 24 58
66 24 58
66 24 58
66 24 58
66 24 58
66 24 58
66 24 58
66 24 58
66 24 58
106 55 76
106 55 76
106 55 76
106 55 76
106 55 76
106 55 76
106 55 76
106 55 76
106 55 76
106 55 76
106 55 76
55 36 44
55 36 44
55 36 44
55 36 44
55 36 44
55 36 44
55 36 44
55 36 44
55 36 44
55 36 44
55 36 44
55 36 44
82 23 58
82 23 58
82 23 58
82 23 58
82 23 58
82 23 58
82 23 58
82 23 58
82 23 58
74 58 61
74 58 61
74 58 61
74 58 61
74 58 61
74 58 61
74 58 61
74 58 61
74 58 61
74 58 61
74 58 61
74 58 61
74 58 61
81 24 39
81 24 39
81 24 39
81 24 39
81 24 39
81 24 39
81 24 39
81 24 39
81 24 39
71 39 65
71 39 65
71 39 65
71 39 65
71 39 65
71 39 65
105 47 97
105 47 97
105 47 97
105 47 97
105 47 97
105 47 97
105 47 97
105 47 97
105 47 97
105 47 97
105 47 97
