142 587 233 220
113 33 92
113 33 92
113 33 92
113 33 92
113 33 92
113 33 92
113 33 92
113 33 92
113 33 92
113 33 92
113 33 92
52 28 37
52 28 37
52 28 37
52 28 37
52 28 37
52 28 37
52 28 37
52 28 37
52 28 37
52 28 37
57 29 33
57 29 33
57 29 33
57 29 33
57 29 33
57 29 33
57 29 33
57 29 33
57 29 33
57 29 33
57 29 33
57 29 33
57 29 33
57 29 33
99 30 37
99 30 37
99 30 37
99 30 37
99 30 37
99 30 37
99 30 37
99 30 37
99 30 37
99 30 37
99 30 37
92 33 64
92 33 64
92 33 64
92 33 64
92 33 64
92 33 64
92 33 64
92 33 64
92 33 64
92 33 64
92 33 64
92 33 64
119 39 59
119 39 59
119 39 59
119 39 59
119 39 59
119 39 59
119 39 59
119 39 59
119 39 59
54 49 52
54 49 52
54 49 52
54 49 52
54 49 52
54 49 52
54 49 52
54 49 52
54 49 52
54 49 52
54 49 52
54 49 52
75 35 45
75 35 45
75 35 45
75 35 45
75 35 45
75 35 45
75 35 45
75 35 45
75 35 45
75 35 45
75 35 45
75 35 45
79 44 68
79 44 68
79 44 68
79 44 68
79 44 68
79 44 68
79 44 68
79 44 68
79 44 68
79 44 68
79 44 68
79 44 68
79 44 68
79 44 68
79 44 68
116 47 49
116 47 49
116 47 49
116 47 49
116 47 49
116 47 49
116 47 49
116 47 49
116 47 49
116 47 49
83 23 44
83 23 44
83 23 44
83 23 44
83 23 44
83 23 44
83 23 44
83 23 44
83 23 44
98 56 96
98 56 96
98 56 96
98 56 96
98 56 96
98 56 96
98 56 96
98 56 96
98 56 96
98 56 96
98 56 96
98 56 96
98 56 96
98 56 96
98 56 96
98 56 96
98 56 96
