99 587 233 220
86 36 58
86 36 58
86 36 58
86 36 58
86 36 58
86 36 58
86 36 58
86 36 58
71 22 69
71 22 69
71 22 69
71 22 69
71 22 69
108 54 78
108 54 78
108 54 78
108 54 78
108 54 78
108 54 78
108 54 78
108 54 78
108 54 78
108 54 78
108 54 78
104 57 58
104 57 58
104 57 58
104 57 58
104 57 58
104 57 58
104 57 58
104 57 58
104 57 58
96 58 65
96 58 65
96 58 65
96 58 65
96 58 65
96 58 65
96 58 65
96 58 65
96 58 65
58 26 37
58 26 37
58 26 37
58 26 37
58 26 37
58 26 37
58 26 37
58 26 37
58 26 37
58 26 37
58 26 37
73 49 72
73 49 72
73 49 72
73 49 72
73 49 72
73 49 72
73 49 72
73 49 72
98 56 67
98 56 67
98 56 67
98 56 67
98 56 67
117 23 89
117 23 89
117 23 89
117 23 89
117 23 89
117 23 89
117 23 89
117 23 89
117 23 89
109 73 76
109 73 76
109 73 76
109 73 76
109 73 76
109 73 76
109 73 76
109 73 76
109 73 76
95 34 61
95 34 61
95 34 61
95 34 61
95 34 61
95 34 61
95 34 61
106 49 73
106 49 73
106 49 73
106 49 73
106 49 73
106 49 73
106 49 73
106 49 73
