195 587 233 220
66 36 64
66 36 64
66 36 64
66 36 64
66 36 64
66 36 64
66 36 64
66 36 64
66 36 64
66 36 64
66 36 64
97 49 73
97 49 73
97 49 73
97 49 73
97 49 73
97 49 73
97 49 73
97 49 73
97 49 73
97 49 73
97 49 73
97 49 73
97 49 73
69 43 60
69 43 60
69 43 60
69 43 60
69 43 60
69 43 60
69 43 60
69 43 60
69 43 60
69 43 60
69 43 60
69 43 60
69 43 60
69 43 60
69 43 60
69 43 60
69 43 60
69 43 60
69 43 60
69 43 60
69 43 60
69 43 60
69 43 60
52 20 37
52 20 37
52 20 37
52 20 37
52 20 37
52 20 37
52 20 37
52 20 37
52 20 37
52 20 37
52 20 37
52 20 37
52 20 37
52 20 37
52 20 37
52 20 37
52 20 37
109 37 63
109 37 63
109 37 63
109 37 63
109 37 63
109 37 63
109 37 63
109 37 63
109 37 63
109 37 63
109 37 63
109 37 63
109 37 63
109 37 63
109 37 63
109 37 63
109 37 63
109 37 63
79 24 57
79 24 57
79 24 57
79 24 57
79 24 57
79 24 57
79 24 57
79 24 57
79 24 57
79 24 57
79 24 57
79 24 57
79 24 57
79 24 57
79 24 57
79 24 57
79 24 57
79 24 57
79 24 57
79 24 57
95 22 72
95 22 72
95 22 72
95 22 72
95 22 72
95 22 72
95 22 72
95 22 72
95 22 72
95 22 72
95 22 72
95 22 72
95 22 72
95 22 72
95 22 72
95 22 72
95 22 72
95 22 72
65 39 50
65 39 50
65 39 50
65 39 50
65 39 50
65 39 50
65 39 50
65 39 50
65 39 50
65 39 50
65 39 50
65 39 50
65 39 50
65 39 50
65 39 50
65 39 50
65 39 50
98 30 42
98 30 42
98 30 42
98 30 42
98 30 42
98 30 42
98 30 42
98 30 42
98 30 42
98 30 42
98 30 42
98 30 42
98 30 42
98 30 42
98 30 42
98 30 42
98 30 42
53 36 40
53 36 40
53 36 40
53 36 40
53 36 40
53 36 40
53 36 40
53 36 40
53 36 40
53 36 40
53 36 40
53 36 40
53 36 40
53 36 40
82 51 54
82 51 54
82 51 54
82 51 54
82 51 54
82 51 54
82 51 54
82 51 54
82 51 54
82 51 54
82 51 54
82 51 54
82 51 54
82 51 54
82 51 54
77 31 33
77 31 33
77 31 33
77 31 33
77 31 33
77 31 33
77 31 33
77 31 33
77 31 33
77 31 33
77 31 33
77 31 33
