139 587 233 220
96 31 72
96 31 72
96 31 72
96 31 72
96 31 72
96 31 72
96 31 72
96 31 72
96 31 72
96 31 72
75 47 72
75 47 72
75 47 72
75 47 72
75 47 72
75 47 72
75 47 72
75 47 72
75 47 72
75 47 72
75 47 72
75 47 72
75 47 72
75 47 72
80 20 25
80 20 25
80 20 25
80 20 25
80 20 25
80 20 25
80 20 25
80 20 25
80 20 25
80 20 25
80 20 25
114 61 94
114 61 94
114 61 94
114 61 94
114 61 94
114 61 94
114 61 94
114 61 94
114 61 94
114 61 94
114 61 94
100 39 40
100 39 40
100 39 40
100 39 40
100 39 40
100 39 40
100 39 40
100 39 40
100 39 40
100 39 40
100 39 40
72 48 51
72 48 51
72 48 51
72 48 51
72 48 51
72 48 51
72 48 51
72 48 51
72 48 51
72 48 51
72 48 51
36 24 28
36 24 28
36 24 28
36 24 28
36 24 28
36 24 28
36 24 28
85 35 58
85 35 58
85 35 58
85 35 58
85 35 58
85 35 58
85 35 58
85 35 58
85 35 58
85 35 58
85 35 58
85 35 58
85 35 58
85 35 58
85 35 58
85 35 58
85 58 84
85 58 84
85 58 84
85 58 84
85 58 84
85 58 84
85 58 84
85 58 84
95 24 48
95 24 48
95 24 48
95 24 48
95 24 48
95 24 48
95 24 48
95 24 48
95 24 48
95 24 48
95 24 48
95 24 48
95 24 48
95 24 48
95 24 48
95 24 48
95 24 48
115 25 70
115 25 70
115 25 70
115 25 70
115 25 70
115 25 70
115 25 70
115 25 70
115 25 70
115 25 70
108 42 49
108 42 49
108 42 49
108 42 49
108 42 49
108 42 49
108 42 49
108 42 49
108 42 49
108 42 49
108 42 49
108 42 49
108 42 49
