122 587 233 220
78 27 37
78 27 37
78 27 37
78 27 37
78 27 37
78 27 37
78 27 37
78 27 37
78 27 37
78 27 37
78 27 37
89 25 70
89 25 70
89 25 70
89 25 70
89 25 70
89 25 70
89 25 70
89 25 70
89 25 70
89 25 70
89 25 70
89 25 70
89 25 70
89 25 70
89 25 70
89 25 70
89 25 70
89 25 70
90 41 84
90 41 84
90 41 84
90 41 84
90 41 84
90 41 84
90 41 84
85 42 75
85 42 75
85 42 75
85 42 75
85 42 75
85 42 75
85 42 75
85 42 75
85 42 75
85 42 75
85 42 75
91 44 77
91 44 77
91 44 77
91 44 77
91 44 77
91 44 77
91 44 77
91 44 77
91 44 77
91 44 77
114 71 87
114 71 87
114 71 87
114 71 87
114 71 87
114 71 87
114 71 87
114 71 87
114 71 87
90 25 37
90 25 37
90 25 37
90 25 37
90 25 37
90 25 37
90 25 37
90 25 37
90 25 37
90 25 37
105 77 80
105 77 80
105 77 80
105 77 80
105 77 80
74 50 71
74 50 71
74 50 71
74 50 71
74 50 71
74 50 71
74 50 71
74 50 71
74 50 71
74 50 71
62 55 57
62 55 57
62 55 57
62 55 57
62 55 57
62 55 57
62 55 57
62 55 57
62 55 57
62 55 57
62 55 57
62 55 57
89 26 45
89 26 45
89 26 45
89 26 45
89 26 45
89 26 45
89 26 45
89 26 45
65 47 54
65 47 54
65 47 54
65 47 54
65 47 54
65 47 54
65 47 54
65 47 54
65 47 54
65 47 54
65 47 54
