136 587 233 220
100 28 94
100 28 94
100 28 94
100 28 94
100 28 94
100 28 94
100 28 94
100 28 94
100 28 94
100 28 94
100 28 94
100 28 94
100 28 94
100 28 94
100 28 94
81 66 78
81 66 78
81 66 78
81 66 78
81 66 78
81 66 78
81 66 78
81 66 78
81 66 78
81 66 78
81 66 78
81 66 78
81 66 78
111 21 49
111 21 49
111 21 49
111 21 49
111 21 49
111 21 49
111 21 49
111 21 49
111 21 49
119 37 63
119 37 63
119 37 63
119 37 63
119 37 63
119 37 63
119 37 63
119 37 63
119 37 63
119 37 63
119 37 63
119 37 63
119 37 63
119 37 63
119 37 63
119 37 63
72 30 50
72 30 50
72 30 50
72 30 50
72 30 50
72 30 50
72 30 50
72 30 50
72 30 50
72 30 50
58 40 58
58 40 58
58 40 58
58 40 58
58 40 58
58 40 58
58 40 58
58 40 58
58 40 58
58 40 58
58 40 58
58 40 58
58 40 58
108 29 55
108 29 55
108 29 55
108 29 55
108 29 55
108 29 55
108 29 55
108 29 55
108 29 55
54 38 49
54 38 49
54 38 49
54 38 49
54 38 49
54 38 49
54 38 49
54 38 49
69 44 46
69 44 46
69 44 46
69 44 46
69 44 46
69 44 46
69 44 46
69 44 46
69 44 46
69 44 46
69 44 46
69 44 46
69 44 46
69 44 46
69 44 46
69 44 46
69 44 46
88 61 71
88 61 71
88 61 71
88 61 71
88 61 71
88 61 71
88 61 71
88 61 71
88 61 71
88 61 71
83 35 58
83 35 58
83 35 58
83 35 58
83 35 58
83 35 58
83 35 58
83 35 58
108 37 77
108 37 77
108 37 77
108 37 77
108 37 77
108 37 77
108 37 77
108 37 77
