115 587 233 220
105 46 81
105 46 81
105 46 81
105 46 81
105 46 81
105 46 81
105 46 81
105 46 81
105 46 81
105 46 81
105 46 81
105 46 81
105 46 81
105 46 81
105 46 81
105 46 81
105 46 81
105 46 81
115 61 81
115 61 81
115 61 81
115 61 81
115 61 81
115 61 81
72 23 51
72 23 51
72 23 51
72 23 51
72 23 51
72 23 51
72 23 51
72 23 51
72 23 51
72 23 51
72 23 51
72 23 51
65 33 56
65 33 56
65 33 56
65 33 56
65 33 56
65 33 56
65 33 56
65 33 56
65 33 56
60 21 44
60 21 44
60 21 44
60 21 44
60 21 44
60 21 44
60 21 44
60 21 44
60 21 44
60 21 44
85 65 69
85 65 69
85 65 69
85 65 69
85 65 69
85 65 69
85 65 69
85 65 69
85 65 69
85 65 69
85 65 69
90 35 82
90 35 82
90 35 82
90 35 82
90 35 82
90 35 82
115 64 94
115 64 94
115 64 94
115 64 94
115 64 94
115 64 94
115 64 94
115 64 94
80 33 53
80 33 53
80 33 53
80 33 53
80 33 53
80 33 53
80 33 53
80 33 53
80 33 53
80 33 53
95 37 81
95 37 81
95 37 81
95 37 81
95 37 81
95 37 81
66 45 46
66 45 46
66 45 46
66 45 46
66 45 46
66 45 46
66 45 46
66 45 46
109 25 36
109 25 36
109 25 36
109 25 36
109 25 36
109 25 36
109 25 36
109 25 36
109 25 36
109 25 36
109 25 36
