140 587 233 220
86 45 84
86 45 84
86 45 84
86 45 84
86 45 84
86 45 84
86 45 84
86 45 84
86 45 84
86 45 84
86 45 84
86 45 84
86 45 84
86 45 84
86 45 84
86 45 84
86 45 84
86 45 84
81 34 45
81 34 45
81 34 45
81 34 45
81 34 45
81 34 45
81 34 45
81 34 45
81 34 45
81 34 45
81 34 45
81 34 45
81 34 45
81 34 45
81 34 45
81 34 45
81 34 45
70 37 54
70 37 54
70 37 54
70 37 54
70 37 54
70 37 54
70 37 54
70 37 54
70 37 54
70 37 54
70 37 54
70 37 54
71 52 61
71 52 61
71 52 61
71 52 61
71 52 61
71 52 61
71 52 61
71 52 61
71 52 61
71 52 61
71 52 61
71 52 61
78 40 73
78 40 73
78 40 73
78 40 73
78 40 73
78 40 73
78 40 73
78 40 73
78 40 73
78 40 73
78 40 73
78 40 73
78 40 73
78 40 73
78 40 73
69 46 63
69 46 63
69 46 63
69 46 63
69 46 63
69 46 63
69 46 63
72 56 67
72 56 67
72 56 67
72 56 67
72 56 67
72 56 67
72 56 67
72 56 67
72 56 67
72 56 67
72 56 67
75 36 75
75 36 75
75 36 75
75 36 75
75 36 75
75 36 75
75 36 75
75 36 75
75 36 75
75 36 75
75 36 75
75 36 75
94 50 88
94 50 88
94 50 88
94 50 88
94 50 88
94 50 88
94 50 88
65 50 51
65 50 51
65 50 51
65 50 51
65 50 51
65 50 51
65 50 51
81 46 56
81 46 56
81 46 56
81 46 56
81 46 56
81 46 56
81 46 56
81 46 56
81 46 56
81 46 56
81 46 56
81 46 56
68 27 44
68 27 44
68 27 44
68 27 44
68 27 44
68 27 44
68 27 44
68 27 44
68 27 44
68 27 44
