103 587 233 220
60 36 44
60 36 44
60 36 44
60 36 44
60 36 44
60 36 44
76 40 42
76 40 42
76 40 42
76 40 42
76 40 42
76 40 42
76 40 42
76 40 42
76 40 42
65 48 49
65 48 49
65 48 49
65 48 49
65 48 49
65 48 49
65 48 49
65 48 49
109 51 92
109 51 92
109 51 92
109 51 92
109 51 92
109 51 92
109 51 92
109 51 92
93 31 42
93 31 42
93 31 42
93 31 42
93 31 42
93 31 42
93 31 42
93 31 42
93 31 42
93 31 42
83 59 64
83 59 64
83 59 64
83 59 64
83 59 64
83 59 64
83 59 64
83 59 64
83 59 64
96 55 90
96 55 90
96 55 90
96 55 90
96 55 90
96 55 90
52 31 42
52 31 42
52 31 42
52 31 42
52 31 42
52 31 42
52 31 42
52 31 42
52 31 42
98 61 72
98 61 72
98 61 72
98 61 72
98 61 72
98 61 72
98 61 72
98 61 72
98 61 72
98 61 72
118 57 98
118 57 98
118 57 98
118 57 98
118 57 98
118 57 98
118 57 98
118 57 98
118 57 98
118 57 98
118 57 98
118 57 98
48 25 31
48 25 31
48 25 31
48 25 31
48 25 31
75 50 67
75 50 67
75 50 67
75 50 67
75 50 67
75 50 67
75 50 67
75 50 67
75 50 67
75 50 67
75 50 67
