141 587 233 220
99 62 64
99 62 64
99 62 64
99 62 64
99 62 64
99 62 64
99 62 64
99 62 64
99 62 64
99 62 64
99 62 64
99 62 64
99 62 64
99 62 64
99 62 64
99 62 64
99 62 64
99 62 64
110 37 43
110 37 43
110 37 43
110 37 43
110 37 43
110 37 43
110 37 43
110 37 43
110 37 43
110 37 43
110 37 43
110 37 43
110 37 43
110 37 43
110 37 43
96 50 73
96 50 73
96 50 73
96 50 73
96 50 73
96 50 73
96 50 73
96 50 73
114 35 53
114 35 53
114 35 53
114 35 53
114 35 53
114 35 53
114 35 53
114 35 53
114 35 53
105 22 27
105 22 27
105 22 27
105 22 27
105 22 27
105 22 27
105 22 27
105 22 27
105 22 27
75 51 66
75 51 66
75 51 66
75 51 66
75 51 66
75 51 66
75 51 66
75 51 66
75 51 66
75 51 66
75 51 66
72 48 61
72 48 61
72 48 61
72 48 61
72 48 61
72 48 61
72 48 61
72 48 61
72 48 61
72 48 61
72 48 61
72 48 61
102 32 46
102 32 46
102 32 46
102 32 46
102 32 46
102 32 46
102 32 46
102 32 46
102 32 46
102 32 46
102 32 46
102 32 46
102 32 46
102 32 46
59 45 57
59 45 57
59 45 57
59 45 57
59 45 57
59 45 57
59 45 57
59 45 57
59 45 57
59 45 57
59 45 57
59 45 57
59 45 57
111 33 45
111 33 45
111 33 45
111 33 45
111 33 45
111 33 45
111 33 45
111 33 45
111 33 45
90 58 74
90 58 74
90 58 74
90 58 74
90 58 74
90 58 74
90 58 74
55 34 51
55 34 51
55 34 51
55 34 51
55 34 51
55 34 51
55 34 51
55 34 51
55 34 51
55 34 51
55 34 51
55 34 51
55 34 51
55 34 51
55 34 51
55 34 51
