101 587 233 220
86 69 79
86 69 79
86 69 79
86 69 79
86 69 79
86 69 79
86 69 79
53 31 46
53 31 46
53 31 46
53 31 46
53 31 46
53 31 46
53 31 46
96 37 51
96 37 51
96 37 51
96 37 51
96 37 51
96 37 51
96 37 51
96 37 51
96 37 51
96 37 51
96 37 51
119 54 55
119 54 55
119 54 55
119 54 55
119 54 55
119 54 55
119 54 55
119 54 55
119 54 55
77 37 74
77 37 74
77 37 74
77 37 74
77 37 74
77 37 74
77 37 74
77 37 74
96 24 73
96 24 73
96 24 73
96 24 73
96 24 73
96 24 73
96 24 73
96 24 73
96 24 73
75 54 67
75 54 67
75 54 67
75 54 67
75 54 67
88 61 71
88 61 71
88 61 71
88 61 71
88 61 71
88 61 71
88 61 71
88 61 71
88 61 71
88 61 71
88 61 71
120 46 93
120 46 93
120 46 93
120 46 93
120 46 93
120 46 93
104 69 70
104 69 70
104 69 70
104 69 70
104 69 70
104 69 70
104 69 70
104 69 70
104 69 70
72 61 69
72 61 69
72 61 69
72 61 69
72 61 69
72 61 69
72 61 69
72 61 69
72 61 69
72 61 69
72 61 69
72 61 69
68 43 51
68 43 51
68 43 51
68 43 51
68 43 51
68 43 51
68 43 51
