98 587 233 220
75 57 58
75 57 58
75 57 58
75 57 58
75 57 58
57 30 37
57 30 37
57 30 37
57 30 37
57 30 37
57 30 37
57 30 37
79 35 74
79 35 74
79 35 74
79 35 74
79 35 74
79 35 74
79 35 74
79 35 74
79 35 74
79 35 74
79 35 74
104 74 99
104 74 99
104 74 99
104 74 99
104 74 99
104 74 99
104 74 99
104 74 99
104 74 99
55 31 46
55 31 46
55 31 46
55 31 46
55 31 46
55 31 46
99 33 98
99 33 98
99 33 98
99 33 98
99 33 98
99 33 98
99 33 98
99 33 98
90 59 85
90 59 85
90 59 85
90 59 85
90 59 85
90 59 85
90 59 85
90 59 85
90 59 85
90 59 85
90 59 85
90 59 85
90 59 85
115 44 74
115 44 74
115 44 74
115 44 74
115 44 74
115 44 74
115 44 74
115 44 74
115 44 74
107 21 67
107 21 67
107 21 67
107 21 67
81 55 76
81 55 76
81 55 76
81 55 76
81 55 76
118 27 84
118 27 84
118 27 84
118 27 84
118 27 84
118 27 84
118 27 84
118 27 84
118 27 84
118 27 84
118 27 84
67 38 60
67 38 60
67 38 60
67 38 60
67 38 60
67 38 60
67 38 60
67 38 60
67 38 60
67 38 60
