138 587 233 220
114 42 77
114 42 77
114 42 77
114 42 77
114 42 77
114 42 77
114 42 77
114 42 77
105 74 81
105 74 81
105 74 81
105 74 81
105 74 81
105 74 81
105 74 81
105 74 81
105 74 81
105 74 81
105 74 81
105 74 81
105 74 81
105 74 81
76 50 73
76 50 73
76 50 73
76 50 73
76 50 73
76 50 73
76 50 73
76 50 73
76 50 73
76 50 73
76 50 73
76 50 73
76 50 73
76 50 73
104 41 91
104 41 91
104 41 91
104 41 91
104 41 91
104 41 91
104 41 91
104 41 91
104 41 91
104 41 91
104 41 91
104 41 91
104 41 91
75 23 70
75 23 70
75 23 70
75 23 70
75 23 70
75 23 70
75 23 70
75 23 70
75 23 70
75 23 70
75 23 70
75 23 70
75 23 70
75 23 70
93 20 67
93 20 67
93 20 67
93 20 67
93 20 67
93 20 67
93 20 67
93 20 67
93 20 67
93 20 67
93 20 67
89 25 54
89 25 54
89 25 54
89 25 54
89 25 54
89 25 54
89 25 54
89 25 54
89 25 54
89 25 54
89 25 54
89 25 54
89 25 54
89 25 54
89 25 54
89 28 46
89 28 46
89 28 46
89 28 46
89 28 46
89 28 46
89 28 46
89 28 46
89 28 46
36 24 35
36 24 35
36 24 35
36 24 35
36 24 35
36 24 35
36 24 35
36 24 35
72 29 50
72 29 50
72 29 50
72 29 50
72 29 50
72 29 50
72 29 50
72 29 50
72 29 50
72 29 50
72 38 41
72 38 41
72 38 41
72 38 41
72 38 41
72 38 41
72 38 41
72 38 41
72 38 41
72 38 41
72 38 41
72 38 41
84 24 32
84 24 32
84 24 32
84 24 32
84 24 32
84 24 32
84 24 32
84 24 32
84 24 32
84 24 32
