99 587 233 220
91 33 52
91 33 52
91 33 52
91 33 52
91 33 52
91 33 52
91 33 52
87 63 81
87 63 81
87 63 81
87 63 81
87 63 81
87 63 81
113 45 79
113 45 79
113 45 79
113 45 79
113 45 79
113 45 79
113 45 79
113 45 79
113 45 79
113 45 79
113 45 79
113 45 79
113 45 79
113 45 79
113 45 79
114 45 52
114 45 52
114 45 52
114 45 52
114 45 52
114 45 52
114 45 52
114 45 52
110 66 90
110 66 90
110 66 90
110 66 90
81 31 41
81 31 41
81 31 41
81 31 41
81 31 41
81 31 41
81 31 41
81 31 41
108 37 67
108 37 67
108 37 67
108 37 67
108 37 67
108 37 67
108 37 67
108 37 67
108 37 67
118 57 82
118 57 82
118 57 82
118 57 82
118 57 82
118 57 82
118 57 82
118 57 82
118 57 82
96 30 60
96 30 60
96 30 60
96 30 60
96 30 60
96 30 60
96 30 60
43 36 42
43 36 42
43 36 42
43 36 42
43 36 42
43 36 42
43 36 42
43 36 42
43 36 42
43 36 42
43 36 42
93 77 78
93 77 78
93 77 78
93 77 78
93 77 78
93 77 78
93 77 78
93 77 78
85 25 62
85 25 62
85 25 62
85 25 62
85 25 62
85 25 62
85 25 62
