116 587 233 220
96 63 82
96 63 82
96 63 82
96 63 82
96 63 82
96 63 82
96 63 82
96 63 82
96 63 82
96 63 82
96 63 82
96 63 82
74 59 63
74 59 63
74 59 63
74 59 63
74 59 63
74 59 63
86 43 60
86 43 60
86 43 60
86 43 60
86 43 60
86 43 60
86 43 60
86 43 60
86 43 60
86 43 60
86 43 60
86 43 60
86 43 60
90 57 67
90 57 67
90 57 67
90 57 67
90 57 67
90 57 67
90 57 67
97 80 91
97 80 91
97 80 91
97 80 91
97 80 91
97 80 91
97 80 91
97 80 91
97 80 91
97 80 91
116 28 61
116 28 61
116 28 61
116 28 61
116 28 61
116 28 61
116 28 61
116 28 61
116 28 61
116 28 61
116 28 61
116 28 61
116 28 61
116 28 61
86 35 41
86 35 41
86 35 41
86 35 41
86 35 41
86 35 41
86 35 41
67 26 44
67 26 44
67 26 44
67 26 44
67 26 44
67 26 44
67 26 44
67 26 44
67 26 44
67 26 44
67 26 44
115 31 79
115 31 79
115 31 79
115 31 79
115 31 79
115 31 79
115 31 79
62 46 59
62 46 59
62 46 59
62 46 59
62 46 59
62 46 59
62 46 59
62 46 59
62 46 59
49 39 41
49 39 41
49 39 41
49 39 41
49 39 41
49 39 41
49 39 41
49 39 41
49 39 41
49 39 41
49 39 41
49 39 41
49 39 41
49 39 41
55 33 48
55 33 48
55 33 48
55 33 48
55 33 48
55 33 48
