130 587 233 220
75 69 73
75 69 73
75 69 73
75 69 73
75 69 73
75 69 73
75 69 73
75 69 73
66 40 56
66 40 56
66 40 56
66 40 56
66 40 56
66 40 56
66 40 56
66 40 56
66 40 56
66 40 56
66 40 56
66 40 56
64 41 51
64 41 51
64 41 51
64 41 51
64 41 51
64 41 51
64 41 51
64 41 51
64 41 51
64 41 51
64 41 51
64 41 51
64 41 51
64 41 51
90 28 52
90 28 52
90 28 52
90 28 52
90 28 52
90 28 52
90 28 52
90 28 52
90 28 52
90 28 52
90 28 52
90 28 52
90 28 52
90 28 52
90 28 52
73 28 33
73 28 33
73 28 33
73 28 33
73 28 33
73 28 33
73 28 33
73 28 33
73 28 33
73 28 33
73 28 33
73 28 33
73 28 33
73 28 33
73 28 33
73 28 33
91 60 76
91 60 76
91 60 76
91 60 76
91 60 76
91 60 76
91 60 76
91 60 76
91 60 76
91 60 76
91 60 76
91 60 76
91 60 76
54 28 45
54 28 45
54 28 45
54 28 45
54 28 45
54 28 45
54 28 45
54 28 45
54 28 45
107 56 81
107 56 81
107 56 81
107 56 81
107 56 81
107 56 81
107 56 81
107 56 81
107 56 81
107 56 81
107 56 81
107 56 81
63 44 53
63 44 53
63 44 53
63 44 53
63 44 53
63 44 53
88 50 75
88 50 75
88 50 75
88 50 75
88 50 75
88 50 75
88 50 75
88 50 75
88 50 75
88 50 75
88 50 75
79 20 76
79 20 76
79 20 76
79 20 76
79 20 76
79 20 76
79 20 76
79 20 76
79 20 76
116 66 71
116 66 71
116 66 71
116 66 71
116 66 71
