186 587 233 220
101 20 69
101 20 69
101 20 69
101 20 69
101 20 69
101 20 69
101 20 69
101 20 69
101 20 69
101 20 69
101 20 69
101 20 69
101 20 69
101 20 69
108 54 66
108 54 66
108 54 66
108 54 66
108 54 66
108 54 66
108 54 66
108 54 66
108 54 66
108 54 66
108 54 66
108 54 66
108 54 66
108 54 66
74 33 62
74 33 62
74 33 62
74 33 62
74 33 62
74 33 62
74 33 62
74 33 62
74 33 62
74 33 62
74 33 62
74 33 62
69 33 61
69 33 61
69 33 61
69 33 61
69 33 61
69 33 61
69 33 61
69 33 61
69 33 61
69 33 61
69 33 61
69 33 61
69 33 61
69 33 61
69 33 61
69 33 61
71 31 64
71 31 64
71 31 64
71 31 64
71 31 64
71 31 64
71 31 64
71 31 64
71 31 64
71 31 64
71 31 64
71 31 64
71 31 64
71 31 64
71 31 64
71 31 64
71 31 64
71 31 64
71 31 64
71 31 64
71 31 64
71 31 64
71 31 64
71 31 64
38 30 32
38 30 32
38 30 32
38 30 32
38 30 32
38 30 32
38 30 32
38 30 32
38 30 32
38 30 32
38 30 32
38 30 32
38 30 32
38 30 32
108 37 47
108 37 47
108 37 47
108 37 47
108 37 47
108 37 47
108 37 47
108 37 47
108 37 47
108 37 47
108 37 47
108 37 47
108 37 47
108 37 47
108 37 47
108 37 47
108 37 47
100 36 41
100 36 41
100 36 41
100 36 41
100 36 41
100 36 41
100 36 41
100 36 41
100 36 41
100 36 41
100 36 41
100 36 41
100 36 41
99 39 79
99 39 79
99 39 79
99 39 79
99 39 79
99 39 79
99 39 79
99 39 79
99 39 79
99 39 79
99 39 79
83 22 55
83 22 55
83 22 55
83 22 55
83 22 55
83 22 55
83 22 55
83 22 55
83 22 55
83 22 55
83 22 55
83 22 55
83 22 55
83 22 55
83 22 55
83 22 55
99 36 49
99 36 49
99 36 49
99 36 49
99 36 49
99 36 49
99 36 49
99 36 49
99 36 49
99 36 49
99 36 49
99 36 49
99 36 49
99 36 49
99 36 49
83 22 56
83 22 56
83 22 56
83 22 56
83 22 56
83 22 56
83 22 56
83 22 56
83 22 56
83 22 56
83 22 56
83 22 56
83 22 56
83 22 56
83 22 56
83 22 56
83 22 56
83 22 56
83 22 56
83 22 56
