133 587 233 220
106 38 55
106 38 55
106 38 55
106 38 55
106 38 55
106 38 55
106 38 55
106 38 55
106 38 55
106 38 55
106 38 55
106 38 55
69 48 50
69 48 50
69 48 50
69 48 50
69 48 50
69 48 50
69 48 50
69 48 50
69 48 50
69 48 50
69 48 50
69 48 50
69 48 50
69 48 50
69 48 50
69 48 50
69 48 50
69 48 50
69 48 50
106 57 63
106 57 63
106 57 63
106 57 63
106 57 63
106 57 63
106 57 63
106 57 63
106 57 63
106 57 63
106 57 63
71 51 66
71 51 66
71 51 66
71 51 66
71 51 66
71 51 66
71 51 66
71 51 66
71 51 66
71 51 66
71 51 66
62 36 41
62 36 41
62 36 41
62 36 41
62 36 41
62 36 41
62 36 41
62 36 41
62 36 41
62 36 41
62 36 41
62 36 41
62 36 41
62 36 41
62 36 41
75 39 49
75 39 49
75 39 49
75 39 49
75 39 49
90 53 64
90 53 64
90 53 64
90 53 64
90 53 64
90 53 64
90 53 64
90 53 64
90 53 64
90 53 64
96 55 79
96 55 79
96 55 79
96 55 79
96 55 79
96 55 79
96 55 79
96 55 79
96 55 79
83 67 75
83 67 75
83 67 75
83 67 75
83 67 75
83 67 75
83 67 75
83 67 75
83 67 75
83 67 75
83 67 75
83 67 75
58 30 48
58 30 48
58 30 48
58 30 48
58 30 48
58 30 48
58 30 48
58 30 48
58 30 48
58 30 48
58 30 48
58 30 48
81 24 59
81 24 59
81 24 59
81 24 59
81 24 59
81 24 59
81 24 59
71 41 56
71 41 56
71 41 56
71 41 56
71 41 56
71 41 56
71 41 56
71 41 56
71 41 56
71 41 56
