135 587 233 220
51 44 46
51 44 46
51 44 46
51 44 46
51 44 46
51 44 46
51 44 46
51 44 46
51 44 46
51 44 46
51 44 46
51 44 46
51 44 46
51 44 46
51 44 46
51 44 46
51 44 46
51 44 46
51 44 46
51 44 46
95 47 92
95 47 92
95 47 92
95 47 92
95 47 92
95 47 92
95 47 92
95 47 92
95 47 92
95 47 92
95 47 92
95 47 92
95 47 92
95 47 92
95 47 92
95 47 92
116 23 39
116 23 39
116 23 39
116 23 39
116 23 39
116 23 39
116 23 39
116 23 39
116 23 39
116 23 39
116 23 39
116 23 39
51 32 37
51 32 37
51 32 37
51 32 37
51 32 37
51 32 37
51 32 37
51 32 37
117 38 44
117 38 44
117 38 44
117 38 44
117 38 44
117 38 44
117 38 44
117 38 44
103 73 89
103 73 89
103 73 89
103 73 89
103 73 89
103 73 89
103 73 89
103 73 89
103 73 89
73 54 55
73 54 55
73 54 55
73 54 55
73 54 55
73 54 55
73 54 55
73 54 55
73 54 55
73 54 55
73 54 55
73 54 55
73 54 55
116 40 98
116 40 98
116 40 98
116 40 98
116 40 98
116 40 98
116 40 98
116 40 98
116 40 98
116 40 98
62 22 48
62 22 48
62 22 48
62 22 48
62 22 48
62 22 48
62 22 48
62 22 48
62 22 48
106 30 38
106 30 38
106 30 38
106 30 38
106 30 38
106 30 38
106 30 38
106 30 38
100 32 40
100 32 40
100 32 40
100 32 40
100 32 40
100 32 40
100 32 40
100 32 40
100 32 40
100 32 40
100 32 40
100 32 40
100 32 40
100 32 40
87 26 53
87 26 53
87 26 53
87 26 53
87 26 53
87 26 53
87 26 53
87 26 53
