# MHKP instance for submodel V0 of Deplano et al. (2019)
# BINS:  length width height priority
# ITEMS: length width height
# beta (gcd of item sides) = 1
BINS
120 120 120 5.78703703704e-07
ITEMS
44 53 57
59 58 66
47 67 63
60 64 43
56 71 65
52 42 63
24 20 36
65 58 64
71 56 57
24 22 24
62 58 48
45 67 72
43 44 45
44 50 47
45 52 67
60 59 67
30 18 36
65 55 61
53 56 47
60 53 67
70 68 55
24 32 34
63 57 69
61 62 48
43 43 57
45 71 65
49 57 55
63 43 50
58 51 55
25 38 21
70 71 43
62 62 54
55 46 72
50 61 72
64 48 53
60 51 47
71 64 43
57 60 44
27 29 25
71 54 44
51 72 45
69 56 49
45 58 48
22 27 37
54 72 65
65 46 53
53 60 53
43 72 49
26 21 41
51 67 42
36 19 29
45 63 57
54 71 43
61 65 63
52 71 47
42 43 43
31 37 39
21 18 23
33 36 36
61 49 68
26 21 41
59 72 52
45 52 65
62 42 45
30 18 33
60 45 62
71 62 71
70 70 65
67 55 72
65 46 61
18 33 27
40 24 24
39 18 30
41 27 31
36 38 30
68 59 67
59 43 69
40 21 37
50 68 47
64 42 50
61 68 45
46 57 53
45 68 54
71 52 72
43 44 69
49 48 60
56 51 69
43 67 68
66 45 65
56 44 55
42 71 56
58 61 50
56 70 64
55 47 51
47 68 43
56 63 47
41 29 26
56 54 64
68 69 71
67 54 64
63 45 72
37 41 29
30 42 34
49 57 72
50 57 57
54 55 54
60 54 61
53 49 59
64 50 43
69 64 62
26 34 30
31 33 28
26 33 37
52 68 47
60 45 63
56 43 43
60 46 59
49 43 65
62 66 67
46 60 57
