# MHKP instance for submodel V0 of Deplano et al. (2019)
# BINS:  length width height priority
# ITEMS: length width height
# beta (gcd of item sides) = 1
BINS
120 120 120 5.78703703704e-07
ITEMS
71 63 68
55 61 43
65 72 57
53 51 45
57 64 64
71 72 54
46 56 46
54 44 43
30 25 18
63 61 54
72 72 69
68 62 72
32 25 28
55 58 68
57 49 56
51 57 55
37 18 27
48 67 60
68 67 68
23 18 34
22 29 37
70 57 42
69 64 61
25 19 30
55 60 47
38 33 29
27 42 27
26 38 40
69 59 71
32 27 27
44 44 68
65 42 48
61 57 50
29 33 19
58 57 55
72 64 70
51 42 72
29 24 38
58 52 68
62 54 67
39 29 33
66 67 56
60 47 52
68 55 59
62 55 52
41 29 26
48 72 64
40 33 35
65 61 57
70 66 64
59 69 62
47 47 61
62 51 66
69 46 68
21 31 41
56 51 44
72 63 70
45 60 47
50 55 63
44 55 63
44 71 49
55 71 61
53 52 52
50 54 50
67 68 58
39 32 26
62 54 59
70 54 50
69 71 57
49 70 62
34 39 38
47 72 61
53 54 50
45 62 56
72 66 71
69 45 71
60 61 55
43 61 69
44 56 48
29 38 18
63 53 68
48 71 46
56 50 59
51 70 43
47 72 50
57 46 59
50 70 69
44 54 53
34 20 19
34 35 25
52 46 47
53 65 54
50 44 65
57 72 53
62 43 47
58 53 63
72 53 57
36 18 36
19 38 21
63 44 48
42 42 34
54 72 50
32 26 21
26 20 25
55 63 43
59 61 46
43 42 70
34 38 37
27 23 37
69 47 46
47 72 62
54 58 61
26 27 24
60 56 69
59 53 49
53 62 48
46 70 45
52 64 57
46 46 54
66 69 70
