# MHKP instance for submodel V0 of Deplano et al. (2019)
# BINS:  length width height priority
# ITEMS: length width height
# beta (gcd of item sides) = 1
BINS
120 120 120 5.78703703704e-07
ITEMS
47 46 57
68 71 54
35 34 39
33 26 39
53 47 49
57 55 65
42 24 38
56 56 64
71 70 53
56 42 51
31 23 28
68 56 54
52 71 43
42 44 56
26 18 42
42 72 60
67 49 64
59 63 45
61 55 45
55 56 59
66 70 51
58 71 71
51 51 62
60 42 64
39 27 39
50 61 58
67 62 55
44 68 67
42 68 43
72 71 67
52 67 66
60 54 70
45 61 49
71 51 69
43 44 54
71 58 49
66 70 61
47 55 58
53 70 48
46 60 53
25 26 39
72 69 43
44 65 64
50 70 63
65 54 62
69 54 51
44 43 42
60 60 67
20 20 39
62 65 65
49 49 62
44 45 45
68 69 59
28 27 18
58 71 63
68 56 43
26 30 33
58 59 71
71 45 49
67 51 57
34 38 31
47 58 68
64 44 53
49 63 61
69 61 44
42 65 54
24 32 20
23 31 42
32 20 37
70 47 66
59 64 64
64 57 67
55 70 65
64 49 45
55 42 59
35 19 31
36 21 25
55 54 63
41 20 36
52 50 70
37 22 26
59 63 67
25 23 22
71 42 72
70 68 43
18 20 37
70 50 62
50 48 59
53 66 58
56 53 50
45 47 53
60 49 43
44 43 46
21 19 39
67 58 65
20 35 26
34 38 21
25 42 36
35 40 39
68 57 62
72 55 55
26 31 35
71 49 42
49 67 51
44 60 50
70 46 53
30 22 33
49 59 42
56 51 42
50 62 67
62 54 64
35 35 19
43 66 72
32 39 24
50 62 71
30 37 30
45 45 55
19 34 25
40 39 19
55 47 51
