# MHKP instance for submodel V0 of Deplano et al. (2019)
# BINS:  length width height priority
# ITEMS: length width height
# beta (gcd of item sides) = 1
BINS
120 120 120 5.78703703704e-07
ITEMS
56 47 51
40 33 22
63 49 45
60 55 70
42 24 31
55 60 57
71 42 68
64 48 47
69 47 48
32 29 25
63 50 52
46 60 63
56 48 44
52 50 60
69 52 43
63 66 57
56 55 46
66 68 47
19 33 24
58 72 51
55 46 43
64 49 44
51 54 48
59 62 45
42 28 38
54 48 56
56 53 61
18 25 23
18 32 25
61 61 57
43 53 47
28 22 23
52 62 45
72 57 51
45 71 61
62 52 46
56 68 49
45 46 56
21 31 30
19 25 34
50 60 46
66 52 55
48 45 47
72 69 48
71 43 69
51 42 46
67 62 72
47 72 61
67 72 45
23 25 31
72 43 57
66 50 71
42 53 61
65 68 58
68 53 52
63 45 51
66 46 54
64 56 69
65 46 71
56 51 43
48 51 47
58 66 62
42 67 70
30 32 27
43 64 53
24 42 26
39 29 38
62 72 50
58 55 42
28 41 24
58 55 56
68 65 59
58 45 44
18 28 27
23 41 35
38 38 35
65 66 45
45 72 50
49 47 46
60 65 43
45 72 47
61 52 64
61 47 59
69 44 62
64 59 69
58 45 49
42 63 52
47 61 62
21 30 36
32 21 30
38 38 37
44 46 42
62 72 46
45 66 63
61 57 42
47 58 50
65 59 65
46 46 55
57 66 47
60 53 63
54 66 65
24 29 28
62 44 71
68 71 52
20 30 40
50 49 65
48 42 57
46 48 69
68 51 66
67 44 44
20 33 19
63 55 65
60 69 64
68 71 57
32 26 19
25 37 40
29 26 33
29 20 21
54 45 55
65 69 50
