# MHKP instance for submodel V0 of Deplano et al. (2019)
# BINS:  length width height priority
# ITEMS: length width height
# beta (gcd of item sides) = 1
BINS
120 120 120 5.78703703704e-07
ITEMS
63 63 48
59 57 64
50 56 65
65 66 56
43 58 67
65 51 72
18 22 19
64 57 54
26 30 30
71 43 42
64 58 58
49 53 51
18 18 26
70 65 54
46 64 68
36 40 42
42 44 56
26 32 32
33 35 25
50 68 42
64 50 49
45 43 53
24 25 42
54 65 56
42 63 65
22 42 34
52 61 51
19 41 21
41 21 28
32 22 31
44 70 69
60 43 60
24 28 29
35 34 21
18 34 26
70 61 68
62 71 62
42 42 72
66 59 46
52 51 58
68 53 64
72 44 67
31 41 20
42 57 66
38 27 37
47 45 63
58 47 44
33 34 35
20 30 23
31 33 27
36 40 25
50 54 54
45 63 43
72 47 60
25 37 23
42 53 63
32 19 33
61 62 70
63 61 57
31 34 39
57 52 55
58 54 66
26 18 25
71 49 69
70 42 61
70 64 58
22 35 29
56 49 71
58 68 55
18 24 23
39 18 19
72 46 51
26 26 32
70 47 43
58 69 50
51 55 58
53 71 62
48 60 43
65 48 59
34 40 38
67 50 51
19 34 36
56 63 60
67 63 54
43 70 61
35 20 31
39 36 28
69 51 46
65 69 57
49 47 48
63 54 68
35 41 30
52 49 48
71 72 55
39 27 25
31 19 26
42 65 51
24 29 35
52 69 59
70 44 44
68 69 55
32 39 30
49 65 69
67 63 58
36 22 19
71 61 65
52 60 59
53 67 67
48 56 46
65 61 69
22 40 28
68 53 67
69 48 70
63 71 47
52 49 67
42 58 54
70 46 63
34 39 37
30 40 30
27 19 38
