# MHKP instance for submodel V0 of Deplano et al. (2019)
# BINS:  length width height priority
# ITEMS: length width height
# beta (gcd of item sides) = 1
BINS
120 120 120 5.78703703704e-07
ITEMS
23 38 29
24 31 32
48 58 69
67 53 45
58 54 59
67 57 47
54 63 60
53 70 45
59 60 61
67 62 42
35 42 39
58 48 53
62 67 58
69 49 47
19 19 26
69 48 46
57 61 47
24 26 33
63 60 69
68 71 57
71 54 55
39 38 18
54 62 62
60 49 53
44 58 56
45 59 70
30 22 32
33 36 32
48 61 67
29 21 40
45 64 45
37 39 23
28 28 27
71 42 61
49 55 68
26 35 31
28 21 41
66 61 51
62 72 50
37 26 27
60 47 54
60 71 72
26 27 29
19 19 27
48 51 48
68 70 42
54 68 55
51 54 45
38 31 42
43 58 58
27 33 33
45 66 52
42 25 22
23 20 27
28 35 23
65 62 69
69 61 52
22 41 38
48 53 43
71 63 44
62 63 55
31 24 32
67 60 51
50 44 42
45 68 67
33 38 25
60 52 42
61 47 57
39 29 38
36 21 19
50 57 70
57 64 55
45 45 50
46 56 52
72 54 72
72 56 70
22 29 28
38 28 33
47 59 47
31 20 26
27 41 42
59 60 42
44 68 67
44 65 68
63 51 67
57 42 70
72 53 43
72 71 64
22 18 34
42 63 42
44 50 52
70 44 72
50 57 65
69 59 46
55 68 48
57 57 61
36 39 20
21 35 22
48 70 61
22 23 22
24 40 40
52 45 66
37 38 19
69 51 57
56 66 68
35 42 37
34 27 37
64 64 71
20 22 28
44 58 51
45 43 60
50 62 49
59 65 51
62 64 45
62 55 62
60 65 62
43 53 57
21 36 30
61 57 55
58 64 68
