# MHKP instance for submodel V0 of Deplano et al. (2019)
# BINS:  length width height priority
# ITEMS: length width height
# beta (gcd of item sides) = 1
BINS
120 120 120 5.78703703704e-07
ITEMS
62 52 59
59 46 57
28 23 31
55 51 56
67 61 56
34 31 37
36 19 21
51 47 58
51 60 68
66 44 62
41 30 19
23 32 33
61 49 47
54 63 44
42 24 39
59 51 51
66 44 44
55 49 64
69 59 49
20 28 27
69 60 61
53 53 49
71 51 43
22 25 39
24 37 20
48 61 70
47 67 64
23 22 29
48 46 71
38 36 18
35 40 42
63 61 72
70 65 66
32 42 25
45 63 52
21 24 25
65 49 72
21 20 26
46 64 53
54 69 54
59 63 69
69 71 67
39 19 36
61 63 69
60 61 68
42 59 47
46 64 55
21 32 36
45 58 66
22 19 29
62 42 69
44 48 64
65 54 63
44 51 59
57 43 60
52 46 59
61 43 66
70 59 43
64 48 67
42 50 69
57 53 42
53 66 58
40 30 19
41 23 27
68 64 67
57 55 51
64 54 64
50 60 71
59 51 60
19 28 32
42 52 71
42 37 42
47 72 42
60 66 59
49 47 62
44 57 43
32 23 33
30 42 39
38 26 35
64 51 49
26 34 22
34 21 38
51 48 72
65 63 65
41 18 33
38 32 22
53 59 42
41 36 25
46 62 58
70 51 50
70 70 70
43 58 56
69 60 58
18 29 25
67 64 52
68 67 69
39 36 32
49 48 60
47 59 44
59 54 63
65 70 65
64 42 69
65 61 45
42 57 69
38 33 29
30 37 27
71 46 51
59 44 64
28 19 39
44 70 67
59 68 65
46 42 60
66 52 48
25 37 21
32 36 33
56 59 54
49 45 46
28 30 29
70 64 68
51 62 49
