# MHKP instance for submodel V0 of Deplano et al. (2019)
# BINS:  length width height priority
# ITEMS: length width height
# beta (gcd of item sides) = 1
BINS
120 120 120 5.78703703704e-07
ITEMS
66 57 42
43 42 44
28 35 23
65 72 47
49 64 42
52 52 67
53 48 64
53 67 53
21 19 40
29 20 30
43 55 55
66 52 66
46 43 57
50 54 44
67 55 51
61 69 44
67 56 58
58 54 54
65 70 72
42 56 57
72 59 60
66 63 50
68 53 68
25 36 38
36 31 29
45 63 55
60 51 54
54 48 66
20 37 34
43 63 71
53 53 44
40 20 27
47 49 47
40 31 38
70 50 47
63 60 48
68 70 67
49 43 59
51 52 59
59 48 57
55 42 64
66 51 69
46 60 55
63 67 51
69 49 51
42 40 38
52 47 69
34 19 22
23 28 24
30 34 23
52 45 52
45 61 60
52 52 60
46 53 51
71 58 53
59 65 49
69 57 72
18 31 40
57 56 46
45 72 60
71 51 44
58 49 58
52 63 55
34 42 42
49 65 54
69 55 61
37 31 32
46 63 49
38 33 32
66 56 66
56 54 56
56 48 69
51 55 61
35 28 34
27 27 19
65 71 72
71 61 56
49 65 56
58 56 60
52 63 52
25 19 36
63 64 44
20 38 27
49 53 43
31 34 42
29 32 21
40 26 31
61 44 49
40 38 26
71 72 49
68 59 52
67 66 68
63 45 45
70 48 59
64 45 53
48 57 50
42 58 52
44 61 64
66 64 72
41 23 31
52 54 63
66 51 59
38 26 41
56 64 47
62 61 71
68 57 47
57 66 64
48 67 44
28 27 21
42 55 58
31 33 30
67 64 57
56 70 59
27 30 30
44 66 54
54 70 53
47 51 70
38 30 25
46 71 71
42 59 68
