# MHKP instance for submodel V0 of Deplano et al. (2019)
# BINS:  length width height priority
# ITEMS: length width height
# beta (gcd of item sides) = 1
BINS
120 120 120 5.78703703704e-07
ITEMS
43 62 51
44 44 70
60 54 47
56 69 47
54 66 69
70 59 69
18 39 19
62 51 56
53 68 45
57 49 59
62 67 55
66 67 65
50 66 56
69 66 56
61 52 52
27 33 29
46 60 58
27 18 40
45 50 58
57 59 72
46 53 56
42 21 23
67 63 45
52 42 47
71 63 59
54 71 66
34 27 22
72 61 63
30 31 20
21 37 24
43 53 42
56 55 44
68 52 65
57 49 54
31 23 39
18 33 30
44 52 59
66 56 56
65 55 61
66 64 59
55 44 65
63 51 62
58 43 51
70 49 63
24 18 18
67 42 72
50 48 56
59 60 51
52 67 65
68 47 55
31 24 29
25 39 23
21 40 29
50 44 71
25 40 42
53 56 52
37 36 24
45 69 69
61 49 44
21 24 31
20 40 32
54 72 64
61 55 55
63 59 43
71 60 46
57 43 49
53 64 52
54 71 53
28 30 39
62 54 66
24 19 26
20 31 29
23 30 41
51 67 59
30 32 30
20 26 42
26 42 18
56 52 62
53 69 52
62 66 61
29 24 26
20 21 37
63 42 55
44 46 52
60 60 61
19 38 25
42 71 57
66 65 50
67 53 55
67 55 47
24 40 23
35 39 20
49 68 43
25 31 31
67 53 69
46 48 64
56 66 68
39 21 30
64 54 64
42 62 48
48 58 49
46 49 42
18 21 18
71 45 72
47 42 68
44 51 71
56 49 57
65 63 64
55 42 58
51 72 53
23 31 24
62 44 53
66 54 48
43 52 61
58 72 46
64 66 65
71 54 60
42 59 47
49 49 47
40 27 28
