# MHKP instance for submodel V0 of Deplano et al. (2019)
# BINS:  length width height priority
# ITEMS: length width height
# beta (gcd of item sides) = 1
BINS
120 120 120 5.78703703704e-07
ITEMS
68 61 55
44 45 72
43 70 62
53 57 59
69 52 45
61 66 71
66 70 58
66 46 65
46 67 51
32 27 18
49 68 45
45 53 66
53 50 50
42 54 58
29 39 20
65 53 70
37 21 37
38 18 41
36 21 21
49 45 55
36 22 38
26 28 32
56 71 47
47 47 69
54 52 58
68 60 69
61 71 43
19 18 35
65 52 63
63 44 49
59 52 56
56 70 43
50 45 57
49 63 71
27 31 25
30 40 27
39 31 18
66 49 56
64 48 69
48 46 46
64 57 58
37 28 42
38 19 41
50 64 67
62 70 70
59 50 60
25 42 23
23 27 23
60 55 60
45 62 61
49 52 65
63 72 50
36 42 20
18 42 28
67 50 54
49 53 70
29 38 18
42 47 65
53 51 54
62 67 57
34 36 32
45 42 55
64 54 63
61 65 49
47 47 45
50 70 72
62 45 71
61 46 43
61 64 48
50 67 49
47 47 53
41 26 39
64 72 43
72 53 71
62 44 50
38 34 22
60 72 54
48 47 72
21 37 37
67 44 45
18 23 28
46 65 66
36 30 37
54 42 50
18 24 27
37 42 28
71 62 42
55 44 65
31 27 29
67 45 64
31 39 18
64 51 63
62 52 63
52 48 50
52 61 65
72 42 67
58 49 70
39 24 19
65 70 43
42 61 60
40 35 21
20 27 35
67 67 72
18 27 39
37 34 19
57 72 51
70 60 45
55 48 42
28 37 26
56 51 58
67 44 47
24 30 34
69 42 58
58 59 66
30 25 33
46 69 42
65 52 53
44 71 44
63 48 54
42 63 42
