# MHKP instance for submodel V0 of Deplano et al. (2019)
# BINS:  length width height priority
# ITEMS: length width height
# beta (gcd of item sides) = 1
BINS
120 120 120 5.78703703704e-07
144 120 120 4.8225308642e-07
168 144 120 3.444664903e-07
ITEMS
63 86 53
59 55 42
26 24 28
92 66 62
75 73 46
90 66 52
58 34 34
75 68 51
95 80 56
71 63 63
48 38 39
41 34 23
54 32 35
83 59 66
96 60 65
98 75 59
58 67 62
79 68 47
96 71 71
62 64 68
41 35 25
58 74 47
81 58 56
45 40 22
80 61 67
80 76 48
30 35 35
98 61 47
100 85 68
31 47 28
98 85 59
100 83 58
63 73 50
76 65 53
75 52 56
74 85 68
34 38 27
95 63 64
29 32 39
51 34 41
74 51 71
98 66 60
27 29 19
94 60 58
98 56 57
34 38 21
87 71 64
61 53 48
69 50 54
70 67 42
85 51 45
79 58 60
78 57 55
73 63 70
52 45 29
33 26 18
100 81 43
58 54 71
61 74 42
70 65 42
45 48 32
92 74 55
35 42 31
93 83 50
94 57 57
95 70 70
74 51 47
87 74 49
79 83 67
86 77 62
75 79 72
64 84 53
59 59 49
39 30 37
98 61 62
88 80 67
62 62 49
67 75 42
69 86 59
96 65 47
60 73 71
62 57 56
56 43 39
86 84 57
64 76 50
65 68 42
90 73 71
67 73 70
75 50 49
51 42 22
88 68 61
29 25 27
87 85 46
25 36 28
54 23 21
50 28 42
68 56 54
34 34 26
88 76 65
81 60 48
81 71 58
59 58 44
63 82 42
40 25 39
99 59 61
72 59 59
69 52 50
75 69 47
91 54 63
52 46 26
78 79 67
96 84 63
49 32 31
74 57 72
36 34 24
95 68 56
36 46 19
41 40 32
60 76 63
70 67 47
91 69 47
95 77 70
34 31 37
97 82 58
64 64 51
83 70 57
86 60 46
67 59 56
72 72 47
99 64 53
53 41 40
98 81 49
42 28 19
77 62 61
28 27 23
48 30 30
72 78 50
56 42 19
54 44 35
97 81 47
94 78 72
63 66 42
80 83 43
91 54 49
29 45 29
83 80 72
90 59 59
80 81 48
59 56 42
33 28 20
68 82 53
62 58 64
99 56 50
69 51 69
58 80 49
63 67 47
59 54 72
76 65 47
86 67 70
26 50 18
