# MHKP instance for submodel V0 of Deplano et al. (2019)
# BINS:  length width height priority
# ITEMS: length width height
# beta (gcd of item sides) = 1
BINS
120 120 120 5.78703703704e-07
144 120 120 4.8225308642e-07
168 144 120 3.444664903e-07
ITEMS
80 71 67
60 55 57
76 56 60
75 80 44
61 67 59
71 60 63
58 66 64
60 72 48
91 77 53
70 82 57
59 79 70
82 70 56
85 63 70
93 50 71
47 46 24
41 32 41
99 77 54
78 53 69
75 56 62
72 76 50
99 79 67
48 25 28
96 57 51
33 30 40
90 77 46
93 67 63
85 54 58
69 79 57
80 58 46
81 84 71
89 61 54
78 59 55
85 53 49
53 49 24
64 82 59
97 86 46
87 82 71
72 86 53
57 37 27
27 29 32
70 85 65
71 77 54
82 72 51
77 64 52
63 67 63
97 62 70
79 82 45
30 21 18
56 50 18
37 21 39
68 86 47
75 61 70
42 28 24
78 86 63
77 70 58
90 53 71
78 65 44
63 76 42
45 38 40
43 29 23
98 60 58
89 83 56
44 28 31
27 50 40
80 54 46
84 60 69
71 59 55
59 75 61
73 60 59
26 26 23
87 81 71
70 70 61
58 68 67
85 54 69
72 74 47
100 73 45
71 70 43
98 76 70
85 58 68
57 48 34
30 49 34
95 65 61
71 64 62
77 72 65
71 71 45
38 38 42
70 82 47
77 57 62
81 68 60
98 63 64
79 72 51
39 32 24
98 64 68
76 56 55
75 77 57
83 58 62
76 55 58
34 50 26
55 26 38
64 62 59
30 25 36
87 67 52
89 78 68
43 30 42
80 81 45
53 47 20
58 35 24
44 50 20
68 73 42
67 55 72
58 48 20
86 85 53
62 59 54
46 27 42
62 61 54
77 72 54
25 39 24
56 26 26
64 58 68
94 63 43
25 31 26
56 26 39
54 45 34
67 83 44
63 77 71
94 84 46
59 59 65
56 45 33
61 74 68
95 53 66
59 60 71
30 47 19
42 23 42
72 67 60
29 50 30
72 65 53
71 62 43
71 81 43
95 63 50
94 57 49
92 71 52
32 32 23
84 76 48
80 64 50
93 77 72
91 65 66
64 72 49
90 61 49
35 50 37
28 28 33
58 28 42
84 80 61
40 23 38
72 86 63
81 67 48
52 28 24
82 71 45
40 26 27
95 69 68
88 81 55
