# MHKP instance for submodel V0 of Deplano et al. (2019)
# BINS:  length width height priority
# ITEMS: length width height
# beta (gcd of item sides) = 1
BINS
120 120 120 5.78703703704e-07
144 120 120 4.8225308642e-07
168 144 120 3.444664903e-07
ITEMS
96 64 43
82 85 49
83 52 67
84 71 54
93 74 70
67 85 67
61 83 42
84 70 52
73 65 70
49 24 23
54 23 41
76 73 72
76 62 61
88 67 64
99 62 50
84 85 72
26 26 41
88 80 43
93 75 42
80 66 57
94 55 43
60 78 57
51 37 34
68 74 57
46 28 19
53 25 22
76 54 57
75 63 46
94 55 50
58 81 64
94 75 51
30 50 18
70 53 70
36 27 35
58 30 31
85 85 58
27 43 25
64 85 56
76 61 68
40 26 32
42 27 33
54 28 33
71 74 62
87 56 44
45 43 34
88 69 58
70 72 61
51 28 32
88 77 56
82 54 59
98 62 71
61 73 65
52 21 29
93 77 59
100 52 51
88 50 49
98 66 44
81 77 68
92 72 42
32 41 30
73 60 51
73 53 61
65 50 64
67 63 58
85 62 56
75 85 52
63 63 55
84 69 47
81 82 53
38 50 40
69 59 66
88 64 45
73 80 55
100 53 50
55 25 41
76 55 66
70 51 60
31 45 35
30 27 31
89 80 42
72 66 65
71 68 53
67 60 57
95 60 59
96 53 47
92 67 65
64 75 66
37 38 41
93 51 46
71 59 51
30 25 21
75 71 50
99 71 59
30 50 35
95 84 52
89 84 53
38 46 28
80 50 68
38 23 29
91 78 52
98 81 65
66 67 65
64 77 43
52 40 42
96 84 45
74 81 54
82 75 71
39 42 21
71 69 66
27 31 36
83 79 42
71 79 62
70 55 55
89 66 69
54 40 30
78 68 65
87 85 61
71 50 63
96 57 69
51 49 39
30 42 31
42 35 19
60 83 58
68 51 72
67 56 61
72 75 60
83 76 57
85 83 51
36 31 31
62 51 51
66 53 70
80 65 51
49 36 26
62 71 64
67 54 63
96 71 58
35 38 37
95 70 57
50 33 27
73 74 45
59 66 70
40 23 19
90 60 67
59 52 66
44 35 36
80 53 49
96 86 43
33 41 38
66 85 52
78 53 63
69 78 72
91 66 47
53 46 38
49 28 34
73 65 69
25 49 32
92 67 43
87 57 50
75 73 49
71 68 69
