# MHKP instance for submodel V0 of Deplano et al. (2019)
# BINS:  length width height priority
# ITEMS: length width height
# beta (gcd of item sides) = 1
BINS
120 120 120 5.78703703704e-07
144 120 120 4.8225308642e-07
168 144 120 3.444664903e-07
ITEMS
76 84 52
77 80 66
89 81 60
53 37 40
95 65 71
99 51 67
93 67 69
88 82 53
66 86 44
63 60 62
68 52 68
90 74 47
58 26 33
71 69 61
65 54 57
94 54 66
29 33 35
99 57 60
73 53 58
53 31 23
77 70 66
37 40 27
64 61 47
88 56 56
68 79 69
63 53 42
92 51 48
90 67 65
92 84 65
60 81 49
97 76 67
58 77 52
97 57 62
68 68 72
89 70 49
94 51 44
98 64 61
88 68 53
75 52 46
95 77 45
66 52 64
75 81 46
71 77 60
75 51 72
42 33 31
61 55 59
79 82 68
90 70 61
39 38 31
77 72 52
47 33 38
98 63 50
78 74 69
96 83 42
72 79 67
89 57 64
81 79 69
71 80 42
27 29 36
77 64 71
54 34 30
76 71 48
36 30 41
40 33 31
64 63 72
48 28 31
49 31 38
76 76 64
60 59 44
79 63 47
93 79 47
83 51 69
95 85 63
83 72 47
63 68 54
75 60 51
72 63 59
32 23 22
94 64 59
52 24 21
49 47 28
84 80 48
84 82 52
63 57 60
63 67 57
97 78 63
91 77 56
75 74 43
55 28 32
43 25 30
96 80 58
99 78 70
27 37 36
92 53 48
25 44 42
42 25 34
100 52 67
67 79 71
74 59 51
88 85 70
70 60 52
100 76 70
89 50 48
72 59 56
33 30 22
87 59 59
59 71 50
90 52 65
66 66 67
53 47 19
81 50 58
83 56 61
35 50 32
80 58 49
87 79 48
56 47 26
100 62 42
79 50 59
56 34 40
83 81 56
28 48 20
94 59 70
85 50 70
69 54 59
69 66 42
75 56 62
34 40 24
66 50 55
58 44 32
92 79 59
99 58 47
68 78 42
53 37 30
77 61 55
59 85 50
46 38 25
68 52 54
98 80 60
30 39 26
34 22 23
66 72 44
35 28 38
99 75 64
80 63 45
65 69 50
35 27 31
37 29 24
77 55 66
83 59 46
80 51 44
59 55 67
78 69 52
57 22 36
79 77 49
67 61 50
30 39 20
68 82 67
89 58 43
31 39 34
71 67 53
