# MHKP instance for submodel V0 of Deplano et al. (2019)
# BINS:  length width height priority
# ITEMS: length width height
# beta (gcd of item sides) = 1
BINS
120 120 120 5.78703703704e-07
144 120 120 4.8225308642e-07
168 144 120 3.444664903e-07
ITEMS
87 51 68
28 41 42
99 64 68
30 26 34
92 78 50
88 82 46
71 76 61
68 71 51
84 67 54
88 52 53
71 64 72
77 57 68
75 58 49
29 31 20
71 64 67
70 80 53
64 77 63
95 83 67
57 29 34
56 38 41
94 54 58
80 77 47
77 86 52
38 29 23
100 85 58
71 80 57
32 35 26
50 48 25
72 69 63
66 70 45
56 33 31
97 57 58
87 55 51
69 73 46
58 85 45
48 44 38
92 76 59
99 80 47
62 83 63
68 85 66
44 36 22
64 77 49
57 50 25
38 36 19
46 34 20
93 72 55
62 84 67
85 60 72
71 55 46
81 81 45
65 74 70
84 80 66
98 67 53
64 65 51
46 47 40
28 24 36
29 28 41
38 25 19
97 52 66
41 42 32
34 31 19
37 23 31
71 63 64
64 85 68
90 54 51
100 74 47
89 54 68
25 40 35
65 67 68
62 54 55
49 38 35
28 23 26
39 36 26
84 67 55
54 44 21
63 81 70
78 55 48
66 65 58
32 29 34
37 34 32
86 54 55
83 73 42
83 68 67
82 84 55
64 60 48
41 34 38
35 49 32
63 82 48
79 50 46
71 50 46
51 27 41
69 82 72
83 56 71
90 63 50
66 63 61
98 51 46
65 66 47
61 52 65
35 22 42
41 35 18
68 83 57
100 71 48
43 38 32
56 45 33
36 22 21
59 84 71
47 44 35
65 55 49
40 33 27
83 74 62
61 54 67
68 73 52
100 71 43
73 56 62
63 54 69
77 69 63
77 72 50
64 50 69
87 85 58
70 66 46
61 65 67
53 28 38
92 54 44
45 39 42
99 70 57
71 65 55
30 47 42
77 51 59
69 73 52
83 74 65
72 84 57
84 74 58
64 56 60
57 43 18
54 47 41
32 36 28
44 49 28
44 45 35
89 55 49
70 67 57
80 76 43
46 25 25
71 58 56
69 81 52
38 37 24
30 35 38
64 63 55
78 56 56
100 64 53
70 74 71
25 25 39
92 75 51
64 51 52
60 61 48
74 62 67
51 21 40
80 72 46
44 31 18
84 63 70
79 73 61
