690 runs, 3s per solver per instance, 10 instances per size. All feasible. Objective (1), lower is better.

n	WFBF	BS	SA	HC	best	BS roll	SA iter
18	0.2537	0.1449	0.1467	0.1429	HC	1403	41794
19	0.2342	0.1419	0.1587	0.1559	BS	1484	39909
20	0.2496	0.1566	0.1549	0.1555	SA	1559	37481
21	0.2421	0.1313	0.1333	0.1321	BS	1704	35563
22	0.2053	0.1271	0.1195	0.1200	SA	1766	33893
23	0.2246	0.1195	0.1250	0.1245	BS	1839	32869
24	0.2227	0.1161	0.1211	0.1251	BS	2202	29074
25	0.1963	0.1119	0.1073	0.1052	HC	2141	29749
26	0.1958	0.1197	0.1269	0.1272	BS	2249	27043
27	0.1853	0.1096	0.1087	0.1075	HC	2452	26787
28	0.2162	0.1095	0.1187	0.1174	BS	2609	24805
29	0.2451	0.1000	0.1081	0.1072	BS	2306	25461
30	0.1839	0.1048	0.1030	0.1027	HC	2628	24438
35	0.1787	0.0996	0.0959	0.0971	SA	2505	20179
40	0.1817	0.0819	0.0845	0.0861	BS	2530	18616
45	0.1916	0.0895	0.0820	0.0853	SA	2042	16738
50	0.1387	0.0818	0.0848	0.0846	BS	2064	14666
55	0.1359	0.0671	0.0758	0.0728	BS	1885	13299
60	0.1432	0.0650	0.0761	0.0738	BS	1861	11839
65	0.1425	0.0651	0.0724	0.0752	BS	1754	11508
70	0.1642	0.0692	0.0790	0.0735	BS	1522	9813
80	0.1390	0.0607	0.0746	0.0722	BS	1384	8516
90	0.1299	0.0506	0.0625	0.0654	BS	1319	7819
mean	0.1913	0.1010	0.1052	0.1048