# MHKP instance for submodel V0 of Deplano et al. (2019)
# BINS:  length width height priority
# ITEMS: length width height
# beta (gcd of item sides) = 1
BINS
120 120 120 5.78703703704e-07
ITEMS
29 21 31
29 41 34
44 45 69
34 27 37
37 20 19
72 52 45
53 69 68
53 51 65
53 50 62
60 58 68
33 27 36
42 25 36
56 62 70
31 34 23
26 38 25
51 69 49
59 51 51
19 23 39
59 65 43
60 63 45
55 65 58
34 29 25
58 66 72
27 26 35
50 52 71
64 66 61
24 26 28
51 57 59
66 53 56
58 57 65
42 70 44
42 69 64
34 41 27
69 72 52
58 48 59
54 51 72
70 45 58
44 51 68
42 69 66
56 45 49
47 42 52
71 56 55
46 53 48
20 29 27
64 52 61
31 33 32
22 26 38
50 49 65
66 56 58
19 32 31
59 64 52
68 67 51
42 47 46
21 42 39
38 40 26
54 57 44
28 39 26
59 61 50
44 47 48
34 23 37
45 61 60
44 54 54
22 25 24
63 67 42
70 61 66
44 64 65
43 69 50
68 61 55
19 19 31
27 34 24
28 28 38
63 49 64
54 66 56
46 54 71
64 44 60
46 51 53
42 47 60
42 35 29
39 27 38
69 56 65
60 66 68
55 68 51
19 26 38
57 58 53
52 42 63
52 45 68
68 61 47
18 25 31
47 62 65
44 68 60
60 47 53
57 45 70
66 46 71
65 66 61
49 46 47
65 45 62
48 50 58
55 52 58
72 70 46
49 62 68
50 64 71
23 42 23
70 72 52
19 34 32
23 24 19
35 25 26
42 28 39
55 43 43
46 59 42
61 61 68
