# MHKP instance for submodel V0 of Deplano et al. (2019)
# BINS:  length width height priority
# ITEMS: length width height
# beta (gcd of item sides) = 1
BINS
120 120 120 5.78703703704e-07
ITEMS
52 57 60
53 46 46
42 48 52
51 58 42
21 38 40
42 21 28
65 60 63
36 27 21
50 45 65
27 28 32
50 48 65
46 54 42
38 36 26
20 18 33
61 62 63
43 52 48
40 22 41
44 60 59
23 29 37
69 54 72
25 27 19
61 70 60
71 47 60
51 63 51
43 50 50
42 44 45
69 70 65
60 45 52
62 66 68
42 52 53
46 55 42
52 61 46
25 42 29
63 53 54
35 21 33
65 61 71
64 51 50
46 66 46
67 65 55
24 31 25
42 37 24
41 39 41
68 64 53
46 66 43
43 47 65
54 71 67
45 68 55
72 50 62
23 26 28
51 59 55
26 33 18
72 47 51
62 63 59
58 49 50
51 69 42
54 50 58
25 39 24
64 57 56
67 70 64
72 68 57
25 36 42
64 66 43
47 44 55
28 34 26
72 59 42
61 43 52
19 32 22
34 41 34
58 58 55
25 39 37
58 50 47
69 42 45
60 56 62
36 32 35
60 63 53
22 28 22
64 45 49
65 54 52
57 62 52
26 38 33
55 67 45
64 56 67
65 46 70
19 23 40
53 55 72
50 64 53
20 35 18
46 57 58
34 27 29
68 55 69
56 70 70
31 37 25
68 62 52
25 18 37
67 69 69
35 37 20
25 35 19
47 67 54
45 43 42
28 35 26
50 51 53
64 47 69
40 18 21
34 33 27
23 30 30
66 54 44
20 42 25
43 65 49
47 55 67
36 23 21
