# MHKP instance for submodel V0 of Deplano et al. (2019)
# BINS:  length width height priority
# ITEMS: length width height
# beta (gcd of item sides) = 1
BINS
120 120 120 5.78703703704e-07
ITEMS
44 48 67
66 61 51
62 45 47
56 57 60
47 50 72
43 72 60
48 53 46
69 57 47
32 24 24
24 32 22
42 61 61
56 68 48
58 71 62
45 68 51
64 54 58
61 70 65
44 67 65
56 58 54
71 61 67
46 58 66
53 61 58
63 55 42
18 41 22
28 18 31
59 45 68
27 41 27
72 69 60
46 59 70
68 52 69
27 19 37
20 31 32
30 30 21
62 43 52
43 66 51
53 61 53
20 32 24
50 52 53
28 41 24
24 18 24
29 25 22
71 72 56
38 41 18
63 65 51
25 35 22
19 28 21
49 51 48
28 41 30
55 56 65
49 57 57
52 52 57
37 22 41
32 42 18
42 51 63
69 57 55
66 60 55
62 54 49
53 61 42
71 72 54
45 58 64
67 70 57
48 61 43
65 43 56
46 69 49
50 60 64
51 48 52
45 46 72
48 62 45
59 66 72
55 55 45
42 32 27
21 41 19
54 59 56
61 59 54
38 42 19
71 65 50
41 34 39
48 44 54
53 44 45
22 39 41
41 42 27
46 52 53
54 46 58
19 27 26
25 24 39
21 38 19
25 22 33
40 38 21
61 63 49
67 43 49
18 28 25
62 70 62
33 26 30
44 70 51
44 65 55
68 54 56
43 42 53
49 55 53
46 44 53
50 52 53
54 46 48
29 36 32
22 24 23
63 71 43
60 68 58
50 58 71
52 53 72
60 52 72
47 50 66
50 60 58
56 72 63
