# MHKP instance for submodel V0 of Deplano et al. (2019)
# BINS:  length width height priority
# ITEMS: length width height
# beta (gcd of item sides) = 1
BINS
120 120 120 5.78703703704e-07
ITEMS
61 54 65
50 64 64
55 57 68
66 61 52
37 24 29
39 25 28
66 45 65
62 61 51
54 67 55
49 56 69
40 41 37
44 46 51
70 42 61
67 44 54
43 61 66
55 63 53
58 47 64
44 44 62
59 71 62
38 23 25
63 60 57
68 63 60
68 53 43
67 57 47
51 69 63
50 65 68
60 58 50
44 52 45
50 55 62
55 56 58
54 61 64
51 60 69
70 45 46
42 21 28
67 49 62
37 39 30
21 38 29
40 30 35
63 70 64
33 36 33
26 20 33
64 62 62
43 59 60
58 50 69
46 58 64
26 32 29
67 52 65
70 69 48
57 52 61
61 51 67
48 69 51
46 65 69
47 61 55
48 43 55
48 51 53
56 52 52
51 51 60
30 23 36
23 38 41
33 20 41
31 22 20
58 63 44
45 62 64
38 31 41
32 27 40
61 64 66
69 60 72
69 43 70
57 62 52
70 63 63
54 50 68
55 65 51
18 24 28
69 67 61
68 67 55
42 51 52
25 29 34
56 56 68
54 56 66
21 30 41
35 29 19
52 46 52
43 69 68
28 28 40
55 58 49
61 55 50
34 28 25
40 28 21
43 72 64
31 23 27
61 52 71
59 54 68
30 30 42
47 65 49
20 29 24
52 64 48
53 47 63
62 42 72
65 50 61
42 35 30
34 24 20
63 58 55
55 69 42
39 37 19
42 69 63
55 52 54
38 41 25
62 54 42
28 40 38
71 60 67
