# MHKP instance for submodel V0 of Deplano et al. (2019)
# BINS:  length width height priority
# ITEMS: length width height
# beta (gcd of item sides) = 1
BINS
120 120 120 5.78703703704e-07
ITEMS
48 45 55
45 68 61
69 67 56
63 62 67
49 54 64
72 51 50
70 71 45
47 62 59
36 25 35
50 50 71
61 61 50
46 42 53
60 58 58
57 56 58
47 50 69
31 23 42
47 44 71
72 62 47
68 63 67
36 39 39
47 59 44
28 42 27
65 51 53
42 64 69
57 63 66
70 51 68
33 21 24
57 53 43
52 64 62
22 21 24
60 56 47
18 20 20
44 54 49
57 62 70
59 57 42
53 66 72
34 28 23
62 55 56
33 34 23
59 66 45
43 61 67
50 69 54
72 72 54
31 21 36
66 56 71
25 34 23
29 19 27
57 54 59
63 50 58
64 49 44
34 25 25
29 24 32
39 33 27
40 33 36
53 72 70
59 54 54
43 50 70
51 72 58
72 59 43
42 65 56
33 39 41
53 59 48
62 45 50
70 62 43
59 53 56
29 35 20
26 18 19
70 53 64
71 57 69
36 24 27
46 44 54
61 61 46
45 60 48
32 26 19
66 43 61
44 60 68
22 41 27
34 32 41
48 69 57
45 42 54
71 49 56
66 71 64
52 69 70
19 23 29
50 57 64
61 43 47
41 29 18
25 19 38
25 26 39
21 34 27
28 25 31
54 70 71
26 30 27
69 51 51
22 23 38
34 20 19
43 64 65
53 60 44
64 65 50
38 31 38
64 68 55
55 43 48
21 21 24
71 69 50
67 69 67
48 42 72
44 54 53
52 56 60
26 36 28
43 67 52
