# MHKP instance for submodel V0 of Deplano et al. (2019)
# BINS:  length width height priority
# ITEMS: length width height
# beta (gcd of item sides) = 1
BINS
120 120 120 5.78703703704e-07
ITEMS
41 20 35
60 65 72
18 22 24
24 36 30
65 60 60
42 68 65
53 66 69
33 36 27
69 58 63
48 42 56
34 37 32
45 70 56
23 20 33
38 24 24
39 32 34
66 67 68
59 54 60
52 54 71
33 24 39
65 56 53
31 29 21
34 19 38
44 56 51
71 44 55
64 56 59
42 43 65
70 56 65
34 29 41
31 22 21
28 42 30
37 40 38
43 54 58
19 19 26
42 65 67
45 68 65
25 24 19
40 25 42
69 67 54
71 46 69
35 30 36
42 23 35
53 68 54
40 24 23
51 65 71
37 27 26
44 44 60
21 28 31
72 46 58
42 61 49
44 52 56
61 60 50
65 51 69
20 24 20
18 19 38
50 69 70
52 70 69
55 43 65
57 43 59
66 60 61
29 21 31
57 63 45
57 51 62
67 70 44
47 59 54
66 42 57
50 60 61
55 72 63
71 46 51
66 72 70
59 72 68
63 59 53
51 68 64
57 66 67
41 29 27
18 30 26
65 51 70
36 38 21
69 60 44
42 66 68
54 67 52
32 42 23
68 64 70
47 72 47
38 20 42
63 54 54
45 58 70
44 47 48
60 65 52
52 43 62
59 60 43
63 47 62
72 61 54
35 34 34
59 54 71
58 64 53
43 52 54
32 24 21
52 62 65
69 65 69
20 34 20
29 21 34
61 43 52
52 54 56
53 59 66
47 45 46
28 41 34
22 21 33
32 22 23
58 60 68
60 61 49
