# MHKP instance for submodel V0 of Deplano et al. (2019)
# BINS:  length width height priority
# ITEMS: length width height
# beta (gcd of item sides) = 1
BINS
120 120 120 5.78703703704e-07
ITEMS
62 48 72
42 45 54
43 52 72
70 42 58
24 23 32
50 62 46
67 72 44
50 52 53
56 70 56
62 52 61
61 49 56
25 37 31
40 30 18
69 55 67
52 55 52
47 50 47
46 71 69
28 28 22
23 30 19
42 62 65
26 28 28
63 51 49
56 69 51
51 59 43
65 44 67
42 71 46
37 22 39
54 44 57
42 62 53
23 22 41
25 36 34
36 38 41
61 53 72
40 23 22
29 37 32
24 34 33
34 23 23
61 69 54
55 53 55
41 30 35
43 63 54
63 58 67
18 35 23
56 57 51
66 58 64
53 46 69
18 33 42
63 69 50
57 48 67
71 69 62
44 45 45
19 38 31
44 70 72
47 44 48
45 50 46
32 19 32
44 46 60
72 47 49
66 46 68
66 42 44
63 66 45
52 54 44
72 67 57
60 64 57
54 52 67
35 36 29
32 25 34
23 18 26
60 44 72
43 56 61
70 63 48
53 51 44
45 46 70
50 66 55
72 66 42
65 62 49
25 40 20
35 30 21
47 68 56
38 18 21
66 58 63
37 18 38
32 30 39
22 20 37
49 60 43
55 60 52
28 23 37
29 18 25
21 18 19
61 66 53
27 32 28
55 48 64
54 54 50
49 72 72
55 48 64
66 60 58
25 39 35
45 66 72
42 41 33
42 31 36
59 50 49
65 51 63
62 43 71
65 71 45
61 69 51
62 43 72
62 51 44
69 60 54
44 66 72
19 34 25
