# MHKP instance for submodel V0 of Deplano et al. (2019)
# BINS:  length width height priority
# ITEMS: length width height
# beta (gcd of item sides) = 1
BINS
120 120 120 5.78703703704e-07
ITEMS
48 54 48
55 66 68
50 51 70
59 42 44
68 46 53
51 49 53
62 65 58
37 29 24
56 58 55
48 49 71
31 42 27
26 42 24
67 61 68
21 21 28
34 22 20
26 35 41
44 62 53
26 21 29
36 38 28
72 52 61
20 21 25
53 56 63
47 64 57
63 48 61
33 41 20
38 26 31
56 66 44
54 62 50
39 21 26
68 53 66
58 45 65
56 69 70
65 51 48
65 64 48
59 57 62
58 54 60
42 26 37
58 63 71
54 47 53
57 45 68
29 18 40
19 38 28
55 60 53
54 66 61
48 66 72
51 71 59
56 72 64
70 70 69
55 56 52
41 23 28
44 46 49
54 64 56
72 58 72
39 20 25
62 53 67
49 62 55
63 58 64
45 72 46
32 42 36
60 69 63
55 65 59
64 43 64
51 72 60
29 29 36
51 57 52
43 45 47
31 25 41
53 68 69
23 22 36
48 65 68
69 45 57
55 48 50
60 59 61
65 58 58
68 44 70
22 25 22
48 43 44
54 58 72
22 22 27
72 59 50
44 49 43
50 57 59
56 69 67
55 45 52
49 45 69
55 56 43
60 64 42
63 58 52
22 35 27
43 68 49
55 48 62
64 71 68
23 18 20
25 37 27
59 47 49
63 63 61
59 71 51
62 56 57
67 51 71
65 62 56
69 70 50
69 66 67
24 24 35
69 70 56
42 26 27
35 35 28
51 58 68
62 44 43
71 44 55
49 66 68
