# MHKP instance for submodel V0 of Deplano et al. (2019)
# BINS:  length width height priority
# ITEMS: length width height
# beta (gcd of item sides) = 1
BINS
120 120 120 5.78703703704e-07
ITEMS
40 27 42
68 51 42
64 45 71
48 43 55
71 56 69
61 62 66
64 67 48
18 24 29
41 21 40
57 47 55
55 64 67
70 54 47
60 59 60
47 47 46
30 41 40
21 27 32
44 59 47
60 63 61
55 55 55
58 47 42
62 50 61
60 43 45
39 42 26
65 61 63
51 46 69
42 70 53
50 66 43
44 45 51
72 71 45
55 65 72
32 26 27
34 22 37
72 54 47
50 56 45
49 63 46
55 51 49
54 62 56
50 60 50
38 33 20
34 39 31
49 56 47
45 44 66
57 42 69
51 61 46
66 58 61
57 59 46
32 34 25
58 58 51
19 24 35
58 46 51
37 36 20
63 66 52
48 62 65
63 43 70
42 35 35
26 18 35
26 35 40
42 69 66
45 65 52
20 34 40
72 61 57
65 61 59
30 22 23
44 65 68
53 65 50
68 48 44
70 43 64
40 37 22
46 65 54
66 71 45
61 63 69
39 31 27
53 68 62
43 59 52
45 44 42
72 66 54
59 64 63
56 66 43
33 18 27
49 49 53
27 30 31
55 51 46
51 54 68
47 45 53
63 72 71
57 44 66
62 71 63
48 70 54
39 36 39
56 67 47
23 34 39
51 66 60
71 60 61
30 35 21
54 55 63
62 57 51
65 68 47
63 53 51
63 51 43
44 50 61
68 67 45
50 61 49
55 63 42
47 59 49
34 31 22
59 69 57
72 43 55
21 36 39
51 48 63
42 66 47
