# MHKP instance for submodel V0 of Deplano et al. (2019)
# BINS:  length width height priority
# ITEMS: length width height
# beta (gcd of item sides) = 1
BINS
120 120 120 5.78703703704e-07
ITEMS
29 39 28
52 43 49
29 33 35
26 39 30
20 30 32
27 21 38
35 28 31
59 60 62
66 48 42
62 60 48
50 64 53
59 71 70
23 41 33
52 42 68
18 19 41
71 54 63
20 41 33
65 59 71
46 66 70
40 21 38
72 71 52
63 64 48
25 24 20
70 67 61
72 48 54
71 64 43
25 36 28
55 61 67
48 50 63
37 32 24
60 51 47
64 46 70
48 49 69
61 62 57
50 72 50
60 71 64
20 24 24
42 42 53
20 26 27
37 30 33
61 58 62
72 72 46
57 60 54
49 42 53
59 50 43
53 72 43
41 33 40
55 45 68
21 41 20
19 41 39
21 24 32
54 59 55
46 44 65
58 58 54
68 64 42
59 52 59
29 26 37
27 34 27
30 28 35
72 68 69
44 49 53
55 72 50
25 32 33
71 60 45
67 63 48
55 43 49
42 71 45
39 28 27
18 27 37
29 28 41
50 47 65
47 55 60
70 52 47
61 57 44
65 53 59
59 67 55
61 44 62
51 43 43
34 40 18
31 41 19
39 39 24
39 22 27
41 20 18
55 71 65
39 36 39
42 47 57
65 47 60
51 44 70
33 27 29
50 60 58
29 18 28
38 19 39
46 63 56
34 32 23
26 19 19
51 72 53
60 50 52
22 26 23
35 29 36
53 60 64
39 36 41
46 57 72
58 64 51
49 65 43
54 59 52
30 20 19
70 49 55
18 21 19
70 54 52
51 53 68
