118 587 233 220
108 30 76
108 30 76
110 25 43
92 55 81
81 28 33
81 28 33
120 73 99
120 73 99
111 48 70
111 48 70
98 46 72
95 31 66
85 30 84
71 25 32
36 25 34
36 25 34
36 25 34
97 62 67
97 62 67
33 23 25
95 26 27
95 26 27
95 26 27
94 44 81
94 44 81
41 38 39
104 65 74
52 36 41
104 34 78
83 46 77
74 30 56
95 63 80
95 63 80
95 63 80
56 33 35
96 49 95
88 30 68
80 29 65
80 29 65
60 41 55
113 20 56
93 31 31
87 26 83
110 44 67
118 21 25
61 39 44
120 26 30
107 25 49
64 26 60
91 54 67
78 49 64
61 31 34
61 31 34
119 36 94
81 34 34
57 42 56
69 30 48
81 42 58
76 26 74
93 67 77
93 67 77
93 67 77
83 32 63
79 43 65
112 40 69
97 31 44
98 51 60
98 51 60
119 27 46
119 27 46
119 27 46
112 44 51
97 49 68
118 76 77
97 49 73
95 76 82
91 69 71
76 36 38
76 36 38
81 22 66
60 33 40
93 41 42
102 39 82
60 38 59
79 30 56
70 39 52
113 36 51
96 33 38
96 33 38
107 57 64
107 57 64
81 70 80
71 47 57
120 62 95
120 62 95
65 48 50
112 31 78
112 31 78
63 38 62
90 72 84
115 48 90
115 48 90
72 47 68
109 43 45
119 28 73
78 37 38
70 61 63
83 50 73
83 50 73
114 53 68
107 78 84
90 35 76
40 32 34
40 32 34
66 34 53
66 34 53
60 32 56
86 51 83
