129 587 233 220
68 31 66
120 26 34
95 60 76
95 60 76
61 34 47
61 34 47
53 36 45
80 42 52
109 28 63
74 35 64
53 36 40
53 36 40
102 59 96
64 47 60
99 32 90
76 43 50
76 43 50
76 43 50
90 25 75
94 37 65
94 37 65
117 28 34
39 24 28
92 42 60
92 42 60
102 49 78
102 49 78
102 49 78
82 46 69
82 46 69
88 53 78
45 20 43
113 57 62
113 38 98
113 38 98
58 32 55
42 21 34
107 33 34
107 33 34
84 49 78
93 23 60
115 40 78
115 40 78
76 71 74
76 71 74
72 51 52
95 44 76
95 44 76
93 54 86
119 71 75
119 71 75
119 71 75
86 32 46
76 44 60
76 44 60
70 41 61
70 41 61
94 51 68
94 51 68
94 51 68
112 23 79
108 52 99
77 53 59
90 48 76
90 48 76
89 34 60
89 34 60
74 32 52
83 31 49
83 41 76
83 41 76
83 41 76
64 30 36
71 50 66
109 78 80
82 22 57
112 68 77
98 28 37
94 26 54
94 26 54
114 73 75
80 30 48
80 30 48
80 49 65
95 41 75
95 41 75
120 76 91
83 69 75
72 60 61
75 43 61
63 32 42
81 44 58
81 44 58
81 44 58
119 28 65
87 39 46
87 39 46
99 31 39
99 31 39
99 30 80
99 30 80
70 36 47
69 21 46
96 32 47
90 25 65
90 25 65
41 38 40
109 25 32
109 25 32
109 25 32
112 21 59
88 32 36
88 32 36
69 29 39
55 45 46
76 58 71
62 50 55
87 38 62
83 34 58
83 34 58
73 45 57
94 55 58
116 50 54
71 27 55
36 27 30
56 34 52
56 34 52
80 55 67
47 26 36
