117 587 233 220
95 57 80
112 23 87
112 23 87
112 23 87
116 40 41
98 56 80
108 59 60
82 67 77
82 67 77
67 36 46
104 44 72
89 24 56
64 36 36
64 36 36
101 31 86
101 31 86
69 37 65
69 37 65
106 22 39
100 37 58
56 35 53
56 35 53
66 51 53
116 20 36
48 33 35
63 41 62
59 48 53
101 40 43
101 40 43
113 41 74
75 40 63
116 43 65
116 43 65
72 35 71
53 26 34
53 26 34
97 72 88
108 57 65
113 49 75
52 22 30
113 40 45
71 32 41
71 32 41
120 37 66
120 37 66
99 33 58
99 33 58
111 69 86
111 69 86
83 66 83
72 51 70
87 53 61
92 42 86
92 42 86
111 54 93
57 53 54
101 25 72
52 42 43
90 39 70
100 53 54
77 29 60
114 29 60
84 27 52
55 31 37
55 31 37
54 29 41
108 28 75
80 37 43
80 37 43
80 37 43
68 35 59
99 45 62
99 45 62
62 25 33
86 49 76
70 44 47
117 61 79
95 59 71
80 64 77
95 66 75
95 66 75
95 66 75
74 31 71
83 55 57
75 24 29
95 67 80
83 32 74
83 32 74
93 60 84
100 58 77
100 58 77
80 33 45
97 71 72
115 26 32
94 52 77
88 36 69
48 33 38
93 25 47
111 49 97
100 27 52
100 27 52
93 40 66
94 47 79
115 69 72
98 75 79
77 31 71
77 31 71
118 54 60
120 39 42
107 42 77
107 42 77
70 47 53
85 49 63
80 42 54
95 29 65
95 29 65
106 63 74
