123 587 233 220
43 39 40
97 40 76
67 47 63
98 38 57
98 38 57
73 27 71
73 27 71
66 41 56
82 72 75
93 43 71
95 28 35
88 68 72
88 35 85
100 69 83
74 27 30
82 61 64
63 32 38
108 70 97
87 53 72
107 24 75
107 24 75
101 30 31
86 23 56
90 33 36
70 34 60
70 34 60
76 51 66
75 33 52
103 29 64
108 36 90
77 28 45
96 66 75
63 29 38
63 29 38
63 29 38
107 31 85
107 31 85
106 33 57
72 50 69
72 50 69
72 50 69
72 50 69
116 24 83
94 34 52
96 33 65
76 66 72
64 35 60
64 35 60
44 26 38
86 52 63
107 44 55
65 34 40
65 34 40
96 31 59
53 34 34
53 34 34
94 49 91
94 49 91
94 44 73
106 27 56
106 27 56
101 66 91
101 66 91
83 21 33
100 33 73
86 68 78
86 68 78
71 30 58
71 30 58
107 70 77
89 53 58
89 53 58
111 77 81
99 50 51
99 50 51
98 52 93
79 32 70
110 41 47
110 41 47
119 27 61
119 27 61
116 40 81
116 40 81
76 28 50
76 28 50
99 33 65
107 39 90
78 64 74
78 64 74
77 50 54
81 49 79
54 36 41
115 25 71
99 62 97
62 48 49
62 48 49
61 31 47
61 31 47
101 27 29
101 27 29
95 25 55
108 33 65
98 34 55
88 37 74
89 63 79
89 63 79
89 63 79
94 30 45
85 25 65
84 44 65
84 44 65
120 26 39
71 36 46
71 36 46
118 67 71
82 72 81
91 54 79
91 54 79
95 32 35
88 50 54
82 23 49
83 36 75
65 62 65
