128 587 233 220
72 35 49
72 35 49
75 47 66
75 47 66
75 47 66
78 22 30
78 22 30
119 79 79
76 62 65
119 65 81
119 65 81
91 36 77
113 27 89
98 44 59
76 43 55
76 43 55
58 31 51
58 31 51
94 25 40
89 43 66
119 50 55
70 34 43
70 34 43
76 56 71
76 56 71
76 56 71
80 40 58
79 46 57
79 46 57
70 61 68
70 61 68
93 39 46
76 42 45
105 26 32
85 60 67
85 60 67
58 23 35
80 52 65
80 52 65
104 62 69
104 62 69
72 34 48
72 34 48
34 27 32
34 27 32
74 51 73
74 51 73
120 64 80
82 41 77
98 56 60
98 56 60
98 56 60
51 30 47
80 42 74
80 42 74
47 34 38
84 28 74
103 41 67
80 48 70
80 48 70
80 48 70
85 34 39
106 40 51
106 40 51
98 56 67
78 65 71
78 65 71
78 31 34
94 21 51
59 30 32
59 30 32
95 57 70
120 30 80
53 20 43
94 28 53
98 26 91
101 44 54
57 27 46
68 43 57
114 51 90
70 40 58
70 40 58
56 22 40
99 29 43
51 39 40
67 43 59
106 45 82
106 45 82
78 62 73
78 62 73
102 68 78
120 35 35
107 30 66
119 34 58
61 43 45
85 21 67
84 25 69
91 66 67
62 31 43
116 67 69
57 20 55
74 22 71
77 33 34
92 36 91
82 50 79
73 40 49
73 40 49
119 25 76
76 20 41
97 21 87
59 33 34
46 22 39
46 22 39
75 38 49
75 38 49
75 38 49
74 48 64
74 48 64
67 41 42
119 48 57
98 41 67
79 48 59
102 55 67
102 55 67
102 55 67
102 55 67
100 78 81
100 78 81
