132 587 233 220
97 66 77
81 69 69
109 24 53
109 24 53
98 20 33
86 34 56
86 34 56
76 35 50
109 22 42
82 42 69
82 42 69
58 31 43
99 48 80
99 48 80
89 39 68
89 39 68
74 40 53
74 40 53
97 32 43
112 51 70
112 51 70
73 20 29
73 20 29
74 68 72
74 68 72
70 58 64
90 38 62
90 38 62
76 58 69
113 53 65
64 22 62
118 26 47
112 27 69
84 40 61
84 40 61
93 43 47
93 43 47
93 43 47
92 46 51
77 45 58
114 33 51
103 28 59
103 28 59
71 41 64
99 26 70
99 26 70
102 30 31
113 72 100
113 72 100
72 39 45
72 39 45
81 55 62
78 49 69
77 49 59
114 27 41
114 27 41
81 40 61
81 40 61
104 56 72
107 27 73
108 36 45
115 27 54
115 27 54
112 59 97
63 32 45
63 32 45
61 24 35
61 24 35
87 42 46
76 38 73
76 38 73
76 38 73
87 54 73
52 21 41
42 39 41
96 44 57
96 44 57
58 38 53
41 31 32
90 39 77
111 34 55
94 20 88
103 21 91
88 34 51
88 34 51
88 34 51
84 61 76
96 24 57
96 24 57
58 35 49
98 23 66
98 23 66
71 43 53
59 20 41
59 20 41
59 20 41
116 65 79
70 22 25
70 22 25
70 22 25
81 26 65
81 26 65
80 43 71
80 43 71
118 25 26
99 31 67
108 57 62
108 57 62
101 42 75
92 34 76
108 42 74
65 38 53
65 38 53
105 39 79
111 25 95
91 35 65
91 35 65
105 77 99
60 50 53
97 42 65
118 73 88
118 73 88
49 40 41
49 40 41
75 30 55
107 60 61
90 36 46
83 45 65
83 59 71
83 59 71
83 59 71
114 57 61
