122 587 233 220
89 50 78
73 46 65
94 39 66
66 42 59
106 70 93
80 62 71
60 26 36
60 26 36
72 31 31
63 31 63
74 23 39
105 52 72
101 45 76
93 65 73
93 65 73
74 42 47
72 28 33
99 45 91
79 44 60
81 50 57
99 61 72
38 31 35
74 48 51
74 48 51
98 40 96
70 38 46
65 44 51
69 26 59
83 51 70
56 23 48
56 23 48
73 47 66
73 47 66
74 33 54
98 46 54
98 46 54
53 38 50
87 50 71
70 65 66
70 65 66
102 50 51
102 50 51
73 60 66
73 60 66
86 50 65
83 44 71
107 79 86
78 36 74
102 26 85
102 26 85
77 52 58
77 52 58
77 52 58
69 42 58
110 53 93
110 53 93
99 32 64
99 32 64
99 32 64
72 35 66
63 23 39
99 31 35
93 54 73
76 59 75
77 59 64
94 33 61
94 33 61
103 72 78
80 27 69
59 37 40
78 29 48
117 56 81
93 61 76
74 42 54
118 38 46
86 57 71
119 29 71
119 29 71
119 29 71
82 25 62
82 25 62
82 25 62
91 63 75
48 28 37
48 28 37
80 36 50
80 36 50
80 36 50
103 40 58
86 42 43
110 27 62
110 27 62
57 28 53
76 51 55
117 31 46
111 33 49
73 59 69
106 29 34
89 46 62
61 50 53
61 50 53
119 58 74
106 45 58
94 54 58
79 30 32
66 39 61
107 75 84
107 75 84
107 75 84
97 72 76
97 72 76
67 24 33
66 42 57
66 42 57
99 42 43
99 42 43
72 55 72
55 39 43
110 21 68
98 22 94
98 22 94
98 22 94
