114 587 233 220
113 29 80
113 29 80
98 62 65
98 62 65
60 46 59
100 64 97
100 64 97
99 23 88
106 33 49
78 30 54
71 41 68
83 35 80
99 27 55
91 43 51
99 72 78
99 72 78
102 37 88
97 72 75
83 27 63
78 36 38
120 55 88
77 38 72
45 25 38
73 23 48
87 38 73
94 33 75
71 56 64
94 48 69
75 46 66
89 56 75
62 34 38
62 34 38
81 52 71
81 52 71
81 52 71
88 53 79
51 35 44
92 80 83
92 80 83
70 41 68
109 40 58
75 30 56
77 58 66
62 23 32
62 23 32
90 23 39
90 23 39
99 56 71
99 56 71
108 71 75
108 71 75
101 57 99
90 20 88
70 42 66
106 55 80
106 55 80
100 42 69
87 51 83
108 22 91
80 74 77
113 70 70
65 35 46
65 35 46
87 26 35
82 24 55
71 37 47
71 37 47
107 58 100
77 43 48
118 42 81
57 32 51
118 70 98
96 58 62
57 41 42
57 41 42
88 21 37
86 34 51
75 38 52
116 29 67
116 29 67
88 42 64
119 41 51
91 51 76
104 64 71
58 27 47
62 36 44
83 65 77
45 26 30
115 36 85
108 28 64
44 34 43
44 34 43
69 50 51
69 50 51
69 42 63
76 41 69
76 41 69
101 65 96
96 43 81
54 37 49
54 37 49
80 72 79
72 47 59
72 47 59
117 29 80
93 70 92
83 30 58
83 30 58
83 30 58
92 25 25
74 38 54
85 41 46
59 44 53
73 48 60
