129 587 233 220
118 47 66
99 25 56
91 48 83
104 40 66
75 33 60
75 33 60
113 60 78
113 60 78
36 29 36
56 40 48
56 40 48
67 22 40
92 64 78
73 31 61
72 58 66
56 26 44
93 34 65
113 50 63
35 31 34
35 31 34
100 80 99
100 80 99
105 20 69
77 38 60
98 30 69
107 20 56
89 54 88
83 31 73
53 44 46
87 34 53
79 33 63
114 60 77
114 60 77
61 29 51
61 29 51
83 56 73
76 27 28
109 29 35
109 29 35
86 39 76
86 39 76
84 34 79
60 26 33
100 25 94
100 25 94
88 56 73
88 56 73
99 41 76
48 27 42
114 33 71
114 33 71
114 33 71
98 43 73
97 26 61
103 51 61
99 28 75
103 27 46
103 27 46
103 27 46
73 41 51
74 51 56
74 51 56
74 51 56
43 32 41
43 32 41
66 52 55
66 52 55
116 36 48
116 36 48
63 30 30
87 73 77
86 68 69
102 70 73
51 28 29
86 55 62
87 29 45
113 61 67
67 32 34
101 34 86
99 37 91
86 41 70
62 32 56
62 32 56
91 55 62
79 43 65
79 43 65
75 41 66
94 72 72
94 72 72
107 65 87
54 28 45
54 28 45
54 28 45
115 39 50
79 40 49
119 25 68
119 25 68
87 75 78
87 75 78
75 44 56
44 25 34
86 31 57
86 31 57
86 31 57
115 43 51
106 42 99
106 42 99
106 42 99
94 40 65
55 27 40
61 43 49
61 43 49
100 20 88
100 20 88
77 53 66
94 42 54
94 42 54
94 42 54
94 42 54
86 46 68
91 43 47
91 43 47
80 29 37
80 29 37
103 27 77
109 31 37
109 31 37
118 47 69
88 27 40
