130 587 233 220
41 26 39
110 34 40
94 52 77
119 71 96
119 71 96
67 47 63
61 31 43
61 31 43
61 31 43
72 35 53
72 35 53
72 35 53
64 38 38
64 38 38
64 38 38
110 45 71
73 52 71
95 55 92
86 31 74
86 31 74
86 31 74
99 52 62
99 52 62
81 31 44
113 70 94
113 70 94
113 70 94
109 28 100
109 28 100
63 30 34
111 28 43
48 28 35
48 28 35
97 38 53
73 35 42
71 37 54
79 53 72
70 35 47
79 57 59
116 25 48
70 52 56
98 33 48
83 26 48
83 26 48
109 57 79
70 45 58
70 45 58
69 27 40
99 79 91
91 27 88
111 47 69
73 40 41
98 34 53
80 26 54
59 39 40
91 28 60
91 28 60
49 33 45
68 31 58
68 31 58
77 57 58
105 34 38
105 34 38
67 30 49
67 30 49
76 29 64
93 33 70
93 33 70
93 33 70
88 50 52
74 38 55
99 42 77
99 42 77
92 35 61
92 35 61
62 38 51
89 56 57
89 56 57
77 33 35
82 54 59
82 54 59
82 54 59
69 26 65
69 26 65
98 35 50
74 38 63
73 54 65
101 23 100
98 63 97
75 33 44
83 51 79
83 51 79
100 42 71
80 22 64
107 70 71
115 59 67
40 31 36
40 31 36
54 28 45
54 28 45
81 60 69
81 60 69
67 25 29
67 25 29
93 20 45
63 31 36
47 35 41
76 46 52
76 46 52
77 42 63
64 30 38
99 64 71
114 40 67
84 25 82
84 25 82
84 21 46
84 21 46
73 41 63
117 38 80
70 36 66
100 79 90
100 79 90
72 41 45
99 74 99
99 74 99
90 27 49
90 27 49
113 41 58
113 41 58
56 23 40
