125 587 233 220
82 71 80
82 71 80
66 27 37
77 31 76
100 38 56
100 38 56
93 67 86
89 30 76
98 67 90
87 42 52
53 35 42
53 35 42
53 35 42
116 36 53
116 36 53
85 46 79
106 24 91
112 46 84
89 47 56
62 39 51
69 50 67
93 46 74
74 35 48
95 66 87
84 30 54
119 28 40
98 58 60
98 58 60
83 44 57
83 20 83
83 20 83
88 46 51
88 46 51
87 73 76
66 35 56
76 66 72
76 40 63
114 66 97
86 61 81
86 61 81
86 61 81
116 73 79
70 25 25
85 70 76
71 32 39
71 32 39
71 32 39
112 28 37
112 28 37
76 34 75
80 33 73
114 49 71
85 76 77
85 76 77
114 59 83
117 22 74
117 22 74
79 59 61
96 25 40
69 44 57
69 44 57
69 44 57
69 44 57
76 41 50
90 59 77
120 28 42
98 20 35
98 20 35
34 25 30
99 45 67
87 40 48
88 47 71
97 32 97
95 39 44
45 37 40
45 37 40
117 28 76
73 38 58
73 38 58
68 40 55
59 30 33
87 34 80
82 68 71
79 44 51
93 35 75
80 71 76
85 63 77
61 45 49
61 45 49
91 29 33
91 29 33
91 29 33
98 41 59
98 41 59
97 21 30
97 21 30
87 45 67
87 45 67
103 35 47
96 71 73
99 36 56
115 30 85
114 29 32
114 29 32
67 31 58
67 31 58
54 43 44
78 63 72
53 32 40
84 42 54
53 27 29
53 27 29
94 34 79
94 34 79
94 34 79
111 42 88
111 42 88
117 30 67
109 49 70
109 49 70
76 36 44
115 77 95
70 28 46
104 35 54
104 35 54
