127 587 233 220
118 42 54
112 20 95
118 37 38
76 38 38
76 38 38
100 34 56
100 50 73
75 36 58
76 41 51
82 39 75
84 44 76
80 50 68
61 28 46
80 51 75
92 49 62
72 21 48
54 33 37
46 34 37
109 24 37
109 24 37
63 33 56
111 61 62
78 30 53
55 47 50
86 33 79
86 33 79
86 33 79
92 29 90
92 29 90
120 64 80
120 64 80
71 22 37
71 22 37
106 22 88
106 22 88
120 23 31
104 66 70
78 75 76
99 54 74
58 34 55
73 42 67
120 35 81
120 35 81
115 54 67
115 54 67
115 54 67
97 43 95
97 43 95
114 40 88
63 48 58
92 20 44
92 20 44
82 27 78
95 67 69
95 67 69
98 28 75
80 51 51
117 34 43
117 34 43
99 27 64
38 29 31
38 29 31
64 35 45
69 36 60
69 36 60
89 61 71
83 39 76
83 39 76
67 50 58
114 28 67
102 71 73
102 71 73
108 48 57
118 69 85
57 42 53
57 42 53
64 37 50
64 37 50
64 37 50
53 26 31
47 37 45
84 34 80
84 34 80
63 28 42
63 28 42
63 28 42
73 32 62
52 34 38
115 62 68
115 62 68
68 46 53
83 39 64
83 39 64
95 30 91
57 23 34
77 61 72
86 60 73
66 34 65
110 71 75
110 71 75
82 62 77
83 37 68
83 37 68
77 38 61
77 38 61
90 48 54
90 48 54
58 43 47
45 22 44
45 22 44
84 41 42
84 41 42
80 25 47
105 63 81
80 33 47
80 33 47
93 25 51
93 25 51
72 56 71
100 43 83
93 35 90
93 35 90
114 36 76
117 58 91
117 58 91
75 31 58
63 34 46
