121 587 233 220
59 48 49
79 46 63
95 38 58
95 38 58
95 47 79
72 27 46
88 72 74
88 72 74
90 67 77
96 36 59
96 36 59
62 46 55
92 43 77
92 43 77
100 41 66
76 44 72
76 44 72
95 35 68
108 48 66
86 52 78
92 40 86
66 38 39
85 59 80
86 33 71
118 23 45
118 23 45
73 33 60
90 48 74
88 42 86
92 62 76
82 53 68
84 55 66
102 42 77
87 39 43
114 40 79
114 40 79
92 47 71
83 37 49
68 40 62
68 40 62
89 39 65
89 39 65
107 24 45
66 36 60
114 60 95
92 46 66
92 46 66
92 46 66
100 28 71
68 42 63
81 34 63
85 68 69
87 67 75
87 67 75
61 34 49
61 34 49
61 34 49
77 44 67
64 47 50
64 47 50
111 43 68
111 43 68
111 43 68
83 34 60
79 30 35
83 41 64
83 41 64
96 58 87
96 58 87
46 38 40
55 38 53
88 56 70
88 56 70
111 21 66
76 26 46
106 73 77
79 61 78
79 61 78
94 52 63
87 43 52
75 25 35
54 31 32
76 51 76
76 51 76
73 30 50
67 21 54
67 21 54
87 42 54
63 30 32
71 35 46
71 35 46
71 35 46
71 35 46
116 22 34
65 20 28
86 54 54
88 24 28
66 25 64
98 56 60
52 37 37
113 40 55
90 30 85
110 52 83
110 52 83
110 52 83
63 26 41
54 36 40
113 51 63
111 22 88
111 22 88
114 74 80
116 56 57
63 39 47
96 51 68
89 43 56
68 33 49
95 53 90
95 53 90
77 29 73
98 52 59
98 52 59
