118 587 233 220
91 45 54
105 72 77
79 48 78
79 48 78
79 48 78
109 59 76
48 30 37
44 27 37
79 54 76
116 20 78
116 20 78
101 49 71
102 49 100
105 22 43
107 61 84
110 23 71
75 34 39
75 34 39
73 32 47
60 25 60
60 25 60
43 31 33
100 57 74
93 41 47
93 41 47
45 28 33
66 55 65
66 55 65
46 33 40
97 51 87
94 34 59
94 34 59
94 34 59
56 42 45
62 27 55
97 61 67
63 46 53
85 30 33
105 66 80
105 66 80
105 66 80
115 20 67
115 78 90
111 66 89
93 75 86
93 75 86
107 65 66
107 65 66
94 41 77
109 52 95
109 52 95
94 51 54
55 35 41
55 35 41
55 35 41
80 41 48
71 25 41
71 25 41
99 35 61
78 43 47
45 37 39
120 36 67
100 37 57
102 23 98
89 33 75
78 21 57
99 32 77
110 42 88
110 42 88
82 42 48
40 28 38
114 55 75
114 55 75
114 55 75
66 21 43
100 44 64
100 44 64
107 42 58
86 73 73
67 40 51
67 40 51
65 30 36
65 30 36
77 33 65
120 29 45
93 26 63
110 34 46
107 44 62
117 43 57
77 51 66
85 20 34
70 24 58
114 49 99
66 44 52
114 51 58
57 35 37
98 37 96
58 43 49
79 56 66
71 42 61
83 39 42
87 31 65
87 31 65
55 41 54
116 42 94
89 66 67
89 66 67
60 28 48
97 39 56
97 39 56
92 31 33
85 73 78
62 42 59
62 42 59
89 48 72
89 48 72
97 54 60
72 42 71
