135 587 233 220
88 39 54
88 39 54
94 36 54
87 43 77
100 72 80
83 36 40
91 22 54
91 22 54
109 54 58
109 54 58
94 30 55
34 31 32
83 57 80
108 26 40
108 26 40
72 32 37
93 28 93
71 33 56
104 26 78
104 26 78
104 26 78
104 26 78
104 26 78
94 44 85
82 65 75
109 28 81
109 28 81
79 45 73
79 45 73
104 76 91
56 45 48
67 52 55
72 59 69
103 29 58
61 25 41
63 26 39
88 41 58
87 39 70
87 39 70
61 21 42
66 35 47
66 35 47
103 37 79
103 37 79
62 57 61
62 57 61
57 30 55
64 41 45
92 45 47
95 44 70
95 44 70
43 28 30
43 28 30
79 34 61
103 25 71
116 37 45
116 37 45
96 42 63
96 42 63
106 61 66
106 61 66
59 31 40
59 31 40
85 52 79
116 34 46
116 34 46
64 48 56
70 40 63
105 35 37
94 50 85
94 50 85
94 45 52
66 43 64
66 43 64
55 26 54
76 36 44
76 36 44
76 36 44
79 57 64
79 57 64
106 41 68
110 66 75
110 66 75
110 66 75
119 64 91
62 51 59
45 28 44
45 28 44
70 41 43
106 49 62
95 36 67
95 36 67
90 23 61
90 23 61
83 49 52
83 49 52
88 26 67
88 26 67
88 26 67
118 25 68
98 56 78
98 27 95
98 27 95
98 27 95
84 75 80
84 75 80
84 75 80
57 45 48
94 68 70
47 36 36
47 36 36
55 36 54
55 36 54
80 29 32
80 29 32
115 71 90
61 30 36
61 30 36
61 30 36
80 24 51
73 26 58
115 24 90
68 43 45
68 43 45
60 29 58
67 38 64
100 50 80
96 36 75
91 54 60
77 41 75
73 31 72
76 54 62
76 54 62
79 41 48
85 42 42
