154 587 233 220
99 23 68
68 40 52
68 40 52
101 61 66
57 22 56
57 22 56
81 47 54
86 25 34
54 27 46
54 27 46
54 27 46
95 34 65
105 29 57
105 29 57
120 28 63
120 28 63
64 42 62
64 42 62
78 21 65
98 45 94
94 26 58
94 26 58
113 51 81
113 51 81
83 76 80
83 76 80
86 53 64
68 33 44
68 33 44
52 31 40
52 31 40
52 31 40
95 38 67
95 38 67
98 27 70
98 27 70
116 37 54
90 36 51
90 36 51
90 36 51
104 52 75
74 39 50
71 41 64
88 37 72
85 41 68
85 41 68
85 41 68
85 41 68
84 33 84
83 40 62
83 40 62
84 57 64
80 39 68
80 39 68
80 38 53
80 38 53
115 23 62
115 23 62
94 30 43
85 39 43
85 39 43
50 21 35
78 56 63
75 34 52
76 34 75
86 20 27
70 28 52
70 28 52
53 25 35
53 25 35
108 21 49
108 21 49
46 36 42
64 44 50
64 44 50
108 24 42
108 24 42
77 26 48
114 43 50
114 43 50
94 48 65
102 21 29
102 21 29
57 38 48
57 38 48
57 38 48
61 25 29
61 25 29
45 37 44
45 37 44
45 37 44
74 50 54
74 50 54
77 33 64
77 33 64
92 44 69
86 46 63
86 46 63
99 28 51
99 28 51
99 28 51
99 28 51
107 41 56
76 32 45
76 32 45
76 32 45
100 36 39
100 36 39
67 34 45
67 34 45
84 41 50
84 41 50
68 40 60
98 70 86
98 70 86
98 70 86
78 41 73
78 41 73
111 36 73
116 46 57
116 46 57
88 21 47
54 24 28
54 24 28
54 24 28
77 26 29
111 39 43
111 39 43
92 36 37
92 36 37
94 53 55
67 38 50
67 38 50
67 46 59
67 46 59
117 62 65
117 62 65
65 47 49
73 37 52
52 23 52
52 23 52
59 36 58
59 36 58
81 66 70
117 74 77
117 74 77
117 31 99
117 31 99
67 64 66
91 67 90
83 24 52
105 61 80
89 36 77
89 36 77
