123 587 233 220
105 46 81
105 46 81
115 61 81
115 61 81
72 23 51
72 23 51
65 33 56
60 21 44
85 65 69
85 65 69
90 35 82
115 64 94
115 64 94
115 64 94
80 33 53
95 37 81
66 45 46
109 25 36
89 50 62
89 50 62
54 27 32
79 32 33
80 47 50
81 44 57
81 44 57
107 21 31
91 80 85
91 80 85
93 27 68
78 33 44
78 33 44
73 29 40
73 29 40
93 73 86
111 23 62
70 27 68
70 27 68
116 20 25
54 45 52
116 40 60
38 22 33
95 47 71
77 50 76
69 41 47
69 35 66
73 42 59
119 27 40
119 27 40
117 45 78
48 40 45
71 46 63
71 46 63
62 28 52
73 26 35
73 26 35
90 29 67
119 53 58
119 53 58
117 26 45
52 31 38
77 62 66
90 29 62
90 29 62
94 62 73
88 20 32
88 20 32
87 24 28
111 62 68
115 65 72
115 65 72
83 76 79
115 24 90
80 48 61
80 41 62
81 46 80
81 46 80
93 25 32
90 43 79
111 30 79
77 45 67
77 45 67
78 29 55
102 30 65
84 50 53
84 50 53
53 33 39
53 33 39
53 33 39
71 42 55
95 56 61
75 48 54
77 37 67
77 37 67
89 64 76
103 60 64
91 27 44
84 57 61
118 25 33
95 38 43
108 62 70
118 31 55
86 22 57
107 41 66
93 43 54
88 24 77
88 24 77
79 44 74
87 53 63
87 53 63
87 53 63
87 53 63
98 70 73
77 41 46
101 68 76
101 68 76
50 29 32
59 38 54
59 38 54
59 38 54
79 53 66
93 32 65
87 68 86
87 68 86
