131 587 233 220
76 46 52
66 31 59
62 44 55
62 44 55
95 36 46
63 35 59
100 32 37
100 32 37
91 37 54
49 36 44
109 49 66
109 49 66
109 49 66
69 27 48
109 62 85
48 42 47
77 48 67
77 48 67
112 76 79
112 76 79
102 28 40
106 65 99
86 50 73
79 57 76
61 39 56
61 39 56
100 30 86
75 39 60
75 39 60
108 27 67
95 21 93
113 45 56
91 33 57
91 33 57
112 53 72
112 53 72
73 34 47
82 47 80
84 35 44
84 35 44
90 43 61
90 43 61
61 33 52
69 54 57
93 32 57
45 32 37
69 46 56
76 45 61
76 45 61
83 51 51
83 51 51
104 72 94
104 72 94
115 27 49
115 27 49
72 20 33
40 29 31
40 29 31
97 40 44
114 28 83
89 53 64
89 53 64
48 25 42
79 31 43
114 25 61
97 78 79
97 78 79
98 65 80
98 65 80
80 20 31
80 20 31
95 45 61
95 45 61
105 28 71
84 29 70
84 29 70
89 34 51
89 34 51
82 25 58
82 25 58
82 25 58
82 25 58
94 28 50
65 29 30
100 53 82
76 35 70
76 35 70
76 35 70
58 21 46
58 21 46
89 57 74
80 33 43
96 46 74
96 46 74
82 45 47
120 76 78
76 22 55
106 34 79
66 37 45
82 43 68
77 54 72
65 55 64
65 55 64
83 40 54
97 30 41
97 30 41
87 38 64
87 38 64
64 53 63
112 68 97
92 31 47
92 31 47
105 21 48
105 21 48
101 29 38
110 62 91
85 64 79
120 49 81
120 49 81
93 27 44
93 27 44
45 33 38
45 33 38
89 31 51
61 46 50
61 46 50
72 45 48
78 31 61
78 31 61
112 45 63
30 21 30
