119 587 233 220
109 64 68
109 64 68
109 64 68
84 55 58
96 24 83
74 37 67
107 70 73
107 70 73
107 70 73
80 54 73
72 33 41
84 74 79
84 74 79
40 20 37
74 42 73
55 33 48
109 70 74
107 39 44
99 47 51
80 38 62
46 37 43
94 36 69
98 48 64
98 48 64
99 70 91
113 52 76
62 24 52
99 61 86
113 40 95
117 60 88
67 36 48
103 58 91
88 37 51
88 37 51
88 37 51
106 59 63
98 61 64
88 48 80
94 29 60
115 50 78
100 26 63
109 43 72
109 43 72
62 54 57
82 34 72
78 58 63
97 64 64
100 23 58
100 23 58
71 47 51
71 47 51
76 35 61
76 35 61
77 33 64
109 46 55
100 55 69
96 63 65
71 30 56
74 39 61
117 76 93
87 25 66
58 29 54
67 53 56
73 46 49
73 46 49
111 39 60
57 31 42
91 31 38
101 52 75
88 23 70
74 51 66
74 65 71
48 32 38
112 62 89
71 36 46
71 36 46
39 30 38
77 29 74
77 29 74
68 33 67
76 37 42
77 55 64
77 55 64
74 38 62
77 53 69
100 27 43
74 44 65
59 41 44
59 41 44
72 24 54
72 24 54
94 25 38
94 25 38
68 34 51
100 29 80
87 49 60
100 41 86
100 41 86
100 41 86
104 27 52
104 27 52
104 27 52
99 79 85
99 79 85
99 44 90
99 44 90
71 21 68
71 21 68
71 21 68
47 35 47
47 35 47
93 22 71
80 40 43
44 33 39
44 33 39
67 27 37
77 52 75
68 48 61
100 47 67
