130 587 233 220
114 20 54
114 20 54
92 50 87
114 26 43
93 42 69
80 64 79
99 29 80
60 47 54
54 32 53
113 68 75
67 49 66
67 49 66
65 21 30
65 21 30
110 29 63
75 27 60
75 27 60
95 40 71
92 67 74
92 67 74
55 38 43
105 31 32
90 46 81
90 38 60
90 38 60
77 22 42
81 32 72
81 32 72
99 20 94
99 20 94
97 49 68
38 31 37
118 32 65
91 35 81
91 35 81
91 35 81
114 49 56
97 58 86
94 38 83
64 25 39
111 57 70
69 47 58
69 47 58
69 47 58
75 46 57
75 46 57
89 40 67
89 40 67
96 21 74
67 23 47
115 20 68
56 20 40
96 46 63
68 67 67
85 31 41
85 31 41
101 36 90
101 36 90
102 64 65
70 46 57
70 46 57
65 49 53
114 36 58
120 26 81
120 26 81
79 56 72
79 56 72
79 56 72
79 56 72
71 25 46
71 25 46
88 53 66
88 53 66
88 40 62
88 40 62
85 71 79
106 30 54
65 23 58
90 58 65
90 58 65
90 58 65
69 23 64
69 23 64
83 39 76
114 42 44
110 41 64
100 48 50
100 48 50
72 56 69
72 56 69
60 27 51
60 27 51
67 26 26
114 53 82
114 53 82
91 56 81
115 36 54
80 55 80
80 55 80
71 39 58
49 29 30
96 27 67
96 27 67
57 27 43
95 22 61
82 43 77
93 39 83
74 33 51
74 33 51
74 33 51
83 68 79
77 35 41
92 30 41
87 63 72
92 34 73
92 34 73
92 34 73
92 34 73
106 43 44
90 41 50
115 21 48
68 59 64
68 59 64
68 59 64
80 31 76
118 36 56
96 76 77
101 37 72
120 64 72
115 25 48
