130 587 233 220
87 32 45
84 46 63
84 44 67
76 30 55
87 61 78
115 53 77
78 51 72
93 62 91
48 40 41
92 53 82
92 53 82
102 54 69
102 54 69
80 34 52
80 34 52
80 34 52
90 60 71
66 42 43
73 52 58
66 26 66
91 28 40
72 33 34
120 74 98
68 43 56
84 57 68
84 57 68
90 74 78
98 25 67
81 35 41
81 35 41
85 42 44
85 42 44
85 42 44
100 40 83
104 27 34
104 27 34
104 27 34
37 25 30
115 63 98
115 63 98
66 30 54
66 30 54
62 26 36
62 26 36
67 39 39
119 27 39
119 27 39
119 27 39
95 20 40
88 80 85
84 57 63
110 32 74
110 32 74
73 26 33
98 20 93
81 37 67
81 37 67
81 37 67
63 30 45
69 26 35
98 28 30
98 28 30
80 51 59
70 25 44
91 57 64
91 57 64
91 57 64
75 58 67
95 69 76
95 69 76
95 69 76
59 32 46
59 32 46
111 29 91
83 32 49
60 39 39
60 39 39
61 24 42
76 31 71
99 38 71
70 24 39
70 24 39
70 44 49
65 26 64
65 26 64
59 45 49
80 52 58
87 74 79
107 40 78
92 67 79
92 67 79
92 67 79
108 67 80
120 72 82
102 29 91
102 29 91
76 52 65
100 39 55
100 39 55
39 35 38
93 33 77
75 23 26
98 37 70
74 40 72
74 40 72
74 40 72
96 32 39
97 31 79
87 20 71
48 34 36
87 61 68
87 61 68
66 34 61
66 34 61
66 34 61
67 29 41
117 24 56
74 37 41
74 37 41
70 25 56
90 44 52
90 44 52
80 30 68
110 38 80
110 38 80
116 42 59
70 28 57
70 28 57
69 34 49
94 52 85
