122 587 233 220
118 51 79
86 31 32
64 52 58
64 52 58
42 32 42
42 32 42
64 43 55
64 43 55
64 43 55
84 35 70
76 36 57
95 55 60
95 55 60
80 52 66
109 23 73
72 54 65
98 44 55
88 31 61
88 31 61
94 66 82
94 66 82
78 64 77
78 64 77
77 30 32
91 61 61
101 77 100
103 59 63
103 59 63
117 57 61
71 34 69
60 30 51
87 29 60
107 62 72
93 64 77
55 44 44
66 31 36
66 31 36
94 26 79
94 26 79
76 46 63
74 40 56
64 48 54
118 20 43
101 24 26
101 24 26
47 24 37
84 43 58
92 43 81
92 43 81
42 34 38
42 34 38
42 34 38
117 49 52
98 45 46
115 59 68
115 59 68
99 46 52
79 34 40
79 34 40
79 34 40
70 55 67
90 57 86
90 57 86
94 46 75
116 63 84
116 63 84
109 28 41
50 34 34
83 71 71
75 21 43
115 34 87
115 34 87
114 29 47
103 67 74
103 67 74
85 72 75
54 25 54
116 36 77
96 58 85
104 43 71
75 23 48
113 54 72
76 38 54
80 51 63
86 55 76
79 43 68
79 43 68
79 43 68
106 42 79
105 29 80
119 38 83
98 24 33
93 23 67
83 37 73
113 47 70
99 24 39
103 49 67
103 49 67
110 32 43
96 76 78
49 38 48
49 38 48
75 42 64
53 35 46
53 35 46
117 37 74
61 42 50
61 42 50
71 38 42
107 26 39
107 26 39
96 22 32
96 22 32
101 21 80
87 42 82
67 23 59
67 23 59
92 54 58
101 59 66
87 64 64
87 64 64
112 46 69
