131 587 233 220
101 24 81
94 29 72
94 29 72
94 29 72
79 47 72
90 35 36
68 40 51
48 35 45
108 69 84
108 69 84
91 31 45
91 31 45
84 62 80
77 41 71
91 42 78
82 60 80
89 26 42
45 30 41
79 29 51
79 29 51
56 20 53
117 39 78
84 42 78
84 42 78
118 46 66
118 46 66
116 30 42
116 30 42
80 47 51
117 73 74
56 28 47
84 31 52
69 55 68
69 55 68
69 55 68
69 32 45
88 59 80
95 34 93
115 51 55
115 51 55
115 51 55
115 51 55
99 21 83
115 35 66
84 36 65
84 40 43
97 48 81
100 41 59
69 25 48
41 26 27
79 45 64
115 27 81
66 24 59
66 24 59
63 52 57
63 52 57
66 44 54
87 59 76
87 59 76
82 43 66
118 43 51
81 21 36
59 33 53
75 51 56
85 49 62
76 32 51
76 32 51
67 54 55
70 25 32
120 47 69
97 36 82
97 34 68
97 34 68
96 53 61
96 53 61
44 27 34
71 29 34
71 29 34
100 37 92
100 37 92
100 37 92
83 44 61
91 35 38
89 60 80
89 60 80
113 27 42
79 38 73
79 38 73
80 68 80
67 28 46
67 28 46
79 37 60
91 41 42
78 45 66
113 27 58
113 27 58
114 22 64
114 22 64
73 43 68
73 43 68
62 32 47
120 40 43
120 40 43
82 37 42
110 46 85
110 46 85
62 51 56
65 52 60
65 52 60
74 33 62
74 33 62
89 72 75
75 25 40
75 25 40
75 25 40
96 57 71
96 57 71
95 69 92
95 69 92
69 34 54
69 34 54
69 34 54
69 34 54
76 56 73
75 30 74
111 39 54
111 39 54
60 38 46
60 38 46
97 45 64
48 25 47
