116 587 233 220
110 55 60
80 71 78
110 50 75
100 40 72
103 32 60
103 32 60
70 49 60
70 49 60
80 62 72
120 67 74
75 37 52
57 48 54
62 53 55
83 36 73
75 40 64
98 31 80
98 31 80
112 52 100
56 44 49
74 26 28
68 52 67
68 52 67
116 27 96
92 45 65
90 34 84
61 53 54
109 31 42
63 44 60
115 61 66
111 47 49
99 30 75
74 31 65
74 31 65
74 31 65
96 70 85
90 35 52
92 25 58
83 35 83
83 71 80
105 46 98
93 36 77
93 36 77
89 37 65
116 47 62
116 47 62
113 38 64
73 35 72
56 31 55
56 31 55
76 69 74
81 36 44
81 36 44
78 51 62
113 58 71
90 42 43
105 43 78
84 41 78
98 44 47
98 44 47
112 51 52
100 50 67
118 30 57
118 30 57
119 27 70
110 38 63
110 38 63
114 60 60
62 45 46
84 65 71
116 26 41
106 34 57
91 22 35
115 67 76
115 67 76
82 49 69
82 49 69
98 40 47
97 75 78
113 27 38
113 27 38
94 54 66
100 25 68
100 25 68
68 20 65
86 32 44
117 43 75
106 55 60
80 22 63
80 22 63
79 35 48
87 31 80
87 31 80
118 41 83
118 41 83
115 49 81
75 22 34
102 35 50
91 50 59
91 50 59
55 41 42
104 61 97
104 61 97
107 26 80
95 41 49
79 45 46
79 45 46
79 45 46
81 47 56
76 20 52
76 20 52
98 38 52
98 38 52
78 57 76
85 53 78
92 52 53
76 61 66
