115 587 233 220
65 50 51
113 28 78
120 32 35
71 20 53
94 64 70
64 32 33
64 32 33
71 21 35
85 49 59
108 53 62
116 25 56
75 35 69
114 53 85
55 20 35
89 66 72
92 47 62
103 42 99
66 32 55
93 39 62
86 50 64
86 50 64
75 68 71
96 40 78
88 20 59
118 32 51
77 44 65
78 49 56
107 80 96
116 33 89
116 33 89
73 40 51
73 40 51
73 40 51
95 22 65
104 47 68
77 34 69
68 35 46
105 47 94
91 36 63
119 66 99
108 21 35
68 50 68
86 64 65
86 64 65
98 59 72
98 59 72
54 38 41
85 47 78
85 47 78
49 30 49
49 30 49
60 32 60
73 30 72
62 29 55
62 29 55
94 47 57
104 30 42
68 45 54
105 30 47
105 30 47
111 24 62
98 26 30
91 57 80
91 57 80
91 57 80
79 22 78
117 33 69
82 53 62
120 31 35
81 23 53
49 36 44
106 75 80
105 20 68
80 51 51
116 53 66
116 53 66
116 53 66
109 74 96
95 51 64
95 51 64
95 51 64
87 68 74
94 34 82
99 61 97
99 61 97
55 30 44
110 42 47
74 49 73
74 49 73
43 25 42
74 28 35
95 28 66
88 41 52
88 41 52
75 52 60
76 59 69
71 59 64
72 39 47
89 36 66
89 36 66
45 25 38
45 25 38
113 46 87
108 35 89
69 49 50
69 49 50
114 39 72
93 44 89
60 48 51
88 67 70
88 67 70
73 52 63
111 33 84
111 33 84
111 79 80
