140 587 233 220
114 42 77
105 74 81
105 74 81
105 74 81
105 74 81
76 50 73
104 41 91
75 23 70
93 20 67
89 25 54
89 25 54
89 28 46
36 24 35
36 24 35
72 29 50
72 38 41
72 38 41
84 24 32
84 24 32
85 31 53
115 38 94
60 38 51
60 38 51
60 38 51
74 40 46
74 40 46
52 41 50
52 41 50
85 50 58
116 34 78
85 41 53
109 26 42
74 55 66
74 55 66
74 55 66
69 33 45
69 33 45
87 20 68
94 25 34
99 24 39
106 67 72
88 30 65
88 30 65
115 48 80
115 48 80
73 36 41
73 36 41
76 35 45
92 38 66
92 38 66
92 38 66
65 40 58
65 40 58
76 64 68
76 64 68
76 64 68
111 34 64
111 34 64
111 34 64
54 32 54
80 57 62
56 56 56
69 33 41
69 33 41
72 51 52
83 21 40
73 62 63
70 26 55
84 35 74
76 41 76
76 41 76
85 46 71
85 46 71
85 46 71
83 30 52
84 42 74
91 35 51
87 43 62
87 43 62
78 51 59
117 40 66
106 33 53
87 31 41
96 30 66
77 35 36
77 35 36
77 35 36
111 79 86
111 79 86
77 33 65
77 33 65
77 33 65
79 45 75
85 31 70
103 56 66
79 20 71
66 43 62
66 43 62
79 59 78
107 28 78
107 28 78
81 28 43
84 21 68
84 21 68
83 27 45
83 27 45
97 51 56
102 38 99
102 38 99
62 22 25
76 39 50
76 39 50
115 23 50
115 23 50
115 23 50
118 41 65
118 41 65
62 41 56
84 58 71
84 58 71
77 66 77
59 35 42
59 35 42
92 25 90
92 25 90
111 32 55
100 26 33
76 59 68
114 53 57
56 24 49
85 32 40
85 32 40
42 33 40
42 33 40
107 35 50
109 50 63
109 50 63
109 50 63
69 55 60
90 41 44
