144 587 233 220
55 22 37
55 22 37
55 22 37
55 22 37
55 22 37
72 31 55
61 36 56
61 36 56
76 22 72
74 61 66
43 32 39
43 32 39
43 32 39
108 27 98
109 65 73
97 40 92
109 62 80
57 45 57
114 41 43
100 67 69
100 67 69
100 67 69
82 24 68
97 31 34
99 60 95
79 45 45
44 30 35
44 30 35
85 55 65
100 76 91
100 76 91
116 24 58
101 40 53
101 40 53
79 34 54
70 53 70
90 23 56
95 57 86
95 57 86
95 57 86
95 57 86
101 31 56
96 31 50
96 31 50
60 34 50
60 34 50
54 31 45
79 29 51
79 29 51
114 44 76
114 44 76
88 67 80
66 33 50
62 32 39
62 32 39
62 32 39
73 30 71
105 25 60
105 25 60
105 25 60
98 21 79
103 21 67
103 21 67
58 51 57
56 23 56
85 30 49
70 52 53
70 52 53
75 43 68
75 43 68
62 40 61
62 40 61
98 60 76
72 55 71
84 41 53
84 30 31
99 20 55
100 40 74
100 40 74
100 40 74
55 50 54
55 50 54
74 37 49
96 34 76
72 36 50
100 68 84
76 48 50
76 48 50
98 25 75
98 25 75
73 43 60
76 36 70
115 35 59
115 35 59
49 34 48
49 34 48
83 56 62
102 31 72
81 36 36
99 55 75
99 55 75
99 39 62
52 26 45
52 26 45
94 61 90
71 32 36
71 32 36
71 32 36
117 42 63
86 70 76
86 70 76
93 20 66
93 20 66
93 20 66
87 34 41
77 56 58
77 56 58
52 47 50
38 25 26
38 25 26
92 38 40
92 38 40
48 20 25
48 20 25
53 33 36
47 31 38
47 31 38
70 35 54
62 24 46
108 48 77
108 48 77
56 35 53
64 36 63
64 36 63
64 36 63
117 41 48
87 49 59
87 49 59
87 49 59
100 36 80
100 36 80
100 36 80
100 36 80
60 35 58
