137 587 233 220
87 28 33
87 28 33
87 28 33
97 57 70
71 38 57
71 38 57
71 38 57
63 47 53
77 37 56
102 47 67
72 29 31
84 38 58
84 56 57
88 33 76
88 33 76
88 33 76
109 73 76
57 54 55
115 25 26
115 25 26
71 41 50
102 29 59
102 29 59
69 45 67
50 38 46
50 38 46
50 38 46
50 38 46
78 38 76
95 31 55
98 38 83
89 31 67
89 31 67
68 45 51
63 27 35
72 25 53
109 74 78
109 74 78
90 29 58
96 45 50
96 45 50
89 28 70
95 44 73
95 44 73
78 26 68
118 62 89
118 62 89
98 25 72
102 33 35
102 33 35
74 36 55
104 45 62
104 45 62
91 27 28
63 31 57
49 25 47
75 66 69
65 42 50
65 42 50
65 42 50
119 25 72
98 35 74
53 33 51
94 40 75
96 20 48
96 20 48
49 36 45
90 61 79
99 39 94
99 39 94
100 72 77
66 36 38
111 70 73
85 41 60
64 22 42
49 29 37
79 53 70
48 38 41
48 38 41
90 73 77
119 24 93
83 70 75
83 70 75
71 41 66
71 41 66
71 41 66
80 35 61
118 47 92
118 47 92
68 27 58
64 44 53
70 44 55
79 21 69
79 21 69
69 40 42
69 40 42
112 24 45
112 24 45
83 61 65
49 27 39
100 62 81
100 62 81
100 62 81
100 62 81
100 62 81
63 26 42
63 26 42
81 72 79
79 41 56
79 41 56
113 50 60
92 23 46
92 23 46
90 35 60
90 35 60
90 35 60
79 37 73
95 37 75
95 37 75
86 40 71
67 38 44
67 38 44
102 40 64
69 57 66
75 40 69
75 40 69
77 20 66
77 20 66
92 24 32
92 24 32
61 32 36
61 32 36
61 32 36
65 48 54
65 48 54
99 55 78
79 70 71
