122 587 233 220
91 33 52
87 63 81
113 45 79
114 45 52
114 45 52
110 66 90
81 31 41
81 31 41
81 31 41
108 37 67
118 57 82
96 30 60
43 36 42
93 77 78
85 25 62
93 30 83
101 77 87
112 56 72
49 31 39
100 38 67
100 38 67
100 38 67
76 41 59
114 59 64
114 59 64
91 34 68
63 57 57
63 57 57
93 44 54
93 44 54
99 37 64
99 37 64
80 34 63
50 31 31
95 39 74
78 67 76
78 67 76
59 28 46
85 49 63
85 49 63
81 26 32
81 26 32
111 26 55
65 34 37
65 34 37
98 20 52
98 20 52
98 20 52
84 72 75
89 58 67
97 33 74
76 46 55
41 30 34
78 52 61
92 43 47
101 33 58
99 41 56
45 34 41
115 50 79
115 50 79
68 40 47
95 42 92
92 55 77
55 33 42
78 50 53
112 52 85
112 52 85
53 32 41
112 40 68
96 22 50
65 49 65
58 43 44
65 40 53
65 40 53
65 40 53
101 61 100
101 61 100
101 61 100
112 61 65
90 44 60
90 44 60
118 62 75
81 33 71
120 41 42
120 41 42
118 35 42
42 33 37
42 33 37
74 43 52
74 43 52
77 44 68
74 23 40
79 46 78
81 21 57
95 26 66
118 21 100
54 38 49
54 38 49
79 68 68
116 29 42
75 26 69
114 32 48
117 50 71
118 58 74
100 54 83
100 54 83
54 35 43
54 35 43
54 35 43
65 27 64
96 39 46
83 63 68
83 36 37
83 36 37
83 36 37
60 43 57
108 50 57
74 53 72
66 35 43
87 25 63
120 62 78
120 62 78
