113 587 233 220
86 57 65
61 32 37
61 32 37
39 27 33
39 27 33
85 26 33
101 42 94
65 46 53
76 39 72
47 25 42
93 60 76
95 51 74
97 32 66
116 37 78
98 47 53
68 60 63
93 68 91
90 35 88
93 66 71
93 66 71
100 70 89
94 35 84
74 30 40
95 39 63
42 20 36
108 38 73
81 46 66
81 46 66
103 20 95
72 66 70
72 66 70
71 26 67
103 48 66
103 48 66
95 75 94
76 46 59
86 38 86
113 62 75
120 47 75
120 47 75
120 47 75
64 49 58
73 27 39
95 50 93
89 61 79
76 56 63
115 59 66
99 28 46
99 28 46
74 35 73
68 27 67
68 27 67
91 28 39
80 22 75
103 54 60
84 29 72
96 80 80
100 32 52
100 32 52
73 33 43
73 33 43
98 32 71
104 49 90
56 50 51
67 65 65
74 39 51
78 50 61
102 72 88
102 72 88
64 39 58
64 39 58
75 42 53
59 54 58
59 54 58
108 67 76
93 73 78
98 55 86
56 38 39
85 25 51
108 21 85
108 21 85
58 34 38
105 64 71
77 46 47
50 26 47
50 26 47
64 39 60
82 42 62
82 42 62
97 31 80
83 58 65
85 42 74
111 71 96
111 71 96
108 24 74
85 20 78
116 38 55
94 48 56
94 48 56
68 21 58
71 47 71
71 47 71
72 32 33
91 34 87
94 30 75
94 30 75
94 30 75
102 20 56
104 72 86
84 63 66
44 30 42
107 44 56
96 64 75
