111 587 233 220
78 37 69
115 58 90
68 20 53
68 20 53
68 20 53
119 47 71
100 57 82
88 52 76
95 43 90
95 43 90
87 62 72
80 47 66
80 47 66
120 67 78
120 67 78
103 60 65
86 50 60
86 50 60
80 37 49
94 36 83
92 51 59
118 35 67
80 62 78
91 33 58
91 33 58
114 49 78
76 40 54
82 65 76
106 38 74
39 30 34
89 71 85
89 71 85
119 60 72
119 60 72
119 60 72
85 61 77
65 45 62
82 27 36
82 27 36
82 27 36
115 33 40
115 33 40
73 64 65
65 37 54
83 35 42
73 40 46
55 30 43
84 25 32
92 22 39
86 73 84
68 33 48
58 40 56
59 37 45
110 29 39
92 60 79
55 34 54
85 27 81
40 26 33
40 26 33
71 57 61
68 44 58
72 29 40
61 30 54
55 47 48
55 47 48
55 47 48
64 35 41
110 31 70
96 37 92
92 46 57
118 63 94
108 58 73
96 53 69
84 35 37
89 53 58
88 78 78
116 78 93
99 21 54
99 21 54
97 29 64
86 77 80
76 37 56
116 27 95
76 24 56
75 47 74
57 35 36
92 49 65
101 21 62
100 56 79
100 56 79
107 38 60
115 42 88
115 42 88
92 75 83
97 36 82
91 38 80
111 58 94
59 38 41
66 38 42
84 27 81
84 27 81
114 65 96
96 37 45
120 58 75
93 69 82
96 54 69
103 32 45
103 32 45
90 20 40
66 41 56
58 41 43
