137 587 233 220
75 69 73
66 40 56
64 41 51
90 28 52
73 28 33
91 60 76
54 28 45
54 28 45
54 28 45
107 56 81
63 44 53
63 44 53
88 50 75
88 50 75
79 20 76
116 66 71
116 66 71
84 35 52
84 35 52
61 22 56
61 22 56
54 31 53
86 53 85
86 53 85
84 29 71
84 29 71
80 41 52
80 41 52
80 41 52
83 26 33
83 26 33
83 26 33
99 38 60
83 37 47
50 36 41
43 40 40
87 43 73
81 49 60
81 49 60
57 49 56
57 49 56
57 23 34
57 23 34
94 47 89
79 34 52
79 34 52
79 34 52
87 36 60
103 39 48
71 45 68
95 67 69
107 33 95
107 33 95
90 55 73
90 39 58
89 36 79
89 36 79
110 56 74
55 27 30
44 43 44
44 43 44
44 43 44
82 41 45
105 46 47
38 32 35
38 32 35
82 45 60
89 60 88
89 60 88
89 60 88
71 40 50
63 32 46
63 32 46
63 32 46
86 28 82
114 34 56
114 34 56
66 59 66
84 36 45
95 20 48
60 21 35
60 20 25
60 20 25
69 35 46
82 43 66
82 43 66
50 33 34
50 33 34
105 29 45
104 50 98
104 50 98
79 22 78
80 36 62
80 36 62
67 31 35
67 31 35
67 31 35
77 25 42
78 30 31
44 30 34
110 54 75
108 65 86
73 44 48
100 30 39
100 30 39
78 44 60
100 41 65
82 56 73
82 56 73
82 56 73
85 54 57
84 42 56
84 42 56
77 37 77
91 48 73
53 40 47
108 38 75
106 32 53
106 32 53
76 69 75
76 69 75
91 48 87
90 51 90
90 51 90
100 68 69
87 50 67
96 32 44
96 32 44
98 76 92
98 76 92
113 36 45
113 36 45
77 39 68
75 47 72
78 54 76
78 54 76
78 54 76
