127 587 233 220
101 20 69
108 54 66
74 33 62
69 33 61
71 31 64
38 30 32
108 37 47
108 37 47
100 36 41
100 36 41
99 39 79
83 22 55
83 22 55
99 36 49
83 22 56
83 22 56
66 44 52
120 29 69
101 50 90
58 39 54
88 58 64
82 46 52
63 53 63
63 53 63
82 60 67
89 29 69
89 29 69
89 29 69
84 34 68
52 40 49
52 40 49
89 56 75
89 56 75
89 56 75
48 39 44
53 21 27
53 21 27
99 43 52
99 43 52
99 43 52
97 60 67
65 44 48
101 55 69
99 31 79
99 52 55
117 33 92
117 33 92
117 33 92
94 23 60
115 23 95
88 56 76
92 24 79
79 39 61
92 54 75
92 54 75
50 29 43
50 29 43
60 43 55
117 32 92
120 20 92
96 32 83
80 54 74
85 39 70
82 35 56
92 26 56
107 50 75
78 24 71
116 32 57
82 30 78
119 50 67
119 50 67
63 34 54
76 51 66
114 29 74
114 29 74
73 47 62
73 47 62
97 35 55
119 48 62
119 48 62
80 27 68
48 22 32
100 36 48
100 36 48
100 36 48
89 21 63
89 21 63
89 21 63
74 43 70
95 52 68
104 20 55
48 41 45
48 41 45
103 48 71
103 48 71
103 48 71
114 43 67
120 38 91
120 62 62
120 62 62
104 32 66
70 54 64
70 54 64
54 25 42
79 71 72
79 71 72
90 49 85
90 49 85
105 56 75
106 56 78
106 56 78
65 27 62
108 54 73
98 68 92
98 68 92
84 37 66
84 37 66
91 28 40
91 28 40
59 42 55
85 33 57
88 36 51
58 27 32
72 38 46
95 27 28
95 27 28
113 67 95
