140 587 233 220
106 38 55
69 48 50
69 48 50
106 57 63
106 57 63
71 51 66
62 36 41
62 36 41
75 39 49
75 39 49
75 39 49
90 53 64
96 55 79
83 67 75
58 30 48
58 30 48
81 24 59
71 41 56
111 40 76
113 26 27
50 36 41
57 50 55
42 21 25
42 21 25
115 29 44
115 29 44
78 52 54
87 31 68
87 31 68
108 37 87
97 27 28
79 42 77
94 51 82
113 67 89
113 67 89
113 67 89
93 41 59
67 37 40
67 37 40
67 37 40
66 44 51
75 32 42
51 40 46
51 40 46
51 40 46
96 41 51
98 24 32
91 54 86
52 30 52
58 36 51
58 36 51
58 36 51
83 41 45
116 26 43
95 57 71
98 37 50
71 41 45
64 31 49
72 52 63
113 30 36
85 66 70
79 32 40
96 37 50
77 49 69
77 49 69
77 49 69
77 49 69
41 22 31
41 22 31
87 34 76
112 33 80
112 33 80
57 20 52
76 45 61
76 45 61
114 21 96
114 21 96
71 36 61
71 36 61
34 26 34
34 26 34
99 46 78
57 38 42
97 25 73
97 25 73
73 30 40
83 39 43
83 39 43
91 29 82
91 29 82
91 29 82
91 29 82
93 29 34
93 29 34
93 29 34
70 35 49
70 35 49
111 23 47
108 75 92
85 40 73
85 40 73
57 45 51
101 49 67
101 49 67
94 44 57
116 21 54
116 21 54
103 62 99
103 62 99
63 34 47
63 34 47
92 40 46
92 40 46
83 42 53
89 24 53
89 24 53
68 37 64
79 23 29
79 23 29
98 76 78
98 76 78
112 72 99
115 48 84
115 48 84
109 42 68
84 57 65
76 41 68
93 35 48
93 35 48
118 69 72
118 69 72
76 40 63
76 37 61
70 34 57
70 34 57
70 34 57
63 32 43
63 32 43
75 37 46
75 37 46
