# MHKP instance for submodel V0 of Deplano et al. (2019)
# BINS:  length width height priority
# ITEMS: length width height
# beta (gcd of item sides) = 1
BINS
120 120 120 5.78703703704e-07
144 120 120 4.8225308642e-07
168 144 120 3.444664903e-07
192 168 144 2.15291556437e-07
240 192 168 1.29174933862e-07
ITEMS
98 105 60
63 31 57
133 115 98
59 36 51
51 51 30
92 81 74
111 91 67
43 38 26
141 77 100
140 90 92
86 78 59
87 107 61
144 115 89
39 62 25
69 45 50
97 83 81
134 91 64
88 92 96
118 89 96
133 113 65
76 34 48
95 103 99
41 56 49
69 41 50
103 69 73
120 96 83
106 79 100
45 34 31
52 47 57
44 65 56
88 84 71
87 93 88
85 94 69
84 105 94
66 46 41
122 85 58
89 86 94
143 90 77
118 108 71
123 79 82
92 76 87
107 97 79
144 72 63
77 63 41
125 114 95
127 77 95
70 35 26
37 59 41
80 58 27
48 60 38
54 51 33
139 71 79
78 66 37
116 111 82
65 43 41
69 35 29
103 103 83
99 102 73
75 36 37
136 94 79
84 67 84
135 104 66
59 43 54
43 37 34
73 38 36
47 57 45
49 37 50
43 50 28
97 110 79
119 92 73
