# MHKP instance for submodel V0 of Deplano et al. (2019)
# BINS:  length width height priority
# ITEMS: length width height
# beta (gcd of item sides) = 1
BINS
120 120 120 5.78703703704e-07
144 120 120 4.8225308642e-07
168 144 120 3.444664903e-07
192 168 144 2.15291556437e-07
240 192 168 1.29174933862e-07
ITEMS
128 82 77
139 76 83
118 83 79
117 90 89
132 68 63
141 82 77
84 69 96
60 52 53
129 111 68
85 80 62
116 95 68
137 95 62
97 72 81
132 72 92
78 58 52
126 67 85
95 85 60
140 87 82
134 97 79
48 54 45
111 81 65
112 106 80
117 76 79
106 104 95
84 102 66
126 71 77
84 45 41
129 81 72
91 97 65
108 113 75
139 109 70
114 97 85
74 59 33
129 108 69
136 115 66
84 76 75
75 64 35
64 64 48
55 37 57
125 101 82
126 76 84
110 75 92
73 53 27
77 29 55
48 52 50
140 72 96
66 36 29
140 110 100
80 57 33
52 35 54
140 109 89
107 89 92
96 93 92
131 104 100
91 67 99
108 73 68
42 28 43
139 79 92
117 75 79
36 62 35
85 74 93
117 68 71
107 113 99
114 109 60
44 42 53
81 50 45
137 78 96
139 81 80
49 65 58
132 98 89
