# MHKP instance for submodel V0 of Deplano et al. (2019)
# BINS:  length width height priority
# ITEMS: length width height
# beta (gcd of item sides) = 1
BINS
120 120 120 5.78703703704e-07
144 120 120 4.8225308642e-07
168 144 120 3.444664903e-07
192 168 144 2.15291556437e-07
240 192 168 1.29174933862e-07
ITEMS
60 41 52
104 98 94
93 74 79
56 45 54
70 44 55
60 43 49
38 61 48
119 110 79
119 87 93
107 69 66
106 108 59
93 100 65
59 60 45
90 69 75
138 114 94
76 51 41
70 57 50
121 90 100
126 88 80
124 94 82
113 100 88
77 47 56
119 106 74
92 80 80
142 80 80
51 48 36
36 44 51
135 73 88
109 71 60
98 74 99
137 78 87
126 71 92
142 99 98
136 114 73
62 55 38
36 33 25
39 28 50
88 68 87
65 60 48
46 55 45
77 60 50
54 57 41
53 51 53
104 109 96
99 82 83
114 88 96
105 90 67
66 50 30
100 87 76
46 53 41
116 97 67
51 47 25
143 83 97
57 61 33
107 96 80
67 51 30
105 100 66
39 28 57
123 94 62
107 96 69
101 111 91
75 39 40
115 93 86
67 55 51
141 89 67
99 113 68
53 67 40
140 114 91
101 75 59
87 103 75
