# MHKP instance for submodel V0 of Deplano et al. (2019)
# BINS:  length width height priority
# ITEMS: length width height
# beta (gcd of item sides) = 1
BINS
120 120 120 5.78703703704e-07
144 120 120 4.8225308642e-07
168 144 120 3.444664903e-07
192 168 144 2.15291556437e-07
240 192 168 1.29174933862e-07
ITEMS
90 103 78
105 74 84
64 37 38
122 93 99
109 79 63
45 49 31
107 70 66
89 77 71
100 92 92
87 101 58
84 76 80
64 31 38
58 56 56
106 103 74
70 37 41
121 98 76
137 68 68
123 100 93
129 110 68
143 69 93
122 101 80
64 47 57
108 86 67
99 96 87
124 88 70
125 115 77
103 80 67
111 71 88
86 86 88
90 107 83
98 77 93
74 41 40
127 111 83
115 94 91
75 55 49
59 39 52
86 72 74
135 70 74
97 76 75
73 52 51
69 30 30
101 99 76
68 30 46
54 37 32
125 113 63
121 81 61
38 31 32
79 62 45
139 75 96
42 54 36
99 76 92
126 93 68
113 92 91
109 99 79
110 113 84
125 115 64
130 90 99
98 106 93
127 94 89
93 84 68
76 31 50
109 100 60
48 50 42
97 76 66
62 35 32
56 57 53
130 112 63
109 100 60
111 91 93
54 49 50
