# MHKP instance for submodel V0 of Deplano et al. (2019)
# BINS:  length width height priority
# ITEMS: length width height
# beta (gcd of item sides) = 1
BINS
120 120 120 5.78703703704e-07
144 120 120 4.8225308642e-07
168 144 120 3.444664903e-07
192 168 144 2.15291556437e-07
240 192 168 1.29174933862e-07
ITEMS
63 45 28
66 53 54
100 91 71
95 106 70
97 73 62
48 57 50
62 60 33
54 43 51
50 30 31
106 108 87
111 101 63
117 100 92
135 75 86
88 71 86
132 67 76
96 76 67
61 65 26
111 85 59
130 71 83
134 107 95
99 78 68
119 103 90
79 40 44
60 45 43
107 96 83
40 62 26
144 111 89
46 32 47
43 45 54
108 106 63
135 74 87
134 93 65
98 67 91
50 54 35
134 72 80
109 105 70
110 93 95
135 114 95
64 47 49
135 100 67
142 102 64
36 50 38
43 54 36
53 43 44
87 114 80
107 97 73
42 51 29
36 47 37
129 111 58
141 88 95
117 113 66
44 49 49
130 85 97
126 71 87
133 103 74
127 110 73
67 31 32
39 38 36
102 94 64
88 115 63
100 85 60
58 37 42
138 76 82
86 104 99
94 68 89
112 98 82
45 52 43
96 93 66
99 78 81
122 99 79
