# MHKP instance for submodel V0 of Deplano et al. (2019)
# BINS:  length width height priority
# ITEMS: length width height
# beta (gcd of item sides) = 1
BINS
120 120 120 5.78703703704e-07
ITEMS
39 33 31
44 55 67
52 65 62
43 62 65
66 61 46
26 19 32
19 20 37
45 56 45
57 52 72
52 63 42
55 63 55
70 55 45
22 33 33
68 59 70
38 19 33
21 40 23
40 37 41
47 50 58
43 64 65
67 65 68
29 21 35
61 61 60
50 51 44
43 65 69
44 43 57
69 58 72
21 37 21
69 63 52
23 40 19
70 47 68
23 32 22
42 64 53
28 34 26
35 21 19
30 35 21
