# MHKP instance for submodel V0 of Deplano et al. (2019)
# BINS:  length width height priority
# ITEMS: length width height
# beta (gcd of item sides) = 1
BINS
120 120 120 5.78703703704e-07
ITEMS
71 52 43
24 31 22
66 63 63
41 36 31
66 61 58
55 65 54
45 58 62
39 22 31
62 72 58
58 56 49
65 53 59
67 52 52
63 50 71
55 57 50
66 64 51
18 22 21
48 51 54
54 58 54
53 61 50
47 63 47
70 56 50
61 53 50
26 18 37
50 58 57
49 71 71
30 39 31
62 59 64
29 22 28
52 52 59
19 30 25
69 69 54
50 49 42
57 68 48
72 57 46
33 36 25
