# MHKP instance for submodel V0 of Deplano et al. (2019)
# BINS:  length width height priority
# ITEMS: length width height
# beta (gcd of item sides) = 1
BINS
120 120 120 5.78703703704e-07
ITEMS
64 65 55
27 35 31
65 42 52
49 54 46
71 69 67
50 56 65
70 57 51
66 70 67
22 35 20
40 36 40
63 50 49
54 66 65
50 47 48
42 68 43
53 58 55
40 20 34
69 56 46
46 49 64
58 59 65
46 47 56
34 29 25
64 46 57
50 66 56
63 62 50
32 40 28
42 39 22
38 26 34
40 20 34
52 49 42
57 46 56
65 59 47
50 49 64
30 30 21
50 65 72
61 45 71
