# MHKP instance for submodel V0 of Deplano et al. (2019)
# BINS:  length width height priority
# ITEMS: length width height
# beta (gcd of item sides) = 1
BINS
120 120 120 5.78703703704e-07
ITEMS
23 20 23
24 38 26
30 39 30
28 19 18
62 72 52
59 70 59
69 60 44
44 44 63
44 60 43
59 59 58
38 36 21
44 45 61
47 70 68
68 67 47
54 71 42
70 49 49
22 24 30
52 50 61
24 41 18
42 18 25
56 71 50
43 52 65
71 53 47
68 49 62
53 53 42
71 63 65
58 54 63
48 55 68
41 37 20
49 70 60
27 24 20
53 47 48
33 26 37
20 23 19
66 59 56
