# MHKP instance for submodel V0 of Deplano et al. (2019)
# BINS:  length width height priority
# ITEMS: length width height
# beta (gcd of item sides) = 1
BINS
120 120 120 5.78703703704e-07
ITEMS
35 28 21
38 40 29
69 64 56
65 60 64
66 72 44
69 54 44
47 62 55
19 21 18
45 54 51
58 67 50
21 32 38
58 53 71
33 40 34
43 59 51
69 51 51
63 48 52
47 58 61
30 23 41
71 48 72
51 59 42
19 23 37
70 65 44
21 20 38
72 68 57
70 58 43
58 42 72
71 70 45
26 41 29
30 40 20
42 51 44
58 55 48
65 48 58
23 40 31
42 26 19
32 20 24
