# MHKP instance for submodel V0 of Deplano et al. (2019)
# BINS:  length width height priority
# ITEMS: length width height
# beta (gcd of item sides) = 1
BINS
120 120 120 5.78703703704e-07
ITEMS
54 50 50
34 33 36
69 62 64
45 71 60
63 64 67
68 57 44
61 71 66
25 42 21
29 40 21
70 57 47
56 70 67
42 45 46
53 60 60
59 60 65
55 68 56
28 41 36
43 56 61
27 23 29
31 22 28
45 71 68
53 59 49
43 51 58
69 54 50
35 22 20
65 64 54
72 46 62
42 47 64
48 43 52
29 36 34
54 49 71
55 57 70
45 68 62
28 38 34
49 55 54
68 56 45
