# MHKP instance for submodel V0 of Deplano et al. (2019)
# BINS:  length width height priority
# ITEMS: length width height
# beta (gcd of item sides) = 1
BINS
120 120 120 5.78703703704e-07
ITEMS
60 70 70
59 59 62
61 51 52
35 38 24
60 48 45
42 58 54
67 45 51
72 51 45
32 24 24
61 63 45
70 59 57
55 66 56
47 71 48
55 68 62
64 46 60
64 68 49
62 64 59
57 64 46
27 33 22
71 72 48
25 42 27
68 44 66
67 70 46
46 66 68
48 54 54
43 51 42
20 23 34
37 20 19
63 71 44
47 63 43
24 35 29
62 57 62
69 63 48
39 28 26
64 71 53
