# MHKP instance for submodel V0 of Deplano et al. (2019)
# BINS:  length width height priority
# ITEMS: length width height
# beta (gcd of item sides) = 1
BINS
120 120 120 5.78703703704e-07
ITEMS
55 42 72
72 68 49
43 54 67
58 50 47
64 49 56
54 67 70
54 49 54
43 61 48
21 27 27
39 25 42
53 47 72
47 52 62
70 52 43
35 18 39
58 54 67
65 65 52
27 22 40
62 55 52
27 20 31
21 42 30
53 62 49
22 33 27
43 44 47
67 64 58
61 59 44
34 24 37
69 72 57
70 65 64
44 59 52
41 32 22
65 52 55
33 29 31
56 64 65
36 20 29
28 19 27
