# MHKP instance for submodel V0 of Deplano et al. (2019)
# BINS:  length width height priority
# ITEMS: length width height
# beta (gcd of item sides) = 1
BINS
120 120 120 5.78703703704e-07
ITEMS
69 55 60
50 58 55
60 43 69
55 54 72
27 19 20
66 55 67
49 42 46
68 57 69
68 46 46
44 58 48
38 37 25
68 69 71
41 36 19
46 56 48
37 41 19
69 61 50
19 40 36
47 54 61
37 22 40
63 60 47
59 67 50
50 58 60
36 36 40
44 62 58
44 54 51
48 62 42
66 53 56
42 27 34
67 62 55
54 71 70
42 60 71
48 62 47
40 30 24
60 61 47
63 70 45
