# MHKP instance for submodel V0 of Deplano et al. (2019)
# BINS:  length width height priority
# ITEMS: length width height
# beta (gcd of item sides) = 1
BINS
120 120 120 5.78703703704e-07
ITEMS
52 53 63
51 43 48
70 56 72
47 52 57
34 25 25
47 53 51
56 62 46
70 70 64
56 47 58
26 23 42
53 55 42
40 25 22
63 43 54
53 45 72
63 67 69
32 36 30
68 52 72
43 46 46
68 57 50
25 38 18
19 32 18
44 64 70
28 23 25
21 20 31
29 22 19
65 62 66
52 52 44
54 66 71
43 53 56
63 42 66
72 70 47
44 46 58
52 72 50
26 23 19
53 44 55
