146 587 233 220
95 57 80
95 57 80
95 57 80
95 57 80
95 57 80
112 23 87
112 23 87
112 23 87
112 23 87
112 23 87
112 23 87
112 23 87
116 40 41
116 40 41
116 40 41
116 40 41
116 40 41
116 40 41
116 40 41
116 40 41
116 40 41
116 40 41
98 56 80
98 56 80
98 56 80
98 56 80
98 56 80
108 59 60
108 59 60
108 59 60
108 59 60
108 59 60
108 59 60
82 67 77
82 67 77
82 67 77
82 67 77
82 67 77
82 67 77
82 67 77
82 67 77
67 36 46
67 36 46
67 36 46
67 36 46
67 36 46
67 36 46
67 36 46
104 44 72
104 44 72
104 44 72
104 44 72
104 44 72
104 44 72
104 44 72
104 44 72
104 44 72
104 44 72
104 44 72
104 44 72
89 24 56
89 24 56
89 24 56
89 24 56
64 36 36
64 36 36
64 36 36
64 36 36
64 36 36
101 31 86
101 31 86
101 31 86
101 31 86
101 31 86
69 37 65
69 37 65
69 37 65
69 37 65
69 37 65
69 37 65
69 37 65
69 37 65
69 37 65
106 22 39
106 22 39
106 22 39
106 22 39
106 22 39
106 22 39
106 22 39
106 22 39
100 37 58
100 37 58
100 37 58
100 37 58
100 37 58
100 37 58
100 37 58
100 37 58
100 37 58
56 35 53
56 35 53
56 35 53
56 35 53
66 51 53
66 51 53
66 51 53
66 51 53
66 51 53
66 51 53
66 51 53
116 20 36
116 20 36
116 20 36
116 20 36
116 20 36
116 20 36
116 20 36
116 20 36
48 33 35
48 33 35
48 33 35
48 33 35
48 33 35
48 33 35
48 33 35
48 33 35
48 33 35
48 33 35
48 33 35
63 41 62
63 41 62
63 41 62
63 41 62
63 41 62
63 41 62
63 41 62
63 41 62
63 41 62
59 48 53
59 48 53
59 48 53
59 48 53
59 48 53
59 48 53
59 48 53
