118 587 233 220
43 39 40
43 39 40
43 39 40
43 39 40
43 39 40
43 39 40
43 39 40
97 40 76
97 40 76
97 40 76
97 40 76
97 40 76
97 40 76
67 47 63
67 47 63
67 47 63
67 47 63
67 47 63
67 47 63
67 47 63
98 38 57
98 38 57
98 38 57
98 38 57
73 27 71
73 27 71
73 27 71
73 27 71
73 27 71
66 41 56
66 41 56
66 41 56
66 41 56
66 41 56
66 41 56
82 72 75
82 72 75
82 72 75
82 72 75
93 43 71
93 43 71
93 43 71
93 43 71
93 43 71
93 43 71
93 43 71
95 28 35
95 28 35
95 28 35
95 28 35
95 28 35
88 68 72
88 68 72
88 68 72
88 35 85
88 35 85
88 35 85
88 35 85
88 35 85
88 35 85
88 35 85
88 35 85
88 35 85
88 35 85
88 35 85
100 69 83
100 69 83
100 69 83
100 69 83
74 27 30
74 27 30
74 27 30
74 27 30
82 61 64
82 61 64
82 61 64
82 61 64
82 61 64
82 61 64
63 32 38
63 32 38
63 32 38
63 32 38
63 32 38
63 32 38
63 32 38
108 70 97
108 70 97
108 70 97
108 70 97
108 70 97
108 70 97
108 70 97
108 70 97
87 53 72
87 53 72
87 53 72
87 53 72
87 53 72
87 53 72
107 24 75
107 24 75
107 24 75
107 24 75
107 24 75
107 24 75
107 24 75
107 24 75
107 24 75
107 24 75
101 30 31
101 30 31
101 30 31
101 30 31
101 30 31
101 30 31
86 23 56
86 23 56
