129 587 233 220
49 21 25
49 21 25
49 21 25
49 21 25
49 21 25
49 21 25
49 21 25
49 21 25
49 21 25
49 21 25
60 41 51
60 41 51
60 41 51
60 41 51
60 41 51
60 41 51
60 41 51
103 64 76
103 64 76
103 64 76
103 64 76
103 64 76
103 64 76
95 62 70
95 62 70
95 62 70
95 62 70
95 62 70
95 62 70
111 26 49
85 72 84
85 72 84
85 72 84
85 72 84
85 72 84
85 72 84
85 72 84
85 72 84
85 72 84
48 31 36
48 31 36
48 31 36
48 31 36
48 31 36
48 31 36
48 31 36
86 38 76
86 38 76
86 38 76
86 38 76
86 38 76
86 38 76
86 38 76
71 47 48
71 47 48
71 47 48
71 47 48
71 47 48
71 47 48
71 47 48
90 33 43
90 33 43
90 33 43
90 33 43
90 33 43
90 33 43
90 33 43
98 44 52
98 44 52
98 44 52
98 44 52
98 44 52
98 44 52
98 44 52
73 23 37
73 23 37
73 23 37
73 23 37
73 23 37
73 23 37
61 39 48
61 39 48
61 39 48
61 39 48
61 39 48
61 39 48
61 39 48
61 39 48
75 63 75
75 63 75
75 63 75
75 63 75
75 63 75
75 63 75
74 40 42
74 40 42
74 40 42
74 40 42
74 40 42
74 40 42
98 26 88
98 26 88
98 26 88
97 41 69
97 41 69
97 41 69
97 41 69
97 41 69
97 41 69
97 41 69
97 41 69
97 41 69
97 41 69
97 41 69
89 46 77
89 46 77
89 46 77
89 46 77
89 46 77
89 46 77
73 55 64
73 55 64
73 55 64
73 55 64
73 55 64
84 66 69
84 66 69
84 66 69
84 66 69
