130 587 233 220
89 50 78
89 50 78
89 50 78
73 46 65
73 46 65
73 46 65
73 46 65
73 46 65
73 46 65
94 39 66
94 39 66
94 39 66
94 39 66
94 39 66
94 39 66
94 39 66
66 42 59
66 42 59
66 42 59
66 42 59
66 42 59
66 42 59
66 42 59
106 70 93
106 70 93
106 70 93
106 70 93
106 70 93
80 62 71
80 62 71
60 26 36
60 26 36
60 26 36
60 26 36
60 26 36
60 26 36
60 26 36
60 26 36
60 26 36
60 26 36
72 31 31
72 31 31
72 31 31
72 31 31
72 31 31
72 31 31
63 31 63
63 31 63
63 31 63
63 31 63
63 31 63
63 31 63
74 23 39
74 23 39
74 23 39
74 23 39
74 23 39
74 23 39
74 23 39
74 23 39
74 23 39
105 52 72
105 52 72
105 52 72
105 52 72
105 52 72
105 52 72
105 52 72
105 52 72
105 52 72
105 52 72
101 45 76
101 45 76
101 45 76
101 45 76
101 45 76
101 45 76
101 45 76
101 45 76
101 45 76
101 45 76
101 45 76
93 65 73
93 65 73
93 65 73
93 65 73
93 65 73
74 42 47
74 42 47
74 42 47
74 42 47
74 42 47
72 28 33
72 28 33
72 28 33
72 28 33
72 28 33
72 28 33
72 28 33
72 28 33
99 45 91
99 45 91
99 45 91
99 45 91
99 45 91
79 44 60
79 44 60
79 44 60
79 44 60
79 44 60
79 44 60
79 44 60
81 50 57
81 50 57
81 50 57
81 50 57
81 50 57
81 50 57
81 50 57
99 61 72
99 61 72
99 61 72
99 61 72
38 31 35
38 31 35
38 31 35
38 31 35
38 31 35
38 31 35
38 31 35
