126 587 233 220
97 27 81
97 27 81
97 27 81
97 27 81
102 39 78
102 39 78
102 39 78
102 39 78
113 36 46
113 36 46
113 36 46
113 36 46
113 36 46
113 36 46
113 36 46
113 36 46
113 36 46
113 36 46
66 42 50
66 42 50
66 42 50
66 42 50
66 42 50
66 42 50
66 42 50
101 26 30
101 26 30
101 26 30
101 26 30
101 26 30
101 26 30
100 35 56
100 35 56
100 35 56
100 35 56
100 35 56
100 35 56
91 40 50
91 40 50
91 40 50
91 40 50
106 56 61
106 56 61
106 56 61
106 56 61
103 58 63
103 58 63
103 58 63
103 58 63
103 58 63
103 58 63
103 58 63
103 58 63
103 58 63
75 41 57
75 41 57
75 41 57
75 41 57
75 41 57
75 41 57
75 41 57
71 64 68
71 64 68
71 64 68
71 64 68
71 64 68
85 39 67
85 39 67
85 39 67
85 39 67
85 39 67
85 39 67
85 39 67
97 56 63
97 56 63
97 56 63
97 56 63
97 56 63
97 56 63
97 56 63
61 30 48
61 30 48
61 30 48
61 30 48
61 30 48
80 35 54
80 35 54
80 35 54
80 35 54
80 35 54
73 62 66
73 62 66
73 62 66
73 62 66
73 62 66
73 62 66
73 62 66
73 62 66
73 62 66
73 62 66
73 62 66
73 62 66
90 69 74
90 69 74
90 69 74
90 69 74
90 69 74
90 69 74
90 69 74
90 69 74
118 40 61
118 40 61
118 40 61
118 40 61
94 31 43
94 31 43
94 31 43
94 31 43
90 30 49
90 30 49
90 30 49
90 30 49
90 30 49
90 30 49
90 30 49
90 30 49
