143 587 233 220
64 32 53
64 32 53
64 32 53
64 32 53
64 32 53
51 28 42
51 28 42
51 28 42
51 28 42
51 28 42
51 28 42
51 28 42
51 28 42
51 28 42
51 28 42
49 30 32
49 30 32
49 30 32
49 30 32
49 30 32
49 30 32
49 30 32
49 30 32
49 30 32
49 30 32
49 30 32
49 30 32
49 30 32
109 59 68
109 59 68
66 32 43
66 32 43
66 32 43
66 32 43
66 32 43
66 32 43
66 32 43
66 32 43
66 32 43
66 32 43
120 47 71
120 47 71
120 47 71
120 47 71
120 47 71
120 47 71
120 47 71
109 41 57
109 41 57
109 41 57
109 41 57
109 41 57
109 41 57
109 41 57
109 41 57
109 41 57
109 41 57
100 28 70
100 28 70
100 28 70
100 28 70
100 28 70
100 28 70
76 51 70
76 51 70
76 51 70
76 51 70
76 51 70
76 51 70
76 51 70
85 26 40
85 26 40
85 26 40
85 26 40
79 55 71
79 55 71
79 55 71
79 55 71
79 55 71
79 55 71
79 55 71
79 55 71
93 55 73
93 55 73
93 55 73
93 55 73
93 55 73
93 55 73
101 75 75
101 75 75
101 75 75
101 75 75
101 75 75
101 75 75
101 75 75
89 53 58
89 53 58
89 53 58
89 53 58
89 53 58
89 53 58
89 53 58
89 53 58
98 36 53
98 36 53
98 36 53
98 36 53
98 36 53
98 36 53
98 36 53
118 31 53
118 31 53
118 31 53
118 31 53
118 31 53
118 31 53
118 31 53
118 31 53
77 37 43
77 37 43
77 37 43
77 37 43
77 37 43
77 37 43
64 46 60
64 46 60
64 46 60
64 46 60
64 46 60
74 37 67
74 37 67
74 37 67
74 37 67
74 37 67
89 38 47
89 38 47
89 38 47
89 38 47
89 38 47
89 38 47
89 38 47
89 38 47
89 38 47
