149 587 233 220
95 44 76
95 44 76
95 44 76
95 44 76
95 44 76
81 34 47
81 34 47
81 34 47
81 34 47
81 34 47
81 34 47
81 34 47
71 30 52
71 30 52
71 30 52
71 30 52
71 30 52
71 30 52
96 28 52
96 28 52
96 28 52
96 28 52
96 28 52
96 28 52
96 28 52
96 28 52
96 28 52
96 28 52
104 50 80
104 50 80
104 50 80
104 50 80
104 50 80
104 50 80
104 50 80
104 50 80
104 50 80
77 57 64
77 57 64
77 57 64
77 57 64
77 57 64
77 57 64
77 57 64
77 57 64
77 57 64
77 57 64
77 57 64
77 57 64
75 36 45
75 36 45
75 36 45
75 36 45
75 36 45
75 36 45
65 39 49
65 39 49
65 39 49
65 39 49
65 39 49
70 41 49
70 41 49
70 41 49
70 41 49
70 41 49
70 41 49
111 42 44
111 42 44
111 42 44
111 42 44
111 42 44
108 51 94
108 51 94
108 51 94
108 51 94
108 51 94
108 51 94
108 51 94
108 51 94
108 51 94
108 51 94
108 51 94
108 51 94
108 51 94
43 26 40
43 26 40
43 26 40
43 26 40
43 26 40
43 26 40
43 26 40
70 39 47
70 39 47
70 39 47
70 39 47
70 39 47
70 39 47
70 39 47
70 39 47
70 39 47
70 39 47
70 39 47
70 39 47
70 39 47
70 39 47
84 26 36
84 26 36
84 26 36
84 26 36
84 26 36
84 26 36
84 26 36
84 26 36
103 27 97
103 27 97
103 27 97
103 27 97
103 27 97
103 27 97
103 27 97
103 27 97
103 27 97
54 24 54
54 24 54
54 24 54
54 24 54
54 24 54
54 24 54
63 38 46
63 38 46
63 38 46
63 38 46
63 38 46
63 38 46
63 38 46
80 37 52
80 37 52
80 37 52
67 20 59
67 20 59
67 20 59
67 20 59
67 20 59
67 20 59
102 23 89
102 23 89
102 23 89
102 23 89
102 23 89
