106 587 233 220
68 27 35
68 27 35
68 27 35
68 27 35
68 27 35
68 27 35
68 27 35
118 43 57
118 43 57
118 43 57
118 43 57
118 43 57
118 43 57
73 36 72
73 36 72
73 36 72
85 50 58
85 50 58
85 50 58
85 50 58
85 50 58
86 33 56
86 33 56
86 33 56
86 33 56
99 31 44
99 31 44
99 31 44
99 31 44
99 31 44
99 31 44
99 31 44
93 49 54
93 49 54
93 49 54
93 49 54
93 49 54
89 26 69
89 26 69
89 26 69
89 26 69
98 74 90
98 74 90
98 74 90
98 74 90
98 74 90
98 74 90
58 46 48
58 46 48
58 46 48
58 46 48
58 46 48
58 46 48
56 22 55
104 59 63
104 59 63
104 59 63
104 59 63
104 59 63
104 59 63
80 66 69
80 66 69
80 66 69
80 66 69
80 66 69
110 58 59
110 58 59
110 58 59
110 58 59
110 58 59
110 58 59
110 58 59
110 58 59
96 63 79
96 63 79
96 63 79
96 63 79
96 63 79
96 63 79
96 63 79
82 57 77
82 57 77
82 57 77
82 57 77
82 57 77
82 57 77
55 34 48
55 34 48
55 34 48
55 34 48
55 34 48
55 34 48
120 40 99
120 40 99
120 40 99
97 34 43
97 34 43
97 34 43
97 34 43
97 34 43
97 34 43
115 55 68
115 55 68
115 55 68
115 55 68
115 55 68
