133 587 233 220
41 26 39
41 26 39
41 26 39
41 26 39
41 26 39
41 26 39
41 26 39
41 26 39
41 26 39
41 26 39
110 34 40
110 34 40
110 34 40
110 34 40
110 34 40
94 52 77
94 52 77
94 52 77
94 52 77
94 52 77
94 52 77
94 52 77
94 52 77
119 71 96
119 71 96
67 47 63
67 47 63
67 47 63
67 47 63
67 47 63
61 31 43
61 31 43
61 31 43
61 31 43
61 31 43
61 31 43
61 31 43
61 31 43
61 31 43
61 31 43
72 35 53
72 35 53
72 35 53
72 35 53
72 35 53
72 35 53
72 35 53
64 38 38
64 38 38
64 38 38
64 38 38
64 38 38
64 38 38
64 38 38
110 45 71
110 45 71
110 45 71
110 45 71
110 45 71
110 45 71
110 45 71
110 45 71
110 45 71
110 45 71
110 45 71
110 45 71
110 45 71
73 52 71
73 52 71
73 52 71
73 52 71
73 52 71
73 52 71
73 52 71
73 52 71
73 52 71
95 55 92
95 55 92
95 55 92
95 55 92
95 55 92
95 55 92
95 55 92
86 31 74
86 31 74
86 31 74
86 31 74
86 31 74
86 31 74
86 31 74
99 52 62
99 52 62
99 52 62
99 52 62
99 52 62
99 52 62
99 52 62
99 52 62
81 31 44
81 31 44
81 31 44
81 31 44
81 31 44
81 31 44
81 31 44
113 70 94
113 70 94
109 28 100
109 28 100
109 28 100
109 28 100
109 28 100
63 30 34
63 30 34
63 30 34
63 30 34
63 30 34
63 30 34
111 28 43
111 28 43
111 28 43
111 28 43
48 28 35
48 28 35
48 28 35
48 28 35
97 38 53
97 38 53
97 38 53
97 38 53
97 38 53
97 38 53
97 38 53
