153 587 233 220
113 33 92
113 33 92
113 33 92
113 33 92
113 33 92
113 33 92
113 33 92
52 28 37
52 28 37
52 28 37
52 28 37
52 28 37
52 28 37
57 29 33
57 29 33
57 29 33
57 29 33
57 29 33
57 29 33
57 29 33
57 29 33
99 30 37
99 30 37
99 30 37
99 30 37
99 30 37
92 33 64
92 33 64
92 33 64
92 33 64
92 33 64
92 33 64
92 33 64
92 33 64
92 33 64
92 33 64
92 33 64
119 39 59
119 39 59
119 39 59
119 39 59
54 49 52
54 49 52
54 49 52
54 49 52
54 49 52
54 49 52
54 49 52
54 49 52
54 49 52
54 49 52
54 49 52
54 49 52
54 49 52
54 49 52
54 49 52
54 49 52
75 35 45
75 35 45
75 35 45
75 35 45
79 44 68
79 44 68
79 44 68
79 44 68
79 44 68
79 44 68
116 47 49
116 47 49
116 47 49
116 47 49
116 47 49
83 23 44
83 23 44
83 23 44
83 23 44
83 23 44
83 23 44
83 23 44
98 56 96
98 56 96
98 56 96
98 56 96
98 56 96
98 56 96
98 56 96
98 56 96
98 56 96
78 57 72
78 57 72
78 57 72
78 57 72
98 47 88
98 47 88
98 47 88
98 47 88
98 47 88
98 47 88
98 47 88
98 47 88
98 47 88
41 31 33
41 31 33
41 31 33
41 31 33
41 31 33
41 31 33
41 31 33
41 31 33
41 31 33
41 31 33
41 31 33
41 31 33
41 31 33
59 34 35
59 34 35
59 34 35
59 34 35
59 34 35
59 34 35
83 37 78
83 37 78
83 37 78
83 37 78
68 33 34
68 33 34
68 33 34
68 33 34
68 33 34
68 33 34
68 33 34
68 33 34
103 49 69
103 49 69
103 49 69
103 49 69
103 49 69
103 49 69
103 49 69
103 49 69
97 32 53
97 32 53
97 32 53
97 32 53
97 32 53
97 32 53
97 32 53
97 32 53
97 32 53
97 32 53
97 32 53
97 32 53
97 32 53
