156 587 233 220
114 25 67
114 25 67
114 25 67
114 25 67
114 25 67
114 25 67
114 25 67
114 25 67
114 25 67
114 25 67
114 25 67
114 25 67
114 25 67
92 25 79
92 25 79
92 25 79
92 25 79
92 25 79
92 25 79
92 25 79
92 25 79
92 25 79
92 25 79
92 25 79
92 25 79
89 36 87
89 36 87
89 36 87
89 36 87
89 36 87
89 36 87
89 36 87
89 36 87
89 36 87
89 36 87
89 36 87
89 36 87
95 36 71
95 36 71
95 36 71
90 43 83
90 43 83
90 43 83
90 43 83
90 43 83
93 28 39
93 28 39
93 28 39
93 28 39
93 28 39
93 28 39
93 28 39
93 28 39
93 28 39
93 28 39
93 28 39
69 31 54
69 31 54
69 31 54
69 31 54
69 31 54
69 31 54
69 31 54
69 31 54
69 31 54
69 31 54
69 31 54
107 37 61
107 37 61
107 37 61
98 40 52
98 40 52
98 40 52
98 40 52
98 40 52
98 40 52
98 40 52
98 40 52
83 60 69
83 60 69
83 60 69
83 60 69
83 60 69
83 60 69
98 58 63
98 58 63
98 58 63
98 58 63
98 58 63
98 58 63
98 58 63
98 58 63
98 58 63
45 26 40
45 26 40
45 26 40
45 26 40
45 26 40
45 26 40
45 26 40
45 26 40
45 26 40
63 36 44
63 36 44
63 36 44
63 36 44
63 36 44
63 36 44
63 36 44
63 36 44
63 36 44
96 43 56
96 43 56
96 43 56
96 43 56
96 43 56
96 43 56
96 43 56
96 43 56
88 35 42
88 35 42
88 35 42
88 35 42
88 35 42
88 35 42
88 35 42
88 35 42
88 35 42
40 36 37
40 36 37
40 36 37
40 36 37
40 36 37
40 36 37
40 36 37
40 36 37
40 36 37
40 36 37
40 36 37
97 67 74
97 67 74
97 67 74
97 67 74
97 67 74
97 67 74
76 42 45
76 42 45
76 42 45
64 42 43
64 42 43
64 42 43
64 42 43
91 37 53
91 37 53
91 37 53
91 37 53
