116 587 233 220
86 36 58
86 36 58
86 36 58
86 36 58
86 36 58
86 36 58
86 36 58
71 22 69
71 22 69
108 54 78
108 54 78
108 54 78
108 54 78
104 57 58
104 57 58
104 57 58
104 57 58
104 57 58
104 57 58
104 57 58
96 58 65
96 58 65
96 58 65
96 58 65
96 58 65
96 58 65
58 26 37
58 26 37
58 26 37
58 26 37
58 26 37
58 26 37
58 26 37
73 49 72
73 49 72
73 49 72
98 56 67
98 56 67
98 56 67
98 56 67
98 56 67
98 56 67
98 56 67
98 56 67
98 56 67
98 56 67
117 23 89
117 23 89
117 23 89
117 23 89
117 23 89
117 23 89
117 23 89
117 23 89
109 73 76
109 73 76
109 73 76
109 73 76
109 73 76
109 73 76
95 34 61
95 34 61
95 34 61
95 34 61
95 34 61
95 34 61
106 49 73
106 49 73
106 49 73
106 49 73
66 35 39
66 35 39
66 35 39
66 35 39
66 35 39
82 43 76
93 26 87
93 26 87
93 26 87
93 26 87
93 26 87
93 26 87
93 26 87
93 26 87
93 26 87
68 63 64
68 63 64
68 63 64
68 63 64
68 63 64
68 63 64
70 30 53
70 30 53
70 30 53
68 30 65
68 30 65
68 30 65
68 30 65
68 30 65
68 30 65
68 30 65
68 30 65
68 30 65
94 26 57
94 26 57
94 26 57
94 26 57
94 26 57
94 26 57
104 38 79
104 38 79
104 38 79
104 38 79
104 38 79
104 38 79
104 38 79
