150 587 233 220
118 42 54
118 42 54
118 42 54
118 42 54
118 42 54
118 42 54
118 42 54
118 42 54
112 20 95
112 20 95
112 20 95
112 20 95
112 20 95
112 20 95
112 20 95
118 37 38
118 37 38
118 37 38
118 37 38
118 37 38
118 37 38
118 37 38
118 37 38
76 38 38
76 38 38
76 38 38
76 38 38
76 38 38
100 34 56
100 34 56
100 34 56
100 34 56
100 34 56
100 34 56
100 34 56
100 34 56
100 34 56
100 50 73
100 50 73
100 50 73
100 50 73
100 50 73
100 50 73
100 50 73
100 50 73
75 36 58
75 36 58
75 36 58
75 36 58
75 36 58
75 36 58
75 36 58
75 36 58
75 36 58
75 36 58
76 41 51
76 41 51
76 41 51
76 41 51
76 41 51
76 41 51
76 41 51
82 39 75
82 39 75
82 39 75
82 39 75
82 39 75
82 39 75
84 44 76
84 44 76
84 44 76
84 44 76
84 44 76
84 44 76
84 44 76
84 44 76
80 50 68
80 50 68
80 50 68
80 50 68
80 50 68
80 50 68
80 50 68
80 50 68
80 50 68
61 28 46
61 28 46
61 28 46
61 28 46
61 28 46
61 28 46
61 28 46
80 51 75
80 51 75
80 51 75
80 51 75
92 49 62
92 49 62
92 49 62
92 49 62
92 49 62
92 49 62
72 21 48
72 21 48
72 21 48
72 21 48
72 21 48
72 21 48
72 21 48
72 21 48
72 21 48
72 21 48
54 33 37
54 33 37
54 33 37
54 33 37
54 33 37
54 33 37
54 33 37
46 34 37
46 34 37
46 34 37
46 34 37
46 34 37
46 34 37
46 34 37
46 34 37
46 34 37
46 34 37
109 24 37
109 24 37
109 24 37
109 24 37
63 33 56
63 33 56
63 33 56
63 33 56
63 33 56
63 33 56
111 61 62
111 61 62
111 61 62
111 61 62
111 61 62
111 61 62
111 61 62
111 61 62
111 61 62
111 61 62
111 61 62
