131 587 233 220
91 45 54
91 45 54
91 45 54
91 45 54
91 45 54
91 45 54
91 45 54
91 45 54
105 72 77
105 72 77
105 72 77
105 72 77
105 72 77
79 48 78
79 48 78
79 48 78
79 48 78
79 48 78
79 48 78
109 59 76
109 59 76
109 59 76
109 59 76
109 59 76
48 30 37
48 30 37
48 30 37
48 30 37
48 30 37
48 30 37
48 30 37
48 30 37
48 30 37
48 30 37
44 27 37
44 27 37
44 27 37
44 27 37
44 27 37
44 27 37
79 54 76
79 54 76
79 54 76
79 54 76
79 54 76
116 20 78
116 20 78
116 20 78
116 20 78
116 20 78
116 20 78
101 49 71
101 49 71
101 49 71
101 49 71
101 49 71
101 49 71
102 49 100
102 49 100
102 49 100
102 49 100
105 22 43
105 22 43
105 22 43
105 22 43
105 22 43
105 22 43
107 61 84
107 61 84
107 61 84
107 61 84
107 61 84
107 61 84
107 61 84
107 61 84
107 61 84
110 23 71
110 23 71
75 34 39
75 34 39
75 34 39
75 34 39
75 34 39
75 34 39
75 34 39
73 32 47
73 32 47
73 32 47
73 32 47
73 32 47
73 32 47
60 25 60
60 25 60
60 25 60
60 25 60
60 25 60
60 25 60
60 25 60
60 25 60
60 25 60
43 31 33
43 31 33
43 31 33
43 31 33
43 31 33
43 31 33
43 31 33
100 57 74
100 57 74
100 57 74
100 57 74
100 57 74
100 57 74
100 57 74
93 41 47
93 41 47
93 41 47
93 41 47
93 41 47
93 41 47
93 41 47
93 41 47
93 41 47
93 41 47
45 28 33
45 28 33
45 28 33
45 28 33
45 28 33
45 28 33
45 28 33
