138 587 233 220
96 31 72
96 31 72
96 31 72
96 31 72
96 31 72
96 31 72
75 47 72
75 47 72
75 47 72
75 47 72
75 47 72
75 47 72
80 20 25
80 20 25
80 20 25
80 20 25
80 20 25
80 20 25
80 20 25
114 61 94
114 61 94
114 61 94
114 61 94
114 61 94
114 61 94
114 61 94
114 61 94
114 61 94
100 39 40
100 39 40
100 39 40
100 39 40
100 39 40
100 39 40
100 39 40
100 39 40
100 39 40
72 48 51
72 48 51
72 48 51
72 48 51
72 48 51
72 48 51
36 24 28
36 24 28
36 24 28
85 35 58
85 35 58
85 35 58
85 35 58
85 35 58
85 58 84
85 58 84
85 58 84
85 58 84
85 58 84
95 24 48
95 24 48
95 24 48
95 24 48
95 24 48
95 24 48
95 24 48
95 24 48
115 25 70
115 25 70
115 25 70
108 42 49
108 42 49
108 42 49
108 42 49
108 42 49
108 42 49
108 42 49
108 42 49
73 26 64
73 26 64
73 26 64
73 26 64
73 26 64
73 26 64
73 26 64
68 35 54
68 35 54
68 35 54
83 60 62
83 60 62
83 60 62
83 60 62
83 60 62
83 60 62
57 43 56
57 43 56
57 43 56
57 43 56
57 43 56
57 43 56
57 43 56
57 43 56
57 43 56
57 43 56
57 43 56
101 56 57
101 56 57
101 56 57
101 56 57
101 56 57
101 56 57
101 56 57
101 56 57
101 56 57
101 56 57
101 56 57
101 56 57
56 42 48
56 42 48
56 42 48
56 42 48
93 38 55
93 38 55
93 38 55
93 38 55
93 38 55
93 38 55
93 38 55
93 38 55
93 38 55
53 53 53
53 53 53
53 53 53
53 53 53
53 53 53
53 53 53
53 53 53
53 53 53
53 53 53
53 53 53
53 53 53
