142 587 233 220
100 28 94
100 28 94
100 28 94
100 28 94
100 28 94
100 28 94
100 28 94
100 28 94
81 66 78
81 66 78
81 66 78
81 66 78
81 66 78
81 66 78
81 66 78
81 66 78
81 66 78
81 66 78
111 21 49
111 21 49
111 21 49
111 21 49
111 21 49
111 21 49
111 21 49
111 21 49
111 21 49
119 37 63
119 37 63
119 37 63
119 37 63
119 37 63
72 30 50
72 30 50
72 30 50
72 30 50
72 30 50
58 40 58
58 40 58
58 40 58
58 40 58
58 40 58
58 40 58
58 40 58
108 29 55
108 29 55
108 29 55
108 29 55
108 29 55
108 29 55
108 29 55
108 29 55
108 29 55
108 29 55
108 29 55
108 29 55
108 29 55
54 38 49
54 38 49
54 38 49
54 38 49
54 38 49
54 38 49
54 38 49
69 44 46
69 44 46
69 44 46
69 44 46
69 44 46
69 44 46
69 44 46
88 61 71
88 61 71
88 61 71
88 61 71
88 61 71
88 61 71
88 61 71
83 35 58
83 35 58
83 35 58
83 35 58
83 35 58
108 37 77
108 37 77
108 37 77
108 37 77
108 37 77
108 37 77
108 37 77
108 57 62
108 57 62
108 57 62
108 57 62
73 31 61
73 31 61
73 31 61
73 31 61
73 31 61
73 31 61
73 31 61
73 31 61
73 31 61
92 43 46
92 43 46
92 43 46
92 43 46
92 43 46
92 43 46
92 43 46
92 43 46
92 43 46
62 51 53
62 51 53
62 51 53
62 51 53
62 51 53
62 51 53
62 51 53
79 20 69
79 20 69
79 20 69
79 20 69
79 20 69
79 20 69
74 38 39
74 38 39
74 38 39
74 38 39
74 38 39
74 38 39
74 38 39
92 28 70
92 28 70
78 61 73
78 61 73
78 61 73
78 61 73
78 61 73
78 61 73
78 61 73
78 61 73
