162 587 233 220
90 34 41
90 34 41
90 34 41
90 34 41
90 34 41
90 34 41
90 34 41
64 28 32
64 28 32
64 28 32
64 28 32
64 28 32
64 28 32
64 28 32
64 28 32
64 28 32
64 28 32
64 28 32
64 28 32
64 28 32
64 28 32
64 28 32
64 28 32
64 28 32
64 28 32
42 31 31
42 31 31
42 31 31
42 31 31
42 31 31
42 31 31
42 31 31
42 31 31
42 31 31
42 31 31
42 31 31
94 44 90
94 44 90
94 44 90
94 44 90
68 53 63
68 53 63
68 53 63
68 53 63
68 53 63
68 53 63
68 53 63
68 53 63
55 21 30
55 21 30
55 21 30
55 21 30
55 21 30
55 21 30
72 31 64
72 31 64
72 31 64
72 31 64
72 31 64
72 31 64
72 31 64
75 34 56
75 34 56
75 34 56
75 34 56
62 31 34
62 31 34
62 31 34
62 31 34
62 31 34
62 31 34
62 31 34
79 32 55
79 32 55
79 32 55
79 32 55
79 32 55
79 32 55
79 32 55
79 32 55
99 27 74
99 27 74
99 27 74
99 27 74
99 27 74
89 48 54
89 48 54
89 48 54
89 48 54
89 48 54
89 48 54
89 48 54
89 48 54
89 48 54
89 48 54
89 48 54
93 32 78
93 32 78
93 32 78
93 32 78
93 32 78
93 32 78
93 32 78
93 32 78
119 59 80
119 59 80
119 59 80
80 42 72
80 42 72
80 42 72
80 42 72
80 42 72
80 42 72
80 42 72
80 42 72
80 42 72
80 42 72
111 27 47
111 27 47
111 27 47
111 27 47
111 27 47
111 27 47
111 27 47
111 27 47
111 27 47
73 49 72
73 49 72
73 49 72
73 49 72
73 49 72
73 49 72
115 32 87
115 32 87
115 32 87
115 32 87
115 32 87
115 32 87
115 32 87
115 32 87
115 32 87
115 32 87
115 32 87
115 32 87
115 32 87
115 32 87
100 61 66
100 61 66
100 61 66
100 61 66
100 61 66
100 61 66
100 61 66
100 61 66
80 23 61
80 23 61
80 23 61
80 23 61
80 23 61
80 23 61
80 23 61
80 23 61
