126 587 233 220
78 58 72
78 58 72
78 58 72
78 58 72
78 58 72
107 57 57
107 57 57
107 57 57
107 57 57
107 57 57
107 57 57
72 37 64
72 37 64
72 37 64
72 37 64
72 37 64
72 37 64
72 37 64
93 26 66
93 26 66
93 26 66
93 26 66
93 26 66
93 26 66
116 35 67
116 35 67
116 35 67
116 35 67
116 35 67
116 35 67
116 35 67
116 35 67
116 35 67
116 35 67
116 35 67
116 35 67
116 35 67
101 39 56
101 39 56
101 39 56
101 39 56
101 39 56
101 39 56
101 39 56
101 39 56
101 39 56
101 39 56
101 39 56
108 39 100
108 39 100
108 39 100
108 39 100
108 39 100
108 39 100
64 33 55
64 33 55
64 33 55
64 33 55
64 33 55
64 33 55
64 33 55
73 53 65
73 53 65
73 53 65
73 53 65
73 53 65
73 53 65
73 53 65
73 53 65
106 35 41
106 35 41
106 35 41
106 35 41
106 35 41
106 35 41
82 28 78
82 28 78
82 28 78
82 28 78
82 28 78
79 58 59
79 58 59
92 22 84
92 22 84
92 22 84
92 22 84
92 22 84
80 50 65
80 50 65
80 50 65
80 50 65
80 50 65
82 24 77
82 24 77
82 24 77
74 51 73
74 51 73
74 51 73
74 51 73
74 51 73
74 51 73
90 40 43
90 40 43
90 40 43
90 40 43
98 51 70
98 51 70
98 51 70
98 51 70
98 51 70
98 51 70
98 51 70
69 30 32
69 30 32
69 30 32
69 30 32
69 30 32
69 30 32
69 30 32
107 53 69
107 53 69
107 53 69
107 53 69
107 53 69
107 53 69
107 53 69
