168 587 233 220
55 26 50
55 26 50
55 26 50
55 26 50
55 26 50
48 37 42
48 37 42
48 37 42
48 37 42
47 26 34
47 26 34
47 26 34
47 26 34
47 26 34
47 26 34
47 26 34
47 26 34
47 26 34
47 26 34
47 26 34
47 26 34
104 50 74
104 50 74
104 50 74
104 50 74
104 50 74
104 50 74
104 50 74
83 40 70
83 40 70
83 40 70
83 40 70
83 40 70
83 40 70
53 38 52
53 38 52
53 38 52
53 38 52
53 38 52
53 38 52
53 38 52
53 38 52
53 38 52
53 38 52
53 38 52
53 38 52
108 49 69
108 49 69
108 49 69
108 49 69
108 49 69
108 49 69
108 49 69
108 49 69
78 72 73
78 72 73
78 72 73
78 72 73
78 72 73
78 72 73
78 72 73
78 72 73
78 72 73
78 72 73
77 24 62
77 24 62
77 24 62
77 24 62
77 24 62
77 24 62
77 24 62
77 24 62
77 24 62
77 24 62
74 21 34
74 21 34
74 21 34
74 21 34
74 21 34
49 37 38
49 37 38
49 37 38
49 37 38
49 37 38
49 37 38
49 37 38
49 37 38
49 37 38
79 40 50
79 40 50
79 40 50
79 40 50
79 40 50
79 40 50
79 40 50
79 40 50
79 40 50
79 40 50
75 35 44
75 35 44
75 35 44
75 35 44
75 35 44
75 35 44
75 35 44
75 35 44
75 35 44
75 35 44
75 35 44
98 57 69
98 57 69
98 57 69
98 57 69
98 57 69
72 36 62
72 36 62
72 36 62
72 36 62
72 36 62
72 36 62
72 36 62
72 36 62
72 36 62
72 36 62
72 36 62
72 36 62
98 41 93
98 41 93
98 41 93
98 41 93
98 41 93
98 41 93
98 41 93
98 41 93
98 41 93
98 35 60
98 35 60
98 35 60
98 35 60
98 35 60
98 35 60
98 35 60
62 31 40
62 31 40
62 31 40
62 31 40
62 31 40
62 31 40
62 31 40
62 31 40
62 31 40
62 31 40
62 31 40
68 37 59
68 37 59
68 37 59
68 37 59
68 37 59
68 37 59
68 37 59
68 37 59
68 37 59
60 45 49
60 45 49
60 45 49
60 45 49
60 45 49
60 45 49
