109 587 233 220
118 51 79
118 51 79
118 51 79
118 51 79
118 51 79
118 51 79
86 31 32
86 31 32
86 31 32
86 31 32
86 31 32
86 31 32
64 52 58
64 52 58
64 52 58
64 52 58
64 52 58
42 32 42
42 32 42
42 32 42
42 32 42
64 43 55
64 43 55
64 43 55
64 43 55
64 43 55
64 43 55
84 35 70
84 35 70
84 35 70
84 35 70
84 35 70
84 35 70
84 35 70
76 36 57
76 36 57
76 36 57
76 36 57
76 36 57
76 36 57
95 55 60
95 55 60
95 55 60
95 55 60
95 55 60
95 55 60
80 52 66
80 52 66
80 52 66
80 52 66
80 52 66
80 52 66
80 52 66
80 52 66
109 23 73
109 23 73
109 23 73
109 23 73
109 23 73
109 23 73
72 54 65
72 54 65
72 54 65
98 44 55
98 44 55
98 44 55
98 44 55
88 31 61
88 31 61
88 31 61
88 31 61
88 31 61
94 66 82
94 66 82
94 66 82
94 66 82
94 66 82
78 64 77
78 64 77
78 64 77
78 64 77
78 64 77
78 64 77
77 30 32
77 30 32
77 30 32
77 30 32
77 30 32
77 30 32
91 61 61
91 61 61
91 61 61
91 61 61
91 61 61
101 77 100
101 77 100
101 77 100
101 77 100
103 59 63
103 59 63
103 59 63
103 59 63
103 59 63
117 57 61
117 57 61
117 57 61
117 57 61
117 57 61
117 57 61
