111 587 233 220
56 28 32
56 28 32
56 28 32
92 39 68
92 39 68
92 39 68
92 39 68
92 39 68
92 39 68
90 29 86
90 29 86
90 29 86
90 29 86
90 29 86
73 52 54
73 52 54
73 52 54
73 52 54
73 52 54
73 52 54
73 52 54
114 45 100
114 45 100
114 45 100
114 45 100
94 36 51
94 36 51
94 36 51
94 36 51
94 36 51
108 38 59
108 38 59
108 38 59
108 38 59
108 38 59
108 38 59
108 38 59
108 38 59
89 61 82
89 61 82
89 61 82
89 61 82
89 61 82
89 61 82
89 61 82
81 43 71
81 43 71
81 43 71
81 43 71
81 43 71
81 43 71
81 43 71
61 37 53
61 37 53
61 37 53
61 37 53
61 37 53
61 37 53
61 37 53
61 37 53
85 58 70
85 58 70
85 58 70
85 58 70
85 58 70
85 58 70
85 58 70
111 39 98
111 39 98
111 39 98
111 39 98
111 39 98
111 39 98
111 39 98
111 39 98
66 59 62
66 59 62
66 59 62
117 49 87
117 49 87
117 49 87
117 49 87
117 49 87
117 49 87
70 40 62
70 40 62
70 40 62
70 40 62
70 40 62
36 30 30
36 30 30
36 30 30
36 30 30
80 57 62
80 57 62
80 57 62
80 57 62
80 57 62
73 54 72
73 54 72
73 54 72
73 54 72
73 54 72
73 54 72
89 41 67
89 41 67
89 41 67
89 41 67
82 38 51
82 38 51
82 38 51
