127 587 233 220
99 62 64
99 62 64
99 62 64
99 62 64
99 62 64
99 62 64
99 62 64
99 62 64
99 62 64
110 37 43
110 37 43
110 37 43
110 37 43
110 37 43
110 37 43
110 37 43
110 37 43
110 37 43
110 37 43
110 37 43
110 37 43
96 50 73
96 50 73
96 50 73
96 50 73
96 50 73
114 35 53
114 35 53
114 35 53
114 35 53
114 35 53
114 35 53
114 35 53
114 35 53
114 35 53
114 35 53
114 35 53
105 22 27
105 22 27
105 22 27
75 51 66
75 51 66
75 51 66
72 48 61
72 48 61
72 48 61
102 32 46
102 32 46
102 32 46
102 32 46
102 32 46
102 32 46
102 32 46
59 45 57
59 45 57
59 45 57
59 45 57
59 45 57
111 33 45
111 33 45
111 33 45
111 33 45
90 58 74
90 58 74
90 58 74
90 58 74
90 58 74
90 58 74
90 58 74
90 58 74
90 58 74
90 58 74
90 58 74
55 34 51
55 34 51
55 34 51
98 21 73
98 21 73
98 21 73
98 21 73
98 21 73
98 21 73
98 21 73
85 35 61
85 35 61
85 35 61
85 35 61
85 35 61
85 35 61
85 35 61
85 35 61
41 31 35
41 31 35
41 31 35
41 31 35
41 31 35
41 31 35
41 31 35
41 31 35
89 77 86
89 77 86
89 77 86
89 77 86
61 47 55
61 47 55
61 47 55
61 47 55
61 47 55
96 45 66
96 45 66
96 45 66
96 45 66
96 45 66
96 45 66
98 58 79
98 58 79
98 58 79
98 58 79
98 58 79
98 58 79
89 34 61
89 34 61
89 34 61
89 34 61
89 34 61
89 34 61
89 34 61
