127 587 233 220
96 68 95
96 68 95
96 68 95
96 68 95
96 68 95
96 68 95
96 68 95
96 68 95
69 35 61
69 35 61
69 35 61
69 35 61
107 55 70
107 55 70
107 55 70
92 34 85
92 34 85
92 34 85
92 34 85
96 31 60
96 31 60
96 31 60
96 31 60
66 38 38
66 38 38
66 38 38
66 38 38
66 38 38
63 36 57
63 36 57
63 36 57
63 36 57
63 36 57
63 36 57
51 31 31
51 31 31
51 31 31
51 31 31
51 31 31
51 31 31
100 44 75
100 44 75
100 44 75
100 44 75
100 44 75
100 44 75
100 44 75
100 44 75
78 53 66
78 53 66
78 53 66
78 53 66
78 53 66
78 53 66
33 29 32
33 29 32
33 29 32
33 29 32
81 45 72
81 45 72
81 45 72
81 45 72
81 45 72
81 45 72
81 45 72
81 45 72
81 45 72
81 45 72
81 45 72
81 45 72
88 38 57
88 38 57
88 38 57
88 38 57
88 38 57
88 38 57
88 38 57
88 38 57
88 38 57
52 21 34
52 21 34
52 21 34
52 21 34
52 21 34
52 21 34
112 31 69
112 31 69
112 31 69
112 31 69
112 31 69
112 31 69
63 57 59
63 57 59
63 57 59
63 57 59
63 57 59
63 57 59
63 57 59
63 57 59
63 57 59
76 48 65
76 48 65
76 48 65
76 48 65
76 48 65
76 48 65
92 46 60
92 46 60
92 46 60
92 46 60
92 46 60
92 46 60
92 46 60
118 52 55
118 52 55
118 52 55
118 52 55
118 52 55
118 52 55
118 52 55
96 22 93
96 22 93
96 22 93
96 22 93
96 22 93
96 22 93
96 22 93
