129 587 233 220
101 24 81
101 24 81
101 24 81
101 24 81
101 24 81
101 24 81
101 24 81
101 24 81
94 29 72
94 29 72
94 29 72
94 29 72
94 29 72
79 47 72
79 47 72
79 47 72
79 47 72
79 47 72
79 47 72
79 47 72
90 35 36
90 35 36
90 35 36
90 35 36
90 35 36
68 40 51
68 40 51
68 40 51
68 40 51
68 40 51
48 35 45
48 35 45
48 35 45
48 35 45
48 35 45
48 35 45
48 35 45
48 35 45
48 35 45
48 35 45
48 35 45
108 69 84
108 69 84
108 69 84
108 69 84
108 69 84
108 69 84
108 69 84
108 69 84
108 69 84
91 31 45
91 31 45
91 31 45
91 31 45
91 31 45
91 31 45
91 31 45
84 62 80
84 62 80
84 62 80
84 62 80
77 41 71
77 41 71
77 41 71
77 41 71
77 41 71
77 41 71
91 42 78
91 42 78
91 42 78
91 42 78
91 42 78
82 60 80
82 60 80
82 60 80
82 60 80
82 60 80
82 60 80
82 60 80
82 60 80
82 60 80
82 60 80
89 26 42
89 26 42
89 26 42
45 30 41
45 30 41
45 30 41
79 29 51
79 29 51
79 29 51
79 29 51
79 29 51
79 29 51
79 29 51
79 29 51
56 20 53
56 20 53
56 20 53
56 20 53
56 20 53
56 20 53
56 20 53
56 20 53
56 20 53
56 20 53
117 39 78
117 39 78
117 39 78
117 39 78
117 39 78
117 39 78
117 39 78
84 42 78
84 42 78
118 46 66
118 46 66
118 46 66
118 46 66
118 46 66
118 46 66
118 46 66
116 30 42
116 30 42
116 30 42
116 30 42
116 30 42
116 30 42
116 30 42
