158 587 233 220
73 36 73
73 36 73
73 36 73
73 36 73
73 36 73
73 36 73
73 36 73
73 36 73
73 36 73
73 36 73
73 36 73
87 26 49
87 26 49
87 26 49
87 26 49
87 26 49
87 26 49
87 26 49
87 26 49
87 26 49
68 44 53
68 44 53
68 44 53
68 44 53
68 44 53
68 44 53
73 33 57
73 33 57
73 33 57
73 33 57
73 33 57
73 33 57
65 47 49
65 47 49
65 47 49
65 47 49
65 47 49
65 47 49
65 47 49
80 35 65
80 35 65
80 35 65
80 35 65
80 35 65
80 35 65
80 35 65
80 35 65
80 35 65
80 35 65
80 35 65
72 26 35
72 26 35
72 26 35
72 26 35
72 26 35
72 26 35
72 26 35
72 26 35
72 26 35
72 26 35
72 26 35
72 26 35
72 26 35
75 40 68
75 40 68
75 40 68
75 40 68
75 40 68
75 40 68
75 40 68
75 40 68
104 34 53
104 34 53
104 34 53
104 34 53
104 34 53
104 34 53
104 34 53
104 34 53
104 34 53
97 45 93
97 45 93
97 45 93
97 45 93
97 45 93
97 45 93
79 49 54
79 49 54
79 49 54
79 49 54
79 49 54
79 49 54
79 49 54
52 27 32
52 27 32
52 27 32
52 27 32
52 27 32
52 27 32
52 27 32
52 27 32
52 27 32
52 27 32
52 27 32
52 27 32
52 27 32
84 59 72
84 59 72
84 59 72
84 59 72
84 59 72
84 59 72
84 59 72
84 59 72
74 53 71
74 53 71
74 53 71
74 53 71
74 53 71
74 53 71
74 53 71
74 53 71
74 53 71
102 27 70
102 27 70
102 27 70
102 27 70
102 27 70
102 27 70
102 27 70
102 27 70
102 27 70
80 52 79
80 52 79
80 52 79
80 52 79
80 52 79
80 52 79
102 35 87
102 35 87
102 35 87
102 35 87
102 35 87
102 35 87
102 35 87
102 35 87
70 27 31
70 27 31
70 27 31
70 27 31
70 27 31
60 51 57
60 51 57
60 51 57
84 38 76
84 38 76
84 38 76
84 38 76
