142 587 233 220
105 42 68
105 42 68
105 42 68
105 42 68
105 42 68
105 42 68
75 24 37
75 24 37
75 24 37
75 24 37
75 24 37
75 24 37
75 24 37
79 26 73
79 26 73
79 26 73
79 26 73
79 26 73
79 26 73
79 26 73
79 26 73
79 26 73
79 26 73
79 26 73
95 38 53
95 38 53
95 38 53
95 38 53
95 38 53
95 38 53
95 38 53
95 38 53
50 40 41
50 40 41
50 40 41
50 40 41
50 40 41
50 40 41
50 40 41
50 40 41
50 40 41
80 52 59
80 52 59
80 52 59
80 52 59
80 52 59
80 52 59
90 35 74
90 35 74
90 35 74
90 35 74
90 35 74
87 60 60
87 60 60
87 60 60
87 60 60
87 60 60
87 60 60
87 60 60
68 39 50
68 39 50
68 39 50
78 25 64
78 25 64
78 25 64
78 25 64
78 25 64
78 25 64
78 25 64
73 52 65
73 52 65
73 52 65
73 52 65
73 52 65
73 52 65
73 52 65
73 52 65
83 38 48
83 38 48
83 38 48
83 38 48
83 38 48
83 38 48
83 38 48
83 38 48
87 44 76
87 44 76
87 44 76
87 44 76
87 44 76
87 44 76
60 26 38
60 26 38
60 26 38
60 26 38
60 26 38
60 26 38
60 26 38
60 26 38
60 26 38
60 26 38
82 64 65
82 64 65
82 64 65
82 64 65
52 38 48
52 38 48
52 38 48
52 38 48
52 38 48
52 38 48
95 63 91
95 63 91
95 63 91
95 63 91
95 63 91
95 63 91
95 63 91
95 63 91
95 63 91
95 63 91
111 25 75
111 25 75
111 25 75
111 25 75
117 36 81
117 36 81
117 36 81
117 36 81
117 36 81
117 36 81
117 36 81
117 36 81
67 38 45
67 38 45
67 38 45
67 38 45
67 38 45
67 38 45
67 38 45
67 38 45
67 38 45
