128 587 233 220
78 54 59
78 54 59
78 54 59
78 54 59
120 20 52
120 20 52
120 20 52
120 20 52
120 20 52
120 20 52
120 20 52
120 20 52
120 20 52
120 20 52
100 54 67
100 54 67
100 54 67
100 54 67
100 54 67
91 37 59
91 37 59
91 37 59
91 37 59
91 37 59
91 37 59
112 56 57
112 56 57
112 56 57
112 56 57
112 56 57
112 56 57
112 56 57
88 34 46
88 34 46
88 34 46
108 53 78
108 53 78
108 53 78
108 53 78
108 53 78
108 53 78
108 53 78
108 53 78
100 29 48
100 29 48
100 29 48
100 29 48
100 29 48
100 29 48
100 29 48
100 29 48
100 29 48
100 29 48
100 29 48
100 29 48
89 21 88
89 21 88
89 21 88
89 21 88
89 21 88
89 21 88
90 21 40
90 21 40
90 21 40
90 21 40
90 21 40
90 21 40
90 21 40
90 21 40
90 21 40
90 21 40
89 36 37
89 36 37
89 36 37
89 36 37
62 20 53
62 20 53
62 20 53
62 20 53
62 20 53
62 20 53
62 20 53
62 20 53
62 20 53
116 40 48
116 40 48
116 40 48
116 40 48
116 40 48
116 40 48
116 40 48
64 32 49
64 32 49
64 32 49
64 32 49
64 32 49
63 41 56
63 41 56
63 41 56
76 70 75
76 70 75
76 70 75
76 70 75
76 70 75
76 70 75
100 59 81
100 59 81
100 59 81
100 59 81
102 74 95
102 74 95
102 74 95
102 74 95
102 74 95
102 74 95
102 74 95
102 74 95
66 50 56
66 50 56
66 50 56
66 50 56
66 50 56
66 50 56
58 22 33
58 22 33
58 22 33
58 22 33
58 22 33
