131 587 233 220
65 50 51
65 50 51
65 50 51
65 50 51
65 50 51
65 50 51
113 28 78
113 28 78
113 28 78
113 28 78
113 28 78
113 28 78
113 28 78
113 28 78
113 28 78
120 32 35
120 32 35
120 32 35
120 32 35
120 32 35
71 20 53
71 20 53
71 20 53
71 20 53
71 20 53
71 20 53
71 20 53
94 64 70
94 64 70
94 64 70
94 64 70
64 32 33
64 32 33
64 32 33
64 32 33
64 32 33
64 32 33
64 32 33
64 32 33
64 32 33
64 32 33
71 21 35
71 21 35
71 21 35
71 21 35
71 21 35
71 21 35
71 21 35
85 49 59
85 49 59
85 49 59
85 49 59
108 53 62
108 53 62
108 53 62
108 53 62
108 53 62
108 53 62
108 53 62
116 25 56
116 25 56
116 25 56
116 25 56
116 25 56
116 25 56
75 35 69
75 35 69
75 35 69
75 35 69
75 35 69
75 35 69
75 35 69
75 35 69
114 53 85
114 53 85
114 53 85
114 53 85
114 53 85
55 20 35
55 20 35
55 20 35
55 20 35
55 20 35
55 20 35
89 66 72
89 66 72
89 66 72
89 66 72
89 66 72
92 47 62
92 47 62
92 47 62
92 47 62
92 47 62
92 47 62
92 47 62
103 42 99
103 42 99
103 42 99
103 42 99
103 42 99
103 42 99
103 42 99
66 32 55
66 32 55
66 32 55
66 32 55
66 32 55
66 32 55
66 32 55
66 32 55
93 39 62
93 39 62
93 39 62
93 39 62
93 39 62
86 50 64
86 50 64
86 50 64
86 50 64
86 50 64
75 68 71
75 68 71
75 68 71
75 68 71
75 68 71
75 68 71
75 68 71
75 68 71
75 68 71
75 68 71
