154 587 233 220
114 42 77
114 42 77
114 42 77
114 42 77
114 42 77
114 42 77
114 42 77
114 42 77
105 74 81
105 74 81
105 74 81
105 74 81
105 74 81
76 50 73
76 50 73
76 50 73
76 50 73
76 50 73
76 50 73
76 50 73
76 50 73
76 50 73
104 41 91
104 41 91
104 41 91
104 41 91
104 41 91
104 41 91
104 41 91
104 41 91
104 41 91
104 41 91
75 23 70
75 23 70
75 23 70
75 23 70
75 23 70
75 23 70
93 20 67
93 20 67
93 20 67
93 20 67
93 20 67
93 20 67
93 20 67
93 20 67
89 25 54
89 25 54
89 25 54
89 25 54
89 25 54
89 25 54
89 28 46
89 28 46
89 28 46
89 28 46
89 28 46
89 28 46
89 28 46
89 28 46
89 28 46
89 28 46
36 24 35
36 24 35
36 24 35
36 24 35
36 24 35
36 24 35
36 24 35
72 29 50
72 29 50
72 29 50
72 29 50
72 29 50
72 29 50
72 29 50
72 29 50
72 38 41
72 38 41
72 38 41
72 38 41
72 38 41
72 38 41
72 38 41
72 38 41
72 38 41
84 24 32
84 24 32
84 24 32
84 24 32
84 24 32
84 24 32
84 24 32
84 24 32
84 24 32
85 31 53
85 31 53
85 31 53
85 31 53
85 31 53
115 38 94
115 38 94
115 38 94
115 38 94
115 38 94
60 38 51
60 38 51
60 38 51
60 38 51
60 38 51
60 38 51
60 38 51
60 38 51
60 38 51
60 38 51
74 40 46
74 40 46
74 40 46
74 40 46
74 40 46
74 40 46
74 40 46
74 40 46
52 41 50
52 41 50
52 41 50
52 41 50
52 41 50
52 41 50
52 41 50
52 41 50
52 41 50
52 41 50
85 50 58
85 50 58
85 50 58
85 50 58
85 50 58
85 50 58
85 50 58
85 50 58
85 50 58
85 50 58
116 34 78
116 34 78
116 34 78
116 34 78
116 34 78
85 41 53
85 41 53
85 41 53
85 41 53
85 41 53
85 41 53
