108 587 233 220
55 22 37
55 22 37
55 22 37
55 22 37
55 22 37
72 31 55
72 31 55
72 31 55
72 31 55
72 31 55
72 31 55
72 31 55
72 31 55
72 31 55
72 31 55
61 36 56
61 36 56
61 36 56
61 36 56
76 22 72
76 22 72
76 22 72
76 22 72
76 22 72
74 61 66
74 61 66
74 61 66
74 61 66
74 61 66
43 32 39
43 32 39
43 32 39
43 32 39
43 32 39
43 32 39
43 32 39
43 32 39
108 27 98
108 27 98
108 27 98
108 27 98
109 65 73
109 65 73
109 65 73
109 65 73
109 65 73
109 65 73
97 40 92
97 40 92
97 40 92
97 40 92
97 40 92
97 40 92
97 40 92
109 62 80
109 62 80
109 62 80
109 62 80
109 62 80
109 62 80
57 45 57
57 45 57
57 45 57
114 41 43
114 41 43
114 41 43
114 41 43
114 41 43
114 41 43
100 67 69
100 67 69
100 67 69
100 67 69
100 67 69
100 67 69
82 24 68
82 24 68
82 24 68
82 24 68
97 31 34
97 31 34
97 31 34
99 60 95
99 60 95
99 60 95
99 60 95
99 60 95
99 60 95
99 60 95
79 45 45
79 45 45
79 45 45
79 45 45
79 45 45
79 45 45
79 45 45
44 30 35
44 30 35
85 55 65
85 55 65
85 55 65
85 55 65
85 55 65
85 55 65
100 76 91
100 76 91
100 76 91
100 76 91
