117 587 233 220
119 28 34
119 28 34
119 28 34
119 28 34
119 28 34
84 48 69
84 48 69
84 48 69
84 48 69
84 48 69
84 48 69
97 78 82
97 78 82
97 78 82
97 78 82
97 78 82
97 78 82
97 78 82
109 33 43
109 33 43
109 33 43
109 33 43
109 33 43
109 33 43
80 47 75
80 47 75
80 47 75
80 47 75
80 47 75
74 30 62
74 30 62
74 30 62
74 30 62
74 30 62
74 30 62
74 30 62
74 30 62
74 30 62
74 30 62
74 30 62
40 31 35
40 31 35
40 31 35
40 31 35
40 31 35
40 31 35
40 31 35
40 31 35
40 31 35
40 31 35
58 26 43
58 26 43
58 26 43
111 71 73
111 71 73
111 71 73
111 71 73
95 43 66
95 43 66
95 43 66
95 43 66
95 43 66
95 43 66
95 43 66
96 28 82
96 28 82
96 28 82
96 28 82
96 28 82
96 28 82
96 28 82
96 28 82
84 66 73
84 66 73
84 66 73
84 66 73
84 66 73
62 38 42
62 38 42
62 38 42
62 38 42
62 38 42
62 38 42
108 58 91
108 58 91
108 58 91
108 58 91
108 58 91
108 58 91
108 58 91
108 58 91
108 58 91
96 25 81
96 25 81
42 31 35
42 31 35
42 31 35
42 31 35
75 30 54
75 30 54
75 30 54
75 30 54
75 30 54
117 33 50
117 33 50
117 33 50
117 33 50
117 33 50
117 33 50
117 33 50
115 49 68
115 49 68
115 49 68
115 49 68
115 49 68
115 49 68
105 60 66
