142 587 233 220
100 40 60
100 40 60
100 40 60
100 40 60
100 40 60
89 34 67
89 34 67
89 34 67
89 34 67
92 38 80
92 38 80
92 38 80
92 38 80
92 38 80
92 38 80
92 38 80
90 24 81
90 24 81
90 24 81
90 24 81
90 24 81
90 24 81
90 24 81
90 24 81
90 24 81
90 24 81
90 24 81
90 24 81
84 38 52
84 38 52
84 38 52
84 38 52
84 38 52
84 38 52
84 38 52
84 38 52
77 46 54
77 46 54
77 46 54
77 46 54
77 46 54
77 46 54
90 33 49
90 33 49
90 33 49
90 33 49
90 33 49
78 27 45
78 27 45
78 27 45
78 27 45
78 27 45
78 27 45
78 27 45
78 27 45
78 27 45
76 28 57
76 28 57
76 28 57
76 28 57
76 28 57
76 28 57
76 28 57
76 28 57
76 28 57
76 28 57
76 28 57
102 27 38
102 27 38
102 27 38
102 27 38
55 39 45
55 39 45
55 39 45
55 39 45
55 39 45
55 39 45
55 39 45
115 29 78
115 29 78
115 29 78
115 29 78
98 53 58
98 53 58
98 53 58
98 53 58
98 53 58
98 53 58
75 44 64
75 44 64
75 44 64
75 44 64
75 44 64
75 44 64
75 44 64
75 44 64
75 44 64
75 44 64
75 44 64
61 20 57
61 20 57
61 20 57
61 20 57
61 20 57
94 78 92
94 78 92
94 78 92
94 78 92
94 78 92
94 78 92
114 42 58
114 42 58
114 42 58
114 42 58
114 42 58
114 42 58
114 42 58
98 27 67
98 27 67
98 27 67
98 27 67
98 27 67
98 27 67
98 27 67
85 45 79
85 45 79
85 45 79
85 45 79
85 45 79
85 45 79
85 45 79
85 45 79
85 45 79
85 45 79
85 45 79
85 45 79
111 22 49
111 22 49
111 22 49
111 22 49
111 22 49
111 22 49
