129 587 233 220
90 63 70
90 63 70
90 63 70
84 28 78
94 39 85
94 39 85
94 39 85
94 39 85
94 39 85
94 39 85
80 54 76
80 54 76
80 54 76
80 54 76
80 54 76
80 54 76
80 54 76
69 45 50
69 45 50
69 45 50
69 45 50
69 45 50
69 45 50
70 37 57
70 37 57
70 37 57
70 37 57
70 37 57
70 37 57
70 37 57
70 37 57
94 54 61
94 54 61
94 54 61
94 54 61
92 29 44
92 29 44
92 29 44
92 29 44
92 29 44
92 29 44
92 29 44
72 37 53
72 37 53
72 37 53
72 37 53
89 27 43
89 27 43
89 27 43
89 27 43
91 28 44
91 28 44
91 28 44
91 28 44
91 28 44
91 28 44
91 28 44
78 68 76
78 68 76
78 68 76
78 68 76
78 68 76
78 68 76
78 68 76
78 68 76
78 68 76
78 68 76
78 68 76
84 33 61
84 33 61
84 33 61
84 33 61
84 33 61
84 33 61
84 33 61
107 39 40
107 39 40
107 39 40
107 39 40
107 39 40
114 69 75
114 69 75
114 69 75
114 69 75
114 69 75
114 69 75
114 69 75
57 48 55
57 48 55
57 48 55
57 48 55
57 48 55
57 48 55
57 48 55
57 48 55
57 48 55
57 48 55
57 48 55
99 47 57
99 47 57
99 47 57
99 47 57
92 44 66
92 44 66
92 44 66
92 44 66
92 44 66
92 44 66
92 44 66
73 42 48
73 42 48
73 42 48
73 42 48
73 42 48
73 42 48
73 42 48
73 42 48
73 42 48
73 42 48
99 39 46
99 39 46
99 39 46
99 39 46
99 39 46
99 39 46
99 39 46
99 39 46
99 39 46
99 39 46
