97 587 233 220
91 33 52
91 33 52
91 33 52
91 33 52
91 33 52
87 63 81
87 63 81
87 63 81
113 45 79
113 45 79
113 45 79
113 45 79
113 45 79
113 45 79
114 45 52
114 45 52
114 45 52
114 45 52
114 45 52
114 45 52
114 45 52
114 45 52
110 66 90
110 66 90
110 66 90
110 66 90
110 66 90
110 66 90
81 31 41
81 31 41
81 31 41
81 31 41
108 37 67
108 37 67
108 37 67
108 37 67
108 37 67
118 57 82
118 57 82
118 57 82
118 57 82
96 30 60
96 30 60
96 30 60
96 30 60
43 36 42
43 36 42
43 36 42
43 36 42
43 36 42
93 77 78
93 77 78
93 77 78
93 77 78
93 77 78
93 77 78
85 25 62
85 25 62
85 25 62
85 25 62
85 25 62
85 25 62
93 30 83
93 30 83
93 30 83
93 30 83
93 30 83
101 77 87
101 77 87
101 77 87
112 56 72
112 56 72
112 56 72
112 56 72
112 56 72
112 56 72
112 56 72
49 31 39
49 31 39
49 31 39
49 31 39
49 31 39
49 31 39
49 31 39
100 38 67
76 41 59
76 41 59
76 41 59
76 41 59
114 59 64
114 59 64
114 59 64
114 59 64
91 34 68
91 34 68
91 34 68
91 34 68
