106 587 233 220
86 57 65
86 57 65
86 57 65
86 57 65
61 32 37
61 32 37
61 32 37
39 27 33
39 27 33
39 27 33
39 27 33
39 27 33
39 27 33
39 27 33
39 27 33
85 26 33
85 26 33
85 26 33
85 26 33
85 26 33
101 42 94
101 42 94
101 42 94
65 46 53
65 46 53
65 46 53
65 46 53
76 39 72
76 39 72
76 39 72
76 39 72
76 39 72
47 25 42
47 25 42
47 25 42
93 60 76
93 60 76
93 60 76
93 60 76
95 51 74
95 51 74
95 51 74
95 51 74
95 51 74
95 51 74
95 51 74
95 51 74
97 32 66
97 32 66
97 32 66
97 32 66
116 37 78
116 37 78
116 37 78
116 37 78
116 37 78
116 37 78
98 47 53
98 47 53
98 47 53
98 47 53
98 47 53
68 60 63
68 60 63
68 60 63
68 60 63
68 60 63
68 60 63
68 60 63
68 60 63
68 60 63
93 68 91
93 68 91
93 68 91
93 68 91
93 68 91
93 68 91
93 68 91
90 35 88
90 35 88
90 35 88
93 66 71
93 66 71
93 66 71
93 66 71
93 66 71
100 70 89
100 70 89
100 70 89
100 70 89
100 70 89
100 70 89
94 35 84
94 35 84
94 35 84
94 35 84
94 35 84
94 35 84
94 35 84
94 35 84
94 35 84
74 30 40
74 30 40
74 30 40
74 30 40
74 30 40
