90 587 233 220
78 37 69
78 37 69
78 37 69
78 37 69
115 58 90
115 58 90
115 58 90
115 58 90
115 58 90
115 58 90
115 58 90
68 20 53
68 20 53
68 20 53
68 20 53
68 20 53
119 47 71
119 47 71
119 47 71
119 47 71
119 47 71
119 47 71
100 57 82
100 57 82
100 57 82
88 52 76
88 52 76
88 52 76
95 43 90
95 43 90
95 43 90
95 43 90
95 43 90
95 43 90
87 62 72
87 62 72
87 62 72
87 62 72
87 62 72
87 62 72
87 62 72
80 47 66
80 47 66
80 47 66
120 67 78
120 67 78
120 67 78
120 67 78
103 60 65
103 60 65
103 60 65
86 50 60
86 50 60
86 50 60
86 50 60
80 37 49
80 37 49
80 37 49
80 37 49
80 37 49
94 36 83
94 36 83
94 36 83
94 36 83
92 51 59
92 51 59
92 51 59
92 51 59
92 51 59
92 51 59
118 35 67
118 35 67
118 35 67
118 35 67
118 35 67
80 62 78
80 62 78
80 62 78
80 62 78
91 33 58
91 33 58
91 33 58
91 33 58
91 33 58
114 49 78
114 49 78
114 49 78
114 49 78
76 40 54
76 40 54
