151 587 233 220
64 26 42
64 26 42
64 26 42
64 26 42
64 26 42
64 26 42
64 26 42
64 26 42
64 26 42
92 52 58
92 52 58
92 52 58
92 52 58
92 52 58
92 52 58
92 52 58
92 21 85
92 21 85
92 21 85
92 21 85
92 21 85
92 21 85
92 21 85
92 21 85
90 33 49
90 33 49
90 33 49
90 33 49
90 33 49
90 33 49
90 33 49
90 33 49
54 34 48
54 34 48
54 34 48
54 34 48
54 34 48
54 34 48
95 45 62
95 45 62
95 45 62
95 45 62
95 45 62
95 45 62
72 46 49
72 46 49
72 46 49
72 46 49
72 46 49
72 46 49
72 46 49
72 46 49
56 25 42
56 25 42
56 25 42
56 25 42
56 25 42
56 25 42
56 25 42
56 25 42
56 25 42
56 25 42
64 26 34
64 26 34
64 26 34
64 26 34
64 26 34
113 54 90
113 54 90
113 54 90
113 54 90
113 54 90
113 54 90
113 42 52
113 42 52
113 42 52
113 42 52
113 42 52
94 38 86
94 38 86
94 38 86
94 38 86
94 38 86
94 38 86
81 68 80
81 68 80
81 68 80
81 68 80
81 68 80
87 55 79
87 55 79
87 55 79
87 55 79
87 55 79
87 55 79
87 55 79
87 55 79
87 55 79
81 45 52
81 45 52
81 45 52
81 45 52
81 45 52
81 45 52
81 45 52
81 45 52
81 45 52
81 45 52
81 45 52
81 45 52
81 45 52
113 24 32
113 24 32
113 24 32
113 24 32
113 24 32
113 24 32
113 24 32
113 24 32
113 24 32
113 24 32
92 25 57
92 25 57
92 25 57
92 25 57
92 25 57
100 33 40
100 33 40
100 33 40
100 33 40
100 33 40
100 33 40
113 40 93
113 40 93
113 40 93
113 40 93
113 40 93
113 40 93
74 22 65
74 22 65
74 22 65
74 22 65
74 22 65
74 22 65
74 22 65
74 22 65
74 22 65
74 22 65
74 22 65
74 22 65
74 22 65
