144 587 233 220
106 38 55
106 38 55
106 38 55
106 38 55
106 38 55
106 38 55
106 38 55
106 38 55
69 48 50
69 48 50
69 48 50
69 48 50
69 48 50
69 48 50
69 48 50
69 48 50
69 48 50
69 48 50
69 48 50
106 57 63
106 57 63
106 57 63
106 57 63
106 57 63
106 57 63
106 57 63
106 57 63
106 57 63
106 57 63
106 57 63
71 51 66
71 51 66
71 51 66
71 51 66
71 51 66
62 36 41
62 36 41
62 36 41
62 36 41
62 36 41
62 36 41
62 36 41
62 36 41
62 36 41
75 39 49
75 39 49
75 39 49
75 39 49
75 39 49
75 39 49
75 39 49
90 53 64
90 53 64
90 53 64
90 53 64
90 53 64
90 53 64
90 53 64
90 53 64
90 53 64
96 55 79
96 55 79
96 55 79
96 55 79
96 55 79
96 55 79
96 55 79
96 55 79
96 55 79
96 55 79
83 67 75
83 67 75
83 67 75
83 67 75
83 67 75
58 30 48
58 30 48
58 30 48
58 30 48
58 30 48
58 30 48
81 24 59
81 24 59
81 24 59
81 24 59
81 24 59
81 24 59
81 24 59
81 24 59
71 41 56
71 41 56
71 41 56
71 41 56
111 40 76
111 40 76
111 40 76
111 40 76
111 40 76
111 40 76
111 40 76
111 40 76
113 26 27
113 26 27
113 26 27
113 26 27
50 36 41
50 36 41
50 36 41
50 36 41
50 36 41
50 36 41
50 36 41
50 36 41
57 50 55
57 50 55
57 50 55
57 50 55
57 50 55
57 50 55
57 50 55
42 21 25
42 21 25
42 21 25
42 21 25
42 21 25
42 21 25
42 21 25
115 29 44
115 29 44
115 29 44
78 52 54
78 52 54
78 52 54
78 52 54
78 52 54
78 52 54
78 52 54
78 52 54
78 52 54
87 31 68
87 31 68
87 31 68
87 31 68
87 31 68
