# MHKP instance for submodel V0 of Deplano et al. (2019)
# BINS:  length width height priority
# ITEMS: length width height
# beta (gcd of item sides) = 1
BINS
120 120 120 5.78703703704e-07
144 120 120 4.8225308642e-07
168 144 120 3.444664903e-07
ITEMS
96 72 71
41 42 35
72 73 69
64 83 42
65 80 46
89 58 60
91 67 57
89 70 45
55 27 42
60 75 50
41 36 40
71 72 70
89 57 67
80 56 45
68 83 47
25 24 24
70 57 50
78 65 68
98 79 67
65 73 46
68 58 52
84 50 46
32 22 23
86 73 43
36 49 19
66 78 69
65 83 48
56 44 19
82 86 42
87 82 63
74 78 69
81 59 72
48 43 27
33 44 29
41 25 35
66 55 46
87 77 48
82 60 52
91 78 62
92 83 54
77 85 52
84 78 47
32 49 19
84 68 54
90 75 64
58 75 51
78 53 70
99 68 58
100 54 45
62 60 66
87 60 66
94 69 51
48 34 28
64 51 53
37 35 36
56 45 18
88 72 47
68 85 67
99 58 64
85 64 53
78 57 45
76 81 68
44 40 23
64 83 44
83 73 66
61 79 55
68 76 49
27 23 23
70 69 70
30 29 19
66 83 71
71 59 55
65 62 59
50 31 37
93 57 57
36 33 23
70 65 69
99 67 53
99 58 71
84 77 50
71 68 60
52 22 34
74 60 45
32 45 36
59 52 62
81 79 48
58 61 52
69 77 68
80 72 68
45 29 29
68 82 58
64 73 60
58 38 22
75 74 57
97 85 46
99 78 51
85 60 60
93 83 52
68 66 57
63 65 71
