# MHKP instance for submodel V0 of Deplano et al. (2019)
# BINS:  length width height priority
# ITEMS: length width height
# beta (gcd of item sides) = 1
BINS
120 120 120 5.78703703704e-07
144 120 120 4.8225308642e-07
168 144 120 3.444664903e-07
ITEMS
100 61 60
74 78 65
70 59 62
45 44 33
43 35 20
71 61 46
87 58 56
67 77 59
96 65 62
94 77 46
74 53 48
49 25 18
63 72 67
77 57 67
89 71 69
97 66 46
82 55 52
97 66 63
71 53 46
59 69 42
80 84 47
58 63 60
58 75 64
98 57 43
77 64 43
36 28 23
93 74 54
49 48 30
56 48 34
27 27 21
34 48 38
40 31 32
59 67 63
82 61 58
100 68 66
72 79 70
41 32 21
58 27 34
77 73 60
99 78 42
56 48 36
65 69 50
93 86 62
63 64 48
41 36 18
34 49 37
47 41 25
75 62 42
73 80 49
31 24 33
67 52 46
60 58 70
32 27 32
72 67 66
45 37 20
75 75 49
99 69 63
60 69 43
58 62 49
91 65 53
59 65 43
64 68 65
65 80 46
56 36 22
40 34 21
97 73 64
69 83 45
74 60 53
41 42 28
100 79 69
98 66 67
78 82 49
45 23 28
83 58 61
98 66 68
48 38 34
60 51 64
83 73 60
69 57 53
81 69 65
95 85 45
50 50 34
96 52 48
88 55 53
98 82 62
49 50 35
82 69 55
84 82 72
88 77 47
57 27 27
79 54 54
77 78 44
53 45 37
43 43 27
26 26 31
85 55 42
88 65 54
95 74 68
86 65 59
93 55 61
