# MHKP instance for submodel V0 of Deplano et al. (2019)
# BINS:  length width height priority
# ITEMS: length width height
# beta (gcd of item sides) = 1
BINS
120 120 120 5.78703703704e-07
144 120 120 4.8225308642e-07
168 144 120 3.444664903e-07
ITEMS
67 51 44
67 85 54
63 79 53
93 58 42
59 68 45
94 72 60
99 83 43
44 44 21
65 65 56
98 70 49
88 79 56
48 36 41
95 69 55
31 38 36
47 37 39
97 66 42
99 72 61
99 51 42
90 62 45
35 44 34
71 80 43
43 32 26
27 44 34
71 78 46
87 65 72
56 25 33
45 38 31
35 24 20
29 41 35
72 67 43
88 69 47
27 23 25
78 82 59
54 29 42
56 37 24
37 26 33
61 61 44
74 74 44
89 68 54
25 28 20
35 21 21
41 42 24
84 51 58
86 72 44
75 74 60
80 55 58
87 65 54
89 73 59
79 80 56
63 77 66
58 30 26
59 64 46
57 25 29
40 22 19
100 82 64
56 45 27
64 54 43
56 33 33
65 58 71
84 65 68
85 83 60
69 71 56
25 48 21
27 21 32
73 79 61
93 69 55
87 62 71
61 78 66
35 32 18
73 65 70
83 53 45
87 65 71
57 43 18
46 24 33
60 80 62
85 82 60
45 50 27
64 83 67
96 80 52
96 58 71
95 65 68
46 22 24
53 36 40
55 23 23
100 55 68
52 23 25
27 29 36
86 54 70
64 51 49
72 84 58
48 46 34
77 73 60
47 36 24
92 69 65
93 60 47
34 47 28
91 78 43
50 31 40
54 42 23
61 86 62
