# MHKP instance for submodel V0 of Deplano et al. (2019)
# BINS:  length width height priority
# ITEMS: length width height
# beta (gcd of item sides) = 1
BINS
120 120 120 5.78703703704e-07
144 120 120 4.8225308642e-07
168 144 120 3.444664903e-07
ITEMS
26 48 34
65 55 69
85 52 54
65 78 42
62 50 69
100 71 62
87 86 43
90 53 52
30 22 18
58 30 28
74 68 68
61 82 59
45 42 26
32 30 30
79 66 53
71 55 61
69 61 57
35 38 30
36 28 18
39 48 31
75 68 63
64 60 65
85 59 63
95 86 59
66 75 48
83 56 53
42 37 23
73 64 44
100 67 61
54 38 35
80 62 51
89 76 68
28 45 38
66 50 59
73 53 59
90 72 63
89 68 53
92 54 46
73 62 66
66 72 43
83 62 65
35 22 18
34 34 37
82 72 71
65 62 70
42 35 35
74 52 45
78 55 58
98 77 53
78 65 51
95 58 49
63 81 56
73 86 69
55 38 38
80 56 58
79 77 64
80 69 51
82 58 70
67 56 52
73 56 69
66 85 58
85 62 60
78 65 59
57 44 26
90 85 50
88 75 58
95 59 64
90 72 58
40 44 35
89 79 46
84 66 65
95 52 49
33 33 22
30 28 35
63 61 45
35 45 40
70 82 64
33 44 32
40 21 41
54 44 40
62 59 55
70 65 67
69 72 54
89 72 60
39 49 25
54 25 37
70 73 59
93 82 49
36 38 28
87 67 66
82 63 69
93 71 59
52 29 23
98 56 67
72 72 43
86 66 71
41 28 34
41 40 41
62 76 62
88 64 42
