# MHKP instance for submodel V0 of Deplano et al. (2019)
# BINS:  length width height priority
# ITEMS: length width height
# beta (gcd of item sides) = 1
BINS
120 120 120 5.78703703704e-07
144 120 120 4.8225308642e-07
168 144 120 3.444664903e-07
ITEMS
72 52 61
81 52 45
90 65 70
52 23 27
80 81 60
87 59 59
40 35 20
99 66 51
93 83 70
85 69 62
31 25 20
99 59 62
47 37 39
77 68 51
32 46 26
88 79 65
58 72 42
26 23 37
78 57 61
77 74 49
79 74 49
88 71 48
94 60 49
76 78 44
59 71 64
93 51 50
26 30 36
94 58 49
98 69 51
59 75 57
60 51 65
56 23 22
38 46 23
58 37 33
71 67 71
56 23 19
84 62 46
72 80 57
78 53 43
45 35 19
27 27 26
51 24 38
61 82 52
92 71 52
62 53 48
38 34 42
72 53 65
70 50 54
48 39 40
81 66 69
80 79 58
49 21 18
41 44 34
42 32 32
63 54 48
72 64 65
96 60 70
64 53 69
81 61 55
67 83 66
69 79 72
69 71 44
34 48 39
54 29 35
77 82 48
84 64 63
88 80 71
87 53 70
79 56 45
65 68 55
93 78 50
54 28 26
33 26 41
94 73 60
58 51 59
35 49 23
78 73 45
94 66 56
54 33 33
31 36 33
61 53 54
30 26 27
95 54 66
80 62 56
38 36 35
99 78 67
89 51 60
65 86 44
28 21 26
50 48 18
53 25 23
44 44 37
62 67 50
44 41 28
77 59 43
55 40 27
80 76 43
92 84 62
81 69 47
85 73 45
