# MHKP instance for submodel V0 of Deplano et al. (2019)
# BINS:  length width height priority
# ITEMS: length width height
# beta (gcd of item sides) = 1
BINS
120 120 120 5.78703703704e-07
ITEMS
63 69 47
58 69 72
35 35 19
52 71 45
19 19 21
63 51 53
18 40 36
61 61 51
43 43 52
20 34 24
64 68 57
66 53 56
44 58 67
50 57 65
42 23 24
62 55 45
23 30 37
42 70 53
48 49 47
49 67 60
54 46 43
47 54 59
39 27 26
40 24 28
65 61 61
49 71 58
50 59 62
51 43 43
49 72 71
22 40 26
48 70 64
39 42 33
68 55 42
26 37 28
64 68 49
46 70 48
23 20 22
63 58 61
24 23 41
42 56 55
70 44 69
72 57 67
45 43 43
54 58 49
42 48 68
43 67 42
39 29 27
39 35 31
64 59 49
46 57 54
19 36 25
61 59 62
55 59 72
57 44 52
18 33 34
42 53 69
69 45 64
72 54 46
45 50 52
60 46 53
62 59 66
64 53 54
46 49 46
59 61 54
42 24 28
66 48 52
56 70 45
23 24 39
68 58 42
49 57 60
39 29 24
62 52 43
55 42 43
34 38 24
62 51 51
25 29 33
45 71 43
65 47 58
24 34 27
52 58 57
62 43 49
61 68 60
24 22 20
57 45 42
54 52 56
42 48 68
43 61 68
22 22 30
68 44 47
55 58 52
32 23 22
63 54 43
47 56 70
42 72 65
71 44 51
36 33 32
68 64 69
55 66 47
61 67 58
71 65 50
57 52 54
57 44 63
71 53 63
43 67 56
53 53 58
46 72 63
42 46 47
47 57 60
51 71 69
34 27 18
47 64 58
38 28 28
45 50 53
21 40 33
60 45 51
29 31 25
58 65 42
60 51 60
34 26 36
55 46 47
59 56 70
62 67 53
65 61 58
69 71 63
66 68 70
55 52 71
59 45 59
52 49 45
49 68 43
59 47 55
41 38 30
68 69 69
52 68 71
65 52 45
61 42 64
68 69 60
47 47 43
46 70 47
61 52 56
68 52 55
52 46 60
52 55 47
36 38 21
72 65 71
63 51 65
25 34 42
64 55 53
55 45 72
69 43 65
23 26 30
66 51 59
48 65 46
35 35 35
70 65 55
36 39 34
53 68 63
67 67 57
53 69 42
61 52 60
54 46 71
