# MHKP instance for submodel V0 of Deplano et al. (2019)
# BINS:  length width height priority
# ITEMS: length width height
# beta (gcd of item sides) = 1
BINS
120 120 120 5.78703703704e-07
ITEMS
57 66 46
24 27 35
63 70 68
63 52 49
55 56 56
49 59 48
57 47 72
26 26 38
42 50 47
28 26 34
24 19 27
71 71 71
71 46 54
54 66 47
38 26 20
57 61 49
71 67 47
46 69 56
54 56 52
25 36 22
65 52 54
45 68 52
25 23 41
70 53 42
59 47 57
60 66 54
51 62 51
69 48 52
49 72 70
39 42 39
72 48 57
25 36 20
46 43 61
41 42 34
37 33 38
55 48 42
52 65 56
51 53 65
51 61 61
28 20 21
34 32 41
62 70 53
52 62 43
29 40 30
58 48 55
68 61 71
56 72 53
64 70 56
38 28 36
47 52 46
69 69 53
40 27 30
58 47 42
57 60 47
42 64 42
42 42 28
46 58 49
28 31 20
67 46 62
58 62 63
38 41 23
69 68 44
68 57 57
32 25 37
71 69 68
21 42 24
42 72 54
61 66 59
37 36 25
51 47 52
48 58 50
67 44 47
19 31 21
28 40 21
60 65 54
33 36 37
42 65 63
47 54 48
53 59 55
29 24 38
51 61 46
67 61 56
31 22 18
42 61 50
53 60 62
25 38 18
50 56 46
59 45 48
44 57 54
70 59 65
60 67 66
29 35 35
24 34 23
57 58 51
56 61 59
38 33 18
61 43 51
52 43 70
21 31 40
49 57 55
44 53 51
53 50 70
59 64 72
61 66 44
65 60 50
64 59 63
47 58 48
20 36 30
61 71 66
41 33 22
53 43 60
42 44 44
64 46 51
43 54 70
56 62 46
62 71 52
28 24 28
49 51 58
44 61 45
53 52 61
38 41 40
60 63 45
27 31 23
26 21 25
40 37 32
50 49 61
69 55 48
38 30 33
50 64 66
60 70 72
46 47 55
21 37 41
50 68 45
55 53 58
33 33 39
31 18 24
66 45 42
62 53 55
56 65 65
35 37 32
28 34 28
37 27 41
20 29 27
66 68 67
56 62 48
30 35 21
63 57 45
39 34 23
48 70 56
57 55 54
71 57 72
52 42 46
57 58 67
55 57 53
32 21 38
67 43 64
61 61 49
59 68 70
49 66 68
29 27 31
