# MHKP instance for submodel V0 of Deplano et al. (2019)
# BINS:  length width height priority
# ITEMS: length width height
# beta (gcd of item sides) = 1
BINS
120 120 120 5.78703703704e-07
ITEMS
68 66 45
40 34 32
66 53 55
44 56 69
34 37 28
59 59 47
40 33 42
58 58 64
33 24 20
56 59 48
59 53 54
18 38 18
30 36 20
31 21 25
61 58 43
60 68 45
40 29 37
27 19 38
43 70 49
37 30 29
64 44 50
19 41 23
58 62 59
45 48 54
69 69 52
46 47 51
47 55 44
66 52 67
53 55 52
71 65 44
52 48 50
25 18 26
50 62 61
53 52 56
27 28 19
35 34 28
54 60 71
62 45 68
46 53 55
46 54 71
69 44 72
62 53 48
35 23 31
28 20 19
68 72 69
69 53 58
55 59 46
55 42 55
40 19 31
48 56 62
20 36 31
55 63 51
64 54 48
44 47 46
58 45 66
38 22 40
19 35 41
26 40 30
53 46 64
64 68 46
44 62 42
19 38 24
59 69 54
51 64 57
68 51 57
31 37 33
33 38 26
66 59 72
19 30 35
54 60 57
22 40 27
62 59 62
23 20 33
44 48 42
40 24 30
47 64 44
59 58 59
59 54 62
53 49 50
21 28 39
28 18 25
36 20 26
21 23 19
36 30 35
56 47 66
60 62 59
26 30 22
54 46 49
39 32 24
44 69 70
52 46 65
24 24 34
62 54 72
68 60 52
42 61 69
18 25 35
69 68 64
41 30 27
44 60 68
53 57 71
58 51 53
56 69 62
53 52 67
59 45 48
18 37 37
68 50 52
43 64 54
70 58 53
60 42 58
37 34 30
45 46 52
28 35 25
44 56 63
20 19 37
63 62 47
45 56 45
40 33 26
41 22 40
54 46 58
20 27 33
69 64 71
70 50 67
61 51 47
45 49 65
54 51 47
18 32 19
42 51 72
65 64 50
45 60 54
38 31 23
18 37 25
45 43 68
31 35 37
65 70 48
68 54 67
50 69 43
38 36 25
45 68 45
61 51 54
44 68 52
63 67 58
32 26 35
67 51 44
65 45 64
53 56 59
23 23 38
29 23 30
29 29 19
58 60 72
28 23 30
39 34 27
38 35 34
60 70 60
61 55 64
32 25 28
43 57 48
57 66 50
70 51 45
59 71 49
43 69 58
