# MHKP instance for submodel V0 of Deplano et al. (2019)
# BINS:  length width height priority
# ITEMS: length width height
# beta (gcd of item sides) = 1
BINS
120 120 120 5.78703703704e-07
ITEMS
34 38 19
67 45 64
60 47 63
21 18 26
44 49 47
64 66 65
61 63 50
57 55 63
36 33 21
31 36 29
35 31 25
28 32 35
61 42 68
23 37 39
42 28 20
44 46 65
54 65 56
60 72 65
38 24 21
67 48 56
40 24 21
53 72 64
39 31 22
22 40 25
56 61 61
61 65 66
50 48 48
38 41 23
69 71 46
45 45 51
44 63 51
50 51 54
33 41 27
22 38 23
42 37 39
35 28 41
25 23 20
60 43 46
32 20 24
46 58 68
23 38 23
56 64 70
65 50 69
62 59 72
52 54 60
24 20 37
66 42 64
63 50 55
24 30 42
61 66 47
40 39 24
38 35 30
37 34 35
53 42 44
50 52 52
30 31 29
62 58 47
67 50 54
20 25 20
59 68 50
26 34 18
66 42 45
49 71 53
29 23 29
43 49 44
30 19 27
64 65 52
65 59 62
68 64 53
55 46 46
54 50 57
62 62 44
71 64 44
40 32 40
54 69 70
56 51 60
38 41 36
37 20 25
67 43 57
25 27 40
63 63 65
41 38 25
51 43 58
57 58 70
61 71 54
57 69 64
67 45 68
41 30 28
37 36 26
47 72 53
32 32 37
72 43 51
51 44 67
49 63 59
29 23 40
30 25 34
59 43 68
54 49 49
53 64 49
58 66 68
41 34 26
71 53 46
24 20 40
42 36 35
21 20 22
69 59 52
60 55 46
53 70 42
38 31 19
56 61 42
30 34 41
24 26 34
44 63 62
55 54 52
25 42 38
58 43 54
59 52 63
29 30 42
68 64 59
44 57 42
44 67 42
22 31 31
23 36 24
22 29 25
64 61 59
29 22 24
52 72 43
58 67 51
47 59 52
48 51 46
51 65 49
23 38 26
45 70 43
33 19 34
42 52 45
61 47 52
52 54 55
60 65 44
48 57 71
62 53 54
27 36 18
26 27 38
34 31 18
68 57 57
55 60 60
42 38 34
24 36 32
66 68 57
68 52 62
61 65 54
61 43 72
34 32 21
54 60 54
41 34 20
56 62 53
57 43 52
28 19 21
72 47 56
51 65 60
69 46 48
