# MHKP instance for submodel V0 of Deplano et al. (2019)
# BINS:  length width height priority
# ITEMS: length width height
# beta (gcd of item sides) = 1
BINS
120 120 120 5.78703703704e-07
ITEMS
63 57 56
48 43 60
55 69 51
24 40 30
44 42 66
45 54 55
55 54 70
67 68 60
63 49 66
66 55 53
31 39 34
44 58 63
71 56 69
27 19 24
52 64 61
22 37 39
52 58 53
33 31 22
68 67 48
50 69 43
31 25 26
55 70 44
42 54 44
42 24 24
54 64 71
46 46 72
56 48 66
57 67 50
44 58 47
67 52 69
45 51 45
68 43 46
34 34 40
27 38 33
20 33 34
21 25 36
48 42 63
59 64 72
42 32 39
59 55 44
55 62 61
67 60 69
52 45 62
72 54 70
69 69 47
52 42 63
29 29 31
34 32 18
22 19 42
57 47 67
50 42 51
49 50 49
43 60 66
39 35 25
44 64 63
64 43 67
39 31 30
34 33 35
54 58 67
63 59 68
68 55 62
29 32 29
21 34 19
54 51 58
61 46 60
70 56 47
29 38 38
30 23 28
49 71 58
66 44 62
35 24 21
36 39 23
50 49 49
64 61 67
21 21 28
72 52 45
25 30 37
62 43 43
68 57 66
63 64 62
68 59 58
31 32 36
30 26 39
25 38 34
37 41 39
58 58 47
69 42 55
40 21 37
43 69 71
54 70 65
22 20 38
34 32 25
56 61 59
57 59 65
47 68 54
31 38 32
23 41 21
56 61 42
63 61 59
47 70 59
69 68 50
55 45 70
31 40 25
72 60 63
33 33 39
26 34 37
42 57 60
51 69 66
33 40 30
65 60 51
19 32 26
31 24 35
18 25 22
56 60 61
27 24 28
36 41 28
53 42 61
63 60 48
34 40 23
19 20 21
50 65 42
46 69 45
54 71 67
57 47 69
50 68 49
30 22 21
64 59 42
25 25 27
49 49 65
23 24 35
66 61 53
52 44 50
60 50 60
68 50 56
43 43 43
60 72 63
44 54 54
70 46 48
46 48 52
58 43 56
72 50 66
42 47 49
68 43 59
64 56 55
48 71 42
51 72 55
58 70 45
61 61 45
63 51 63
32 27 26
38 23 25
62 44 52
46 51 49
55 43 57
66 46 65
46 72 67
18 19 35
56 70 51
56 44 60
41 19 19
