# MHKP instance for submodel V0 of Deplano et al. (2019)
# BINS:  length width height priority
# ITEMS: length width height
# beta (gcd of item sides) = 1
BINS
120 120 120 5.78703703704e-07
ITEMS
69 56 63
33 19 39
48 67 45
56 42 62
42 48 65
72 65 68
41 41 38
36 37 18
45 43 46
60 69 50
46 61 42
55 70 48
56 57 61
55 45 62
65 57 66
59 64 46
69 47 43
63 72 57
47 42 67
72 43 52
52 45 49
53 48 50
46 68 55
69 72 59
45 47 70
41 27 41
27 39 32
44 68 44
59 66 64
32 20 24
71 45 66
48 54 52
47 49 69
45 44 44
30 23 24
54 54 62
65 44 45
67 65 42
53 48 44
21 30 39
70 54 54
45 47 70
62 56 69
38 36 41
70 63 69
31 33 28
26 35 35
32 39 19
71 62 64
25 23 29
33 26 36
18 36 27
62 62 42
49 62 65
58 71 71
43 57 60
60 56 62
37 33 33
51 71 68
49 65 55
70 54 61
52 66 55
71 55 56
34 32 39
43 55 60
72 66 60
57 46 62
42 20 21
42 20 23
52 62 43
22 36 35
46 66 55
43 53 67
60 72 43
66 50 46
54 52 54
28 34 38
60 52 55
35 20 19
46 56 55
67 60 42
22 31 39
66 68 54
65 48 62
36 18 18
53 57 63
50 61 56
61 57 66
25 21 33
38 26 33
44 63 49
68 58 43
29 29 36
68 67 50
28 32 40
71 61 67
70 72 70
66 49 47
33 21 37
44 43 64
30 19 41
25 29 25
43 48 59
43 42 64
23 26 32
63 65 72
53 60 68
63 71 65
29 39 28
28 30 26
60 49 60
26 33 18
36 25 38
45 63 51
28 37 29
58 51 55
56 70 68
51 66 50
51 49 43
40 31 41
43 57 64
70 65 60
54 48 54
33 20 31
47 72 63
28 26 28
27 38 41
22 34 27
60 49 56
31 27 39
44 47 65
54 67 55
44 64 46
55 62 52
54 62 44
45 66 52
42 57 48
39 40 38
34 18 25
28 36 29
69 70 67
59 58 46
70 69 42
35 20 18
45 62 50
33 34 33
68 56 56
61 53 71
50 72 69
58 51 51
42 21 32
52 65 65
39 23 35
31 26 20
33 38 28
44 56 51
65 57 43
25 41 21
68 59 57
37 41 20
