# MHKP instance for submodel V0 of Deplano et al. (2019)
# BINS:  length width height priority
# ITEMS: length width height
# beta (gcd of item sides) = 1
BINS
120 120 120 5.78703703704e-07
ITEMS
19 33 38
35 22 22
63 68 69
39 29 31
23 23 18
23 34 30
66 55 43
27 23 39
34 31 26
56 69 52
22 27 40
59 58 54
63 55 57
20 36 28
66 61 61
52 61 48
18 22 19
64 69 61
69 61 63
70 45 68
42 55 58
19 34 21
50 49 45
22 37 37
21 41 28
24 40 41
61 71 44
64 43 72
37 22 38
62 60 65
40 42 21
60 49 63
62 56 55
60 65 54
49 61 42
63 49 52
57 72 62
49 59 51
44 60 55
18 18 23
61 54 68
42 70 63
45 58 51
65 59 48
54 68 54
34 24 18
70 56 64
61 51 66
46 59 62
54 66 54
54 45 68
28 40 21
70 55 71
30 37 35
56 63 66
54 53 68
52 69 55
61 56 54
29 34 27
65 49 69
43 68 52
47 62 57
41 37 19
60 66 48
38 30 23
65 53 70
40 24 19
54 59 59
67 61 51
69 60 50
49 53 70
68 63 71
52 45 72
49 62 47
41 24 19
38 37 20
33 29 28
27 19 38
32 27 32
31 32 18
48 52 43
62 51 42
66 56 61
23 35 30
29 22 19
68 59 63
71 66 50
44 45 57
68 69 44
43 61 48
68 50 58
58 54 59
26 40 31
31 38 22
71 56 70
18 30 23
56 72 46
59 48 54
71 44 55
60 48 43
42 37 21
31 18 34
60 57 61
42 42 54
35 32 23
38 29 37
40 42 19
62 53 46
59 51 43
55 65 71
67 64 42
48 42 62
57 49 68
63 70 52
66 53 52
46 55 57
54 58 46
27 33 26
52 68 51
41 24 30
40 33 39
47 54 60
57 55 65
63 49 43
42 69 46
49 50 46
71 63 51
70 49 72
36 30 40
30 29 23
65 58 55
70 68 68
42 53 49
24 31 24
57 72 64
68 68 58
36 27 41
47 72 68
41 19 23
45 57 69
43 63 44
37 36 32
26 32 22
29 25 38
71 43 60
52 48 63
62 55 43
31 24 22
36 30 30
59 44 43
50 72 60
18 29 19
58 48 43
47 51 67
72 50 54
59 47 71
25 20 27
37 25 22
19 33 41
19 29 35
