# MHKP instance for submodel V0 of Deplano et al. (2019)
# BINS:  length width height priority
# ITEMS: length width height
# beta (gcd of item sides) = 1
BINS
120 120 120 5.78703703704e-07
ITEMS
67 43 60
61 65 71
72 42 63
47 50 58
46 56 46
60 68 61
51 51 54
39 26 32
44 71 48
48 67 62
67 63 56
42 69 46
62 48 58
42 53 42
50 53 57
25 18 26
71 63 65
72 48 61
59 59 46
66 57 64
49 61 68
20 38 25
45 70 60
64 67 54
40 42 25
58 43 70
45 57 46
69 50 59
48 64 58
67 51 44
46 46 43
39 40 26
50 42 62
48 63 65
70 67 58
69 50 67
58 54 42
60 51 45
33 30 23
55 42 61
42 39 34
45 53 70
42 51 66
21 30 22
70 57 45
23 23 22
48 43 43
54 50 70
40 35 36
44 59 67
32 34 38
51 44 45
56 63 42
69 71 51
30 27 29
46 43 68
29 37 25
38 30 23
34 19 32
49 46 61
19 35 27
21 37 42
30 28 36
35 33 18
30 34 42
28 24 34
58 68 71
69 49 66
60 61 62
50 49 54
53 56 55
41 22 32
71 72 64
29 22 34
49 47 47
31 40 32
27 19 33
28 33 35
34 34 31
65 50 68
45 59 65
33 20 34
49 69 51
52 65 63
57 44 48
59 70 50
30 42 38
40 26 24
22 26 36
33 20 30
35 29 18
53 43 61
62 45 64
59 65 71
67 45 65
48 52 61
19 36 22
62 69 68
24 19 21
57 60 65
65 65 59
43 43 58
46 48 70
52 44 45
48 57 58
46 49 67
30 23 39
23 24 37
57 72 48
59 54 68
45 43 51
22 32 31
42 56 50
65 48 47
63 65 68
27 34 31
57 51 63
70 45 51
34 27 27
23 38 41
34 40 42
57 42 62
52 43 43
34 23 19
58 58 54
56 51 51
70 64 69
64 69 43
51 58 72
25 42 29
39 29 34
50 66 46
19 26 29
43 59 56
58 63 69
41 28 33
21 24 24
65 56 65
59 51 46
54 46 57
51 42 42
33 32 42
72 62 69
35 30 22
55 54 69
69 53 72
59 42 44
52 60 56
21 20 19
66 55 42
53 53 51
43 49 52
41 36 18
72 72 47
62 51 58
45 55 45
55 43 68
68 57 49
47 68 43
54 67 57
