# MHKP instance for submodel V0 of Deplano et al. (2019)
# BINS:  length width height priority
# ITEMS: length width height
# beta (gcd of item sides) = 1
BINS
120 120 120 5.78703703704e-07
ITEMS
34 20 23
55 59 61
55 53 63
39 34 24
19 40 39
72 50 46
37 22 32
66 57 67
67 54 72
47 64 67
64 57 47
52 52 43
30 42 36
49 54 59
49 57 48
27 37 20
65 58 60
65 71 67
53 72 49
53 57 69
24 30 41
55 59 46
31 28 34
50 69 55
32 29 38
62 56 42
50 62 50
53 68 62
27 18 18
45 51 68
25 39 30
44 50 64
64 59 72
32 25 29
19 18 41
49 72 44
30 41 29
70 43 47
67 67 60
49 53 64
47 47 64
38 37 41
44 53 51
71 56 55
41 42 23
27 34 21
44 62 72
64 59 61
40 37 25
42 70 57
53 58 61
29 22 34
49 54 66
30 36 22
21 33 19
63 46 59
66 49 49
72 45 71
58 56 69
59 43 62
61 58 63
65 56 67
46 56 72
20 41 32
55 42 71
28 31 18
33 42 19
65 48 59
23 25 23
52 47 48
41 32 34
43 52 62
53 54 65
56 45 47
33 34 36
60 55 50
58 52 72
59 62 63
32 38 35
44 72 48
59 54 57
65 66 66
20 25 19
30 26 36
25 38 29
66 70 51
26 23 21
63 55 42
72 63 44
59 52 72
32 25 39
57 47 67
46 49 48
43 61 64
23 36 40
46 58 70
62 72 64
25 30 42
70 42 54
60 47 70
50 45 62
47 43 62
56 64 51
48 54 66
63 43 48
62 42 49
18 34 29
35 21 18
68 68 50
54 46 47
72 49 62
58 44 70
52 70 65
71 43 60
38 23 20
72 57 59
68 51 43
20 37 40
51 56 47
23 27 37
47 65 48
36 30 39
33 23 42
22 42 35
61 48 61
64 53 69
68 61 60
54 56 56
60 68 62
38 37 19
58 53 59
47 56 63
35 28 22
47 70 56
54 65 57
60 70 48
68 64 69
67 55 43
63 44 47
72 48 58
59 60 66
63 63 61
22 19 30
53 52 49
20 26 30
34 26 39
54 53 72
56 51 70
58 70 63
36 33 20
47 60 63
42 70 48
29 23 39
56 63 58
55 59 48
49 57 71
48 62 43
60 66 68
48 42 68
26 34 36
