# MHKP instance for submodel V0 of Deplano et al. (2019)
# BINS:  length width height priority
# ITEMS: length width height
# beta (gcd of item sides) = 1
BINS
120 120 120 5.78703703704e-07
ITEMS
55 44 56
60 57 50
58 58 51
49 55 63
44 52 58
21 27 30
71 46 64
71 55 42
36 18 21
33 38 23
20 21 20
65 61 69
31 29 34
47 60 63
70 70 57
65 72 52
27 31 31
59 53 55
66 53 53
69 50 50
38 30 28
63 46 52
48 68 60
20 25 33
61 62 62
66 44 60
62 59 47
47 45 47
46 63 62
23 21 28
23 39 31
56 59 67
67 44 43
52 66 63
53 52 53
63 42 57
62 44 48
55 51 47
67 71 66
24 24 39
49 66 55
56 68 64
29 42 28
47 56 46
60 68 61
50 45 59
53 67 49
59 71 45
45 67 48
48 65 53
29 30 38
29 27 18
72 53 43
47 49 52
18 20 21
58 60 45
49 70 43
47 60 54
31 21 42
58 52 57
60 47 49
42 48 65
70 47 70
44 64 63
68 49 48
49 51 48
28 25 24
50 42 62
64 56 72
70 70 71
45 47 52
21 33 25
64 53 52
34 25 21
68 66 69
53 52 57
68 59 72
49 68 46
22 22 37
47 60 52
52 50 62
70 50 69
61 43 42
58 70 64
42 30 21
70 52 68
46 44 49
55 42 71
49 58 49
59 60 65
67 51 67
39 29 40
63 45 42
69 69 56
27 37 20
69 56 66
36 38 24
67 44 61
60 60 60
45 44 54
58 51 47
69 42 72
62 64 45
45 71 61
47 57 51
45 68 65
27 34 40
67 44 55
47 44 68
61 70 47
66 54 62
63 72 57
28 34 27
62 46 53
47 66 48
65 64 64
61 67 57
65 49 48
44 62 49
51 53 46
27 31 38
67 62 59
64 72 64
32 36 21
61 61 52
62 68 68
51 65 57
51 56 53
36 37 26
27 32 42
21 36 40
64 61 58
66 59 59
72 64 47
55 60 47
31 36 19
66 50 49
71 57 44
47 72 53
62 60 63
24 27 41
28 40 35
58 54 52
20 39 26
50 47 66
68 60 54
66 49 60
57 64 49
23 27 42
43 54 68
61 44 69
69 69 59
27 38 32
33 23 19
61 64 66
31 20 38
25 30 29
58 63 52
63 71 60
66 48 60
