174 587 233 220
68 31 66
68 31 66
68 31 66
68 31 66
68 31 66
68 31 66
68 31 66
68 31 66
68 31 66
68 31 66
68 31 66
68 31 66
68 31 66
68 31 66
68 31 66
68 31 66
68 31 66
68 31 66
68 31 66
68 31 66
68 31 66
68 31 66
68 31 66
68 31 66
68 31 66
68 31 66
68 31 66
68 31 66
68 31 66
68 31 66
68 31 66
68 31 66
120 26 34
120 26 34
120 26 34
120 26 34
120 26 34
120 26 34
120 26 34
120 26 34
120 26 34
120 26 34
120 26 34
120 26 34
120 26 34
120 26 34
120 26 34
120 26 34
120 26 34
120 26 34
120 26 34
120 26 34
120 26 34
120 26 34
120 26 34
120 26 34
120 26 34
120 26 34
120 26 34
120 26 34
120 26 34
120 26 34
120 26 34
120 26 34
95 60 76
95 60 76
95 60 76
95 60 76
95 60 76
95 60 76
95 60 76
95 60 76
95 60 76
95 60 76
95 60 76
95 60 76
95 60 76
95 60 76
95 60 76
95 60 76
95 60 76
95 60 76
95 60 76
95 60 76
95 60 76
95 60 76
95 60 76
95 60 76
95 60 76
95 60 76
95 60 76
95 60 76
95 60 76
95 60 76
95 60 76
95 60 76
95 60 76
95 60 76
95 60 76
61 34 47
61 34 47
61 34 47
61 34 47
61 34 47
61 34 47
61 34 47
61 34 47
61 34 47
61 34 47
61 34 47
61 34 47
61 34 47
61 34 47
61 34 47
61 34 47
61 34 47
61 34 47
61 34 47
61 34 47
61 34 47
61 34 47
61 34 47
61 34 47
61 34 47
61 34 47
61 34 47
61 34 47
61 34 47
61 34 47
53 36 45
53 36 45
53 36 45
53 36 45
53 36 45
53 36 45
53 36 45
53 36 45
53 36 45
53 36 45
53 36 45
53 36 45
53 36 45
53 36 45
53 36 45
53 36 45
53 36 45
53 36 45
53 36 45
53 36 45
53 36 45
53 36 45
53 36 45
53 36 45
53 36 45
53 36 45
53 36 45
53 36 45
53 36 45
53 36 45
53 36 45
53 36 45
53 36 45
53 36 45
53 36 45
53 36 45
53 36 45
53 36 45
53 36 45
53 36 45
53 36 45
53 36 45
53 36 45
53 36 45
53 36 45
