139 587 233 220
78 47 49
78 47 49
78 47 49
78 47 49
78 47 49
78 47 49
78 47 49
78 47 49
78 47 49
78 47 49
78 47 49
78 47 49
78 47 49
78 47 49
78 47 49
78 47 49
78 47 49
78 47 49
78 47 49
78 47 49
78 47 49
78 47 49
78 47 49
78 47 49
46 43 45
46 43 45
46 43 45
46 43 45
46 43 45
46 43 45
46 43 45
46 43 45
46 43 45
46 43 45
46 43 45
46 43 45
46 43 45
46 43 45
46 43 45
46 43 45
46 43 45
46 43 45
46 43 45
46 43 45
46 43 45
46 43 45
46 43 45
46 43 45
46 43 45
98 36 44
98 36 44
98 36 44
98 36 44
98 36 44
98 36 44
98 36 44
98 36 44
98 36 44
98 36 44
98 36 44
98 36 44
98 36 44
98 36 44
98 36 44
98 36 44
98 36 44
98 36 44
98 36 44
98 36 44
98 36 44
98 36 44
98 36 44
98 36 44
98 36 44
98 36 44
98 36 44
98 36 44
98 36 44
98 36 44
98 36 44
98 36 44
98 36 44
100 31 89
100 31 89
100 31 89
100 31 89
100 31 89
100 31 89
100 31 89
100 31 89
100 31 89
100 31 89
100 31 89
100 31 89
100 31 89
100 31 89
100 31 89
100 31 89
100 31 89
100 31 89
100 31 89
100 31 89
100 31 89
100 31 89
100 31 89
100 31 89
100 31 89
100 31 89
100 31 89
100 31 89
100 31 89
100 31 89
100 31 89
100 31 89
100 31 89
100 31 89
108 47 76
108 47 76
108 47 76
108 47 76
108 47 76
108 47 76
108 47 76
108 47 76
108 47 76
108 47 76
108 47 76
108 47 76
108 47 76
108 47 76
108 47 76
108 47 76
108 47 76
108 47 76
108 47 76
108 47 76
108 47 76
108 47 76
108 47 76
