86 587 233 220
95 57 80
95 57 80
95 57 80
95 57 80
95 57 80
95 57 80
95 57 80
95 57 80
95 57 80
95 57 80
95 57 80
95 57 80
95 57 80
95 57 80
95 57 80
95 57 80
95 57 80
95 57 80
95 57 80
95 57 80
95 57 80
95 57 80
95 57 80
95 57 80
112 23 87
112 23 87
112 23 87
112 23 87
112 23 87
112 23 87
112 23 87
112 23 87
112 23 87
112 23 87
112 23 87
112 23 87
112 23 87
112 23 87
112 23 87
112 23 87
112 23 87
116 40 41
116 40 41
116 40 41
116 40 41
116 40 41
116 40 41
116 40 41
116 40 41
116 40 41
116 40 41
116 40 41
116 40 41
98 56 80
98 56 80
98 56 80
98 56 80
98 56 80
98 56 80
98 56 80
98 56 80
98 56 80
98 56 80
98 56 80
98 56 80
98 56 80
98 56 80
98 56 80
98 56 80
108 59 60
108 59 60
108 59 60
108 59 60
108 59 60
108 59 60
108 59 60
108 59 60
108 59 60
108 59 60
108 59 60
108 59 60
108 59 60
108 59 60
108 59 60
108 59 60
108 59 60
