228 587 233 220
52 25 36
52 25 36
52 25 36
52 25 36
52 25 36
52 25 36
52 25 36
52 25 36
52 25 36
52 25 36
52 25 36
52 25 36
52 25 36
52 25 36
52 25 36
52 25 36
52 25 36
52 25 36
52 25 36
52 25 36
52 25 36
52 25 36
52 25 36
52 25 36
52 25 36
52 25 36
52 25 36
52 25 36
52 25 36
52 25 36
52 25 36
52 25 36
52 25 36
52 25 36
52 25 36
52 25 36
52 25 36
52 25 36
52 25 36
52 25 36
52 25 36
52 25 36
52 25 36
52 25 36
52 25 36
52 25 36
52 25 36
52 25 36
52 25 36
52 25 36
52 25 36
52 25 36
52 25 36
63 21 37
63 21 37
63 21 37
63 21 37
63 21 37
63 21 37
63 21 37
63 21 37
63 21 37
63 21 37
63 21 37
63 21 37
63 21 37
63 21 37
63 21 37
63 21 37
63 21 37
63 21 37
63 21 37
63 21 37
63 21 37
63 21 37
63 21 37
63 21 37
63 21 37
63 21 37
63 21 37
63 21 37
63 21 37
63 21 37
63 21 37
63 21 37
63 21 37
63 21 37
63 21 37
63 21 37
63 21 37
63 21 37
63 21 37
63 21 37
63 21 37
63 21 37
63 21 37
63 21 37
63 21 37
63 21 37
63 21 37
63 21 37
63 21 37
63 21 37
100 36 61
100 36 61
100 36 61
100 36 61
100 36 61
100 36 61
100 36 61
100 36 61
100 36 61
100 36 61
100 36 61
100 36 61
100 36 61
100 36 61
100 36 61
100 36 61
100 36 61
100 36 61
100 36 61
100 36 61
100 36 61
100 36 61
100 36 61
100 36 61
100 36 61
100 36 61
100 36 61
100 36 61
100 36 61
100 36 61
100 36 61
100 36 61
100 36 61
100 36 61
100 36 61
79 36 52
79 36 52
79 36 52
79 36 52
79 36 52
79 36 52
79 36 52
79 36 52
79 36 52
79 36 52
79 36 52
79 36 52
79 36 52
79 36 52
79 36 52
79 36 52
79 36 52
79 36 52
79 36 52
79 36 52
79 36 52
79 36 52
79 36 52
79 36 52
79 36 52
79 36 52
79 36 52
79 36 52
79 36 52
79 36 52
79 36 52
79 36 52
79 36 52
79 36 52
79 36 52
79 36 52
79 36 52
99 36 63
99 36 63
99 36 63
99 36 63
99 36 63
99 36 63
99 36 63
99 36 63
99 36 63
99 36 63
99 36 63
99 36 63
99 36 63
99 36 63
99 36 63
99 36 63
99 36 63
99 36 63
99 36 63
99 36 63
99 36 63
99 36 63
99 36 63
99 36 63
99 36 63
99 36 63
99 36 63
99 36 63
99 36 63
99 36 63
99 36 63
99 36 63
99 36 63
99 36 63
99 36 63
99 36 63
99 36 63
99 36 63
99 36 63
99 36 63
99 36 63
99 36 63
99 36 63
99 36 63
99 36 63
99 36 63
99 36 63
99 36 63
99 36 63
99 36 63
99 36 63
99 36 63
99 36 63
