163 587 233 220
43 39 40
43 39 40
43 39 40
43 39 40
43 39 40
43 39 40
43 39 40
43 39 40
43 39 40
43 39 40
43 39 40
43 39 40
43 39 40
43 39 40
43 39 40
43 39 40
43 39 40
43 39 40
43 39 40
43 39 40
43 39 40
43 39 40
43 39 40
43 39 40
43 39 40
43 39 40
43 39 40
43 39 40
43 39 40
43 39 40
97 40 76
97 40 76
97 40 76
97 40 76
97 40 76
97 40 76
97 40 76
97 40 76
97 40 76
97 40 76
97 40 76
97 40 76
97 40 76
97 40 76
97 40 76
97 40 76
97 40 76
97 40 76
97 40 76
97 40 76
97 40 76
97 40 76
97 40 76
97 40 76
97 40 76
97 40 76
97 40 76
97 40 76
97 40 76
97 40 76
67 47 63
67 47 63
67 47 63
67 47 63
67 47 63
67 47 63
67 47 63
67 47 63
67 47 63
67 47 63
67 47 63
67 47 63
67 47 63
67 47 63
67 47 63
67 47 63
67 47 63
67 47 63
67 47 63
67 47 63
67 47 63
67 47 63
67 47 63
67 47 63
67 47 63
67 47 63
67 47 63
67 47 63
98 38 57
98 38 57
98 38 57
98 38 57
98 38 57
98 38 57
98 38 57
98 38 57
98 38 57
98 38 57
98 38 57
98 38 57
98 38 57
98 38 57
98 38 57
98 38 57
98 38 57
98 38 57
98 38 57
98 38 57
98 38 57
98 38 57
98 38 57
98 38 57
98 38 57
98 38 57
98 38 57
98 38 57
98 38 57
98 38 57
98 38 57
98 38 57
98 38 57
98 38 57
98 38 57
98 38 57
98 38 57
98 38 57
98 38 57
98 38 57
73 27 71
73 27 71
73 27 71
73 27 71
73 27 71
73 27 71
73 27 71
73 27 71
73 27 71
73 27 71
73 27 71
73 27 71
73 27 71
73 27 71
73 27 71
73 27 71
73 27 71
73 27 71
73 27 71
73 27 71
73 27 71
73 27 71
73 27 71
73 27 71
73 27 71
73 27 71
73 27 71
73 27 71
73 27 71
73 27 71
73 27 71
73 27 71
73 27 71
73 27 71
73 27 71
