122 587 233 220
62 52 59
62 52 59
62 52 59
62 52 59
62 52 59
62 52 59
62 52 59
62 52 59
62 52 59
62 52 59
62 52 59
62 52 59
62 52 59
62 52 59
62 52 59
62 52 59
62 52 59
62 52 59
62 52 59
62 52 59
62 52 59
62 52 59
54 50 52
54 50 52
54 50 52
54 50 52
54 50 52
54 50 52
54 50 52
54 50 52
54 50 52
54 50 52
54 50 52
54 50 52
54 50 52
54 50 52
54 50 52
54 50 52
54 50 52
54 50 52
54 50 52
102 65 69
102 65 69
102 65 69
102 65 69
102 65 69
102 65 69
102 65 69
102 65 69
102 65 69
102 65 69
102 65 69
102 65 69
102 65 69
102 65 69
102 65 69
102 65 69
102 65 69
102 65 69
102 65 69
102 65 69
102 65 69
102 65 69
102 65 69
102 65 69
102 65 69
97 46 76
97 46 76
97 46 76
97 46 76
97 46 76
97 46 76
97 46 76
97 46 76
97 46 76
97 46 76
97 46 76
97 46 76
97 46 76
97 46 76
97 46 76
97 46 76
97 46 76
97 46 76
97 46 76
97 46 76
97 46 76
97 46 76
97 46 76
97 46 76
97 46 76
97 46 76
52 37 50
52 37 50
52 37 50
52 37 50
52 37 50
52 37 50
52 37 50
52 37 50
52 37 50
52 37 50
52 37 50
52 37 50
52 37 50
52 37 50
52 37 50
52 37 50
52 37 50
52 37 50
52 37 50
52 37 50
52 37 50
52 37 50
52 37 50
52 37 50
52 37 50
52 37 50
52 37 50
52 37 50
52 37 50
52 37 50
