156 587 233 220
91 57 58
91 57 58
91 57 58
91 57 58
91 57 58
91 57 58
91 57 58
91 57 58
91 57 58
91 57 58
91 57 58
91 57 58
91 57 58
91 57 58
91 57 58
91 57 58
91 57 58
91 57 58
91 57 58
91 57 58
91 57 58
91 57 58
91 57 58
91 57 58
91 57 58
91 57 58
91 57 58
91 57 58
91 57 58
91 57 58
91 57 58
91 57 58
92 53 78
92 53 78
92 53 78
92 53 78
92 53 78
92 53 78
92 53 78
92 53 78
92 53 78
92 53 78
92 53 78
92 53 78
92 53 78
92 53 78
92 53 78
92 53 78
92 53 78
92 53 78
92 53 78
92 53 78
92 53 78
92 53 78
92 53 78
92 53 78
92 53 78
92 53 78
92 53 78
92 53 78
92 53 78
112 28 48
112 28 48
112 28 48
112 28 48
112 28 48
112 28 48
112 28 48
112 28 48
112 28 48
112 28 48
112 28 48
112 28 48
112 28 48
112 28 48
112 28 48
112 28 48
112 28 48
112 28 48
112 28 48
112 28 48
112 28 48
112 28 48
112 28 48
112 28 48
112 28 48
112 28 48
112 28 48
112 28 48
112 28 48
112 28 48
112 28 48
112 28 48
78 26 47
78 26 47
78 26 47
78 26 47
78 26 47
78 26 47
78 26 47
78 26 47
78 26 47
78 26 47
78 26 47
78 26 47
78 26 47
78 26 47
78 26 47
78 26 47
78 26 47
78 26 47
78 26 47
78 26 47
78 26 47
78 26 47
78 26 47
78 26 47
78 26 47
78 26 47
78 26 47
78 26 47
78 26 47
78 26 47
78 26 47
78 26 47
78 26 47
78 26 47
41 28 40
41 28 40
41 28 40
41 28 40
41 28 40
41 28 40
41 28 40
41 28 40
41 28 40
41 28 40
41 28 40
41 28 40
41 28 40
41 28 40
41 28 40
41 28 40
41 28 40
41 28 40
41 28 40
41 28 40
41 28 40
41 28 40
41 28 40
41 28 40
41 28 40
41 28 40
41 28 40
41 28 40
41 28 40
