196 587 233 220
64 32 53
64 32 53
64 32 53
64 32 53
64 32 53
64 32 53
64 32 53
64 32 53
64 32 53
64 32 53
64 32 53
64 32 53
64 32 53
64 32 53
64 32 53
64 32 53
64 32 53
64 32 53
64 32 53
64 32 53
64 32 53
64 32 53
64 32 53
64 32 53
64 32 53
64 32 53
64 32 53
64 32 53
64 32 53
64 32 53
64 32 53
64 32 53
64 32 53
64 32 53
64 32 53
64 32 53
64 32 53
64 32 53
64 32 53
64 32 53
51 28 42
51 28 42
51 28 42
51 28 42
51 28 42
51 28 42
51 28 42
51 28 42
51 28 42
51 28 42
51 28 42
51 28 42
51 28 42
51 28 42
51 28 42
51 28 42
51 28 42
51 28 42
51 28 42
51 28 42
51 28 42
51 28 42
51 28 42
51 28 42
51 28 42
51 28 42
51 28 42
51 28 42
51 28 42
51 28 42
51 28 42
51 28 42
51 28 42
51 28 42
51 28 42
51 28 42
51 28 42
51 28 42
51 28 42
51 28 42
51 28 42
51 28 42
51 28 42
51 28 42
51 28 42
51 28 42
49 30 32
49 30 32
49 30 32
49 30 32
49 30 32
49 30 32
49 30 32
49 30 32
49 30 32
49 30 32
49 30 32
49 30 32
49 30 32
49 30 32
49 30 32
49 30 32
49 30 32
49 30 32
49 30 32
49 30 32
49 30 32
49 30 32
49 30 32
49 30 32
49 30 32
49 30 32
49 30 32
49 30 32
49 30 32
49 30 32
49 30 32
109 59 68
109 59 68
109 59 68
109 59 68
109 59 68
109 59 68
109 59 68
109 59 68
109 59 68
109 59 68
109 59 68
109 59 68
109 59 68
109 59 68
109 59 68
109 59 68
109 59 68
109 59 68
109 59 68
109 59 68
109 59 68
109 59 68
109 59 68
109 59 68
109 59 68
109 59 68
109 59 68
109 59 68
109 59 68
109 59 68
109 59 68
109 59 68
109 59 68
109 59 68
109 59 68
109 59 68
109 59 68
109 59 68
109 59 68
109 59 68
109 59 68
66 32 43
66 32 43
66 32 43
66 32 43
66 32 43
66 32 43
66 32 43
66 32 43
66 32 43
66 32 43
66 32 43
66 32 43
66 32 43
66 32 43
66 32 43
66 32 43
66 32 43
66 32 43
66 32 43
66 32 43
66 32 43
66 32 43
66 32 43
66 32 43
66 32 43
66 32 43
66 32 43
66 32 43
66 32 43
66 32 43
66 32 43
66 32 43
66 32 43
66 32 43
66 32 43
66 32 43
66 32 43
66 32 43
