142 587 233 220
70 49 63
70 49 63
70 49 63
70 49 63
70 49 63
70 49 63
70 49 63
70 49 63
70 49 63
70 49 63
70 49 63
70 49 63
70 49 63
70 49 63
70 49 63
70 49 63
70 49 63
70 49 63
70 49 63
70 49 63
70 49 63
70 49 63
70 49 63
70 49 63
70 49 63
70 49 63
70 49 63
70 49 63
70 49 63
70 49 63
70 49 63
84 49 54
84 49 54
84 49 54
84 49 54
84 49 54
84 49 54
84 49 54
84 49 54
84 49 54
84 49 54
84 49 54
84 49 54
84 49 54
84 49 54
84 49 54
84 49 54
84 49 54
84 49 54
84 49 54
84 49 54
84 49 54
84 49 54
84 49 54
84 49 54
84 49 54
84 49 54
84 49 54
89 42 70
89 42 70
89 42 70
89 42 70
89 42 70
89 42 70
89 42 70
89 42 70
89 42 70
89 42 70
89 42 70
89 42 70
89 42 70
89 42 70
89 42 70
89 42 70
89 42 70
89 42 70
89 42 70
89 42 70
89 42 70
89 42 70
89 42 70
89 42 70
80 39 48
80 39 48
80 39 48
80 39 48
80 39 48
80 39 48
80 39 48
80 39 48
80 39 48
80 39 48
80 39 48
80 39 48
80 39 48
80 39 48
80 39 48
80 39 48
80 39 48
80 39 48
80 39 48
80 39 48
80 39 48
80 39 48
80 39 48
80 39 48
80 39 48
80 39 48
80 39 48
80 39 48
80 39 48
80 39 48
80 39 48
80 39 48
114 42 47
114 42 47
114 42 47
114 42 47
114 42 47
114 42 47
114 42 47
114 42 47
114 42 47
114 42 47
114 42 47
114 42 47
114 42 47
114 42 47
114 42 47
114 42 47
114 42 47
114 42 47
114 42 47
114 42 47
114 42 47
114 42 47
114 42 47
114 42 47
114 42 47
114 42 47
114 42 47
114 42 47
