142 587 233 220
95 44 76
95 44 76
95 44 76
95 44 76
95 44 76
95 44 76
95 44 76
95 44 76
95 44 76
95 44 76
95 44 76
95 44 76
95 44 76
95 44 76
95 44 76
95 44 76
95 44 76
95 44 76
95 44 76
95 44 76
95 44 76
95 44 76
95 44 76
95 44 76
95 44 76
95 44 76
95 44 76
95 44 76
95 44 76
95 44 76
95 44 76
81 34 47
81 34 47
81 34 47
81 34 47
81 34 47
81 34 47
81 34 47
81 34 47
81 34 47
81 34 47
81 34 47
81 34 47
81 34 47
81 34 47
81 34 47
81 34 47
81 34 47
81 34 47
81 34 47
81 34 47
81 34 47
81 34 47
81 34 47
81 34 47
81 34 47
81 34 47
81 34 47
81 34 47
81 34 47
81 34 47
71 30 52
71 30 52
71 30 52
71 30 52
71 30 52
71 30 52
71 30 52
71 30 52
71 30 52
71 30 52
71 30 52
71 30 52
71 30 52
71 30 52
71 30 52
71 30 52
71 30 52
71 30 52
71 30 52
71 30 52
71 30 52
71 30 52
71 30 52
71 30 52
71 30 52
71 30 52
71 30 52
71 30 52
71 30 52
96 28 52
96 28 52
96 28 52
96 28 52
96 28 52
96 28 52
96 28 52
96 28 52
96 28 52
96 28 52
96 28 52
96 28 52
96 28 52
96 28 52
96 28 52
96 28 52
96 28 52
96 28 52
96 28 52
96 28 52
96 28 52
96 28 52
96 28 52
96 28 52
96 28 52
96 28 52
96 28 52
96 28 52
96 28 52
96 28 52
96 28 52
104 50 80
104 50 80
104 50 80
104 50 80
104 50 80
104 50 80
104 50 80
104 50 80
104 50 80
104 50 80
104 50 80
104 50 80
104 50 80
104 50 80
104 50 80
104 50 80
104 50 80
104 50 80
104 50 80
104 50 80
104 50 80
