156 587 233 220
68 27 35
68 27 35
68 27 35
68 27 35
68 27 35
68 27 35
68 27 35
68 27 35
68 27 35
68 27 35
68 27 35
68 27 35
68 27 35
68 27 35
68 27 35
68 27 35
68 27 35
68 27 35
68 27 35
68 27 35
68 27 35
68 27 35
68 27 35
68 27 35
68 27 35
68 27 35
68 27 35
68 27 35
118 43 57
118 43 57
118 43 57
118 43 57
118 43 57
118 43 57
118 43 57
118 43 57
118 43 57
118 43 57
118 43 57
118 43 57
118 43 57
118 43 57
118 43 57
118 43 57
118 43 57
118 43 57
118 43 57
118 43 57
118 43 57
118 43 57
118 43 57
118 43 57
118 43 57
118 43 57
118 43 57
118 43 57
118 43 57
118 43 57
118 43 57
73 36 72
73 36 72
73 36 72
73 36 72
73 36 72
73 36 72
73 36 72
73 36 72
73 36 72
73 36 72
73 36 72
73 36 72
73 36 72
73 36 72
73 36 72
73 36 72
73 36 72
73 36 72
73 36 72
73 36 72
73 36 72
73 36 72
73 36 72
73 36 72
73 36 72
73 36 72
73 36 72
73 36 72
85 50 58
85 50 58
85 50 58
85 50 58
85 50 58
85 50 58
85 50 58
85 50 58
85 50 58
85 50 58
85 50 58
85 50 58
85 50 58
85 50 58
85 50 58
85 50 58
85 50 58
85 50 58
85 50 58
85 50 58
85 50 58
85 50 58
85 50 58
85 50 58
85 50 58
85 50 58
85 50 58
85 50 58
85 50 58
85 50 58
85 50 58
85 50 58
85 50 58
85 50 58
86 33 56
86 33 56
86 33 56
86 33 56
86 33 56
86 33 56
86 33 56
86 33 56
86 33 56
86 33 56
86 33 56
86 33 56
86 33 56
86 33 56
86 33 56
86 33 56
86 33 56
86 33 56
86 33 56
86 33 56
86 33 56
86 33 56
86 33 56
86 33 56
86 33 56
86 33 56
86 33 56
86 33 56
86 33 56
86 33 56
86 33 56
86 33 56
86 33 56
86 33 56
86 33 56
