147 587 233 220
100 31 33
100 31 33
100 31 33
100 31 33
100 31 33
100 31 33
100 31 33
100 31 33
100 31 33
100 31 33
100 31 33
100 31 33
100 31 33
100 31 33
100 31 33
100 31 33
100 31 33
100 31 33
100 31 33
100 31 33
100 31 33
100 31 33
100 31 33
100 31 33
84 42 68
84 42 68
84 42 68
84 42 68
84 42 68
84 42 68
84 42 68
84 42 68
84 42 68
84 42 68
84 42 68
84 42 68
84 42 68
84 42 68
84 42 68
84 42 68
84 42 68
84 42 68
84 42 68
84 42 68
84 42 68
84 42 68
84 42 68
84 42 68
84 42 68
84 42 68
84 42 68
84 42 68
95 31 84
95 31 84
95 31 84
95 31 84
95 31 84
95 31 84
95 31 84
95 31 84
95 31 84
95 31 84
95 31 84
95 31 84
95 31 84
95 31 84
95 31 84
95 31 84
95 31 84
95 31 84
95 31 84
95 31 84
95 31 84
95 31 84
95 31 84
95 31 84
95 31 84
95 31 84
95 31 84
95 31 84
95 31 84
95 31 84
95 31 84
95 31 84
95 31 84
95 31 84
95 31 84
95 31 84
95 31 84
95 31 84
95 31 84
95 31 84
57 30 39
57 30 39
57 30 39
57 30 39
57 30 39
57 30 39
57 30 39
57 30 39
57 30 39
57 30 39
57 30 39
57 30 39
57 30 39
57 30 39
57 30 39
57 30 39
57 30 39
57 30 39
57 30 39
57 30 39
57 30 39
57 30 39
57 30 39
57 30 39
57 30 39
57 30 39
57 30 39
76 60 71
76 60 71
76 60 71
76 60 71
76 60 71
76 60 71
76 60 71
76 60 71
76 60 71
76 60 71
76 60 71
76 60 71
76 60 71
76 60 71
76 60 71
76 60 71
76 60 71
76 60 71
76 60 71
76 60 71
76 60 71
76 60 71
76 60 71
76 60 71
76 60 71
76 60 71
76 60 71
76 60 71
