105 587 233 220
98 44 73
98 44 73
98 44 73
98 44 73
98 44 73
98 44 73
98 44 73
98 44 73
98 44 73
98 44 73
98 44 73
98 44 73
98 44 73
98 44 73
98 44 73
98 44 73
98 44 73
98 44 73
98 44 73
98 44 73
60 38 60
60 38 60
60 38 60
60 38 60
60 38 60
60 38 60
60 38 60
60 38 60
60 38 60
60 38 60
60 38 60
60 38 60
60 38 60
60 38 60
60 38 60
60 38 60
105 60 73
105 60 73
105 60 73
105 60 73
105 60 73
105 60 73
105 60 73
105 60 73
105 60 73
105 60 73
105 60 73
105 60 73
105 60 73
105 60 73
105 60 73
105 60 73
105 60 73
105 60 73
105 60 73
105 60 73
105 60 73
105 60 73
105 60 73
90 52 77
90 52 77
90 52 77
90 52 77
90 52 77
90 52 77
90 52 77
90 52 77
90 52 77
90 52 77
90 52 77
90 52 77
90 52 77
90 52 77
90 52 77
90 52 77
90 52 77
90 52 77
90 52 77
90 52 77
90 52 77
90 52 77
90 52 77
90 52 77
66 24 58
66 24 58
66 24 58
66 24 58
66 24 58
66 24 58
66 24 58
66 24 58
66 24 58
66 24 58
66 24 58
66 24 58
66 24 58
66 24 58
66 24 58
66 24 58
66 24 58
66 24 58
66 24 58
66 24 58
66 24 58
66 24 58
