96 587 233 220
85 62 77
85 62 77
85 62 77
85 62 77
85 62 77
85 62 77
85 62 77
85 62 77
85 62 77
85 62 77
85 62 77
85 62 77
85 62 77
94 32 63
94 32 63
94 32 63
94 32 63
94 32 63
94 32 63
94 32 63
94 32 63
94 32 63
94 32 63
94 32 63
94 32 63
94 32 63
94 32 63
94 32 63
94 32 63
94 32 63
94 32 63
94 32 63
83 45 75
83 45 75
83 45 75
83 45 75
83 45 75
83 45 75
83 45 75
83 45 75
83 45 75
83 45 75
83 45 75
83 45 75
83 45 75
83 45 75
83 45 75
83 45 75
83 45 75
83 45 75
83 45 75
83 45 75
83 45 75
95 54 95
95 54 95
95 54 95
95 54 95
95 54 95
95 54 95
95 54 95
95 54 95
95 54 95
95 54 95
95 54 95
95 54 95
95 54 95
95 54 95
95 54 95
95 54 95
95 54 95
95 54 95
95 54 95
95 54 95
95 54 95
95 54 95
95 54 95
95 54 95
76 30 76
76 30 76
76 30 76
76 30 76
76 30 76
76 30 76
76 30 76
76 30 76
76 30 76
76 30 76
76 30 76
76 30 76
76 30 76
76 30 76
76 30 76
76 30 76
76 30 76
76 30 76
76 30 76
