158 587 233 220
76 50 74
76 50 74
76 50 74
76 50 74
76 50 74
76 50 74
76 50 74
76 50 74
76 50 74
76 50 74
76 50 74
76 50 74
76 50 74
76 50 74
76 50 74
76 50 74
76 50 74
76 50 74
76 50 74
76 50 74
76 50 74
76 50 74
76 50 74
76 50 74
76 50 74
76 50 74
76 50 74
76 50 74
76 50 74
86 29 40
86 29 40
86 29 40
86 29 40
86 29 40
86 29 40
86 29 40
86 29 40
86 29 40
86 29 40
86 29 40
86 29 40
86 29 40
86 29 40
86 29 40
86 29 40
86 29 40
86 29 40
86 29 40
86 29 40
86 29 40
86 29 40
86 29 40
86 29 40
86 29 40
86 29 40
86 29 40
86 29 40
86 29 40
86 29 40
66 48 55
66 48 55
66 48 55
66 48 55
66 48 55
66 48 55
66 48 55
66 48 55
66 48 55
66 48 55
66 48 55
66 48 55
66 48 55
66 48 55
66 48 55
66 48 55
66 48 55
66 48 55
66 48 55
66 48 55
66 48 55
66 48 55
66 48 55
66 48 55
66 48 55
66 48 55
66 48 55
66 48 55
66 48 55
66 48 55
75 37 57
75 37 57
75 37 57
75 37 57
75 37 57
75 37 57
75 37 57
75 37 57
75 37 57
75 37 57
75 37 57
75 37 57
75 37 57
75 37 57
75 37 57
75 37 57
75 37 57
75 37 57
75 37 57
75 37 57
75 37 57
75 37 57
75 37 57
75 37 57
75 37 57
75 37 57
75 37 57
75 37 57
75 37 57
75 37 57
75 37 57
75 37 57
75 37 57
75 37 57
75 37 57
75 37 57
75 37 57
102 29 83
102 29 83
102 29 83
102 29 83
102 29 83
102 29 83
102 29 83
102 29 83
102 29 83
102 29 83
102 29 83
102 29 83
102 29 83
102 29 83
102 29 83
102 29 83
102 29 83
102 29 83
102 29 83
102 29 83
102 29 83
102 29 83
102 29 83
102 29 83
102 29 83
102 29 83
102 29 83
102 29 83
102 29 83
102 29 83
102 29 83
102 29 83
