129 587 233 220
114 25 67
114 25 67
114 25 67
114 25 67
114 25 67
114 25 67
114 25 67
114 25 67
114 25 67
114 25 67
114 25 67
114 25 67
114 25 67
114 25 67
114 25 67
114 25 67
114 25 67
114 25 67
114 25 67
114 25 67
114 25 67
114 25 67
114 25 67
114 25 67
114 25 67
114 25 67
114 25 67
114 25 67
114 25 67
114 25 67
114 25 67
92 25 79
92 25 79
92 25 79
92 25 79
92 25 79
92 25 79
92 25 79
92 25 79
92 25 79
92 25 79
92 25 79
92 25 79
92 25 79
92 25 79
92 25 79
92 25 79
92 25 79
92 25 79
92 25 79
92 25 79
92 25 79
92 25 79
92 25 79
92 25 79
92 25 79
92 25 79
92 25 79
92 25 79
92 25 79
92 25 79
92 25 79
92 25 79
92 25 79
89 36 87
89 36 87
89 36 87
89 36 87
89 36 87
89 36 87
89 36 87
89 36 87
89 36 87
89 36 87
89 36 87
89 36 87
89 36 87
89 36 87
89 36 87
89 36 87
89 36 87
89 36 87
89 36 87
89 36 87
89 36 87
89 36 87
89 36 87
89 36 87
89 36 87
89 36 87
95 36 71
95 36 71
95 36 71
95 36 71
95 36 71
95 36 71
95 36 71
95 36 71
95 36 71
95 36 71
95 36 71
95 36 71
95 36 71
95 36 71
95 36 71
95 36 71
95 36 71
95 36 71
95 36 71
95 36 71
95 36 71
95 36 71
95 36 71
90 43 83
90 43 83
90 43 83
90 43 83
90 43 83
90 43 83
90 43 83
90 43 83
90 43 83
90 43 83
90 43 83
90 43 83
90 43 83
90 43 83
90 43 83
90 43 83
