94 587 233 220
91 45 54
91 45 54
91 45 54
91 45 54
91 45 54
91 45 54
91 45 54
91 45 54
91 45 54
91 45 54
91 45 54
91 45 54
91 45 54
91 45 54
91 45 54
91 45 54
91 45 54
91 45 54
105 72 77
105 72 77
105 72 77
105 72 77
105 72 77
105 72 77
105 72 77
105 72 77
105 72 77
105 72 77
105 72 77
105 72 77
105 72 77
105 72 77
105 72 77
105 72 77
105 72 77
105 72 77
79 48 78
79 48 78
79 48 78
79 48 78
79 48 78
79 48 78
79 48 78
79 48 78
79 48 78
79 48 78
79 48 78
79 48 78
79 48 78
79 48 78
79 48 78
79 48 78
79 48 78
79 48 78
109 59 76
109 59 76
109 59 76
109 59 76
109 59 76
109 59 76
109 59 76
109 59 76
109 59 76
109 59 76
109 59 76
109 59 76
109 59 76
109 59 76
109 59 76
109 59 76
109 59 76
109 59 76
48 30 37
48 30 37
48 30 37
48 30 37
48 30 37
48 30 37
48 30 37
48 30 37
48 30 37
48 30 37
48 30 37
48 30 37
48 30 37
48 30 37
48 30 37
48 30 37
48 30 37
48 30 37
48 30 37
48 30 37
48 30 37
48 30 37
