152 587 233 220
66 36 64
66 36 64
66 36 64
66 36 64
66 36 64
66 36 64
66 36 64
66 36 64
66 36 64
66 36 64
66 36 64
66 36 64
66 36 64
66 36 64
66 36 64
66 36 64
66 36 64
66 36 64
66 36 64
66 36 64
66 36 64
66 36 64
66 36 64
66 36 64
66 36 64
66 36 64
66 36 64
66 36 64
66 36 64
66 36 64
97 49 73
97 49 73
97 49 73
97 49 73
97 49 73
97 49 73
97 49 73
97 49 73
97 49 73
97 49 73
97 49 73
97 49 73
97 49 73
97 49 73
97 49 73
97 49 73
97 49 73
97 49 73
97 49 73
97 49 73
97 49 73
97 49 73
97 49 73
97 49 73
97 49 73
97 49 73
97 49 73
97 49 73
97 49 73
97 49 73
97 49 73
97 49 73
97 49 73
97 49 73
69 43 60
69 43 60
69 43 60
69 43 60
69 43 60
69 43 60
69 43 60
69 43 60
69 43 60
69 43 60
69 43 60
69 43 60
69 43 60
69 43 60
69 43 60
69 43 60
69 43 60
69 43 60
69 43 60
69 43 60
69 43 60
69 43 60
69 43 60
69 43 60
69 43 60
69 43 60
69 43 60
69 43 60
69 43 60
69 43 60
69 43 60
69 43 60
69 43 60
69 43 60
69 43 60
69 43 60
69 43 60
52 20 37
52 20 37
52 20 37
52 20 37
52 20 37
52 20 37
52 20 37
52 20 37
52 20 37
52 20 37
52 20 37
52 20 37
52 20 37
52 20 37
52 20 37
52 20 37
52 20 37
52 20 37
52 20 37
52 20 37
52 20 37
52 20 37
52 20 37
52 20 37
52 20 37
52 20 37
52 20 37
52 20 37
109 37 63
109 37 63
109 37 63
109 37 63
109 37 63
109 37 63
109 37 63
109 37 63
109 37 63
109 37 63
109 37 63
109 37 63
109 37 63
109 37 63
109 37 63
109 37 63
109 37 63
109 37 63
109 37 63
109 37 63
109 37 63
109 37 63
109 37 63
