101 587 233 220
96 31 72
96 31 72
96 31 72
96 31 72
96 31 72
96 31 72
96 31 72
96 31 72
96 31 72
96 31 72
96 31 72
96 31 72
96 31 72
96 31 72
96 31 72
96 31 72
96 31 72
75 47 72
75 47 72
75 47 72
75 47 72
75 47 72
75 47 72
75 47 72
75 47 72
75 47 72
75 47 72
75 47 72
75 47 72
75 47 72
75 47 72
75 47 72
75 47 72
75 47 72
75 47 72
75 47 72
75 47 72
75 47 72
75 47 72
75 47 72
75 47 72
80 20 25
80 20 25
80 20 25
80 20 25
80 20 25
80 20 25
80 20 25
80 20 25
80 20 25
80 20 25
80 20 25
80 20 25
80 20 25
80 20 25
80 20 25
80 20 25
80 20 25
114 61 94
114 61 94
114 61 94
114 61 94
114 61 94
114 61 94
114 61 94
114 61 94
114 61 94
114 61 94
114 61 94
114 61 94
114 61 94
114 61 94
114 61 94
114 61 94
114 61 94
114 61 94
114 61 94
114 61 94
114 61 94
114 61 94
114 61 94
114 61 94
114 61 94
114 61 94
100 39 40
100 39 40
100 39 40
100 39 40
100 39 40
100 39 40
100 39 40
100 39 40
100 39 40
100 39 40
100 39 40
100 39 40
100 39 40
100 39 40
100 39 40
100 39 40
100 39 40
