181 587 233 220
90 34 41
90 34 41
90 34 41
90 34 41
90 34 41
90 34 41
90 34 41
90 34 41
90 34 41
90 34 41
90 34 41
90 34 41
90 34 41
90 34 41
90 34 41
90 34 41
90 34 41
90 34 41
90 34 41
90 34 41
90 34 41
90 34 41
90 34 41
90 34 41
90 34 41
90 34 41
90 34 41
90 34 41
90 34 41
90 34 41
90 34 41
90 34 41
90 34 41
90 34 41
90 34 41
90 34 41
90 34 41
90 34 41
90 34 41
90 34 41
90 34 41
90 34 41
90 34 41
90 34 41
90 34 41
90 34 41
64 28 32
64 28 32
64 28 32
64 28 32
64 28 32
64 28 32
64 28 32
64 28 32
64 28 32
64 28 32
64 28 32
64 28 32
64 28 32
64 28 32
64 28 32
64 28 32
64 28 32
64 28 32
64 28 32
64 28 32
64 28 32
64 28 32
64 28 32
64 28 32
64 28 32
64 28 32
42 31 31
42 31 31
42 31 31
42 31 31
42 31 31
42 31 31
42 31 31
42 31 31
42 31 31
42 31 31
42 31 31
42 31 31
42 31 31
42 31 31
42 31 31
42 31 31
42 31 31
42 31 31
42 31 31
42 31 31
42 31 31
42 31 31
42 31 31
42 31 31
42 31 31
42 31 31
42 31 31
42 31 31
42 31 31
42 31 31
42 31 31
42 31 31
42 31 31
42 31 31
42 31 31
42 31 31
94 44 90
94 44 90
94 44 90
94 44 90
94 44 90
94 44 90
94 44 90
94 44 90
94 44 90
94 44 90
94 44 90
94 44 90
94 44 90
94 44 90
94 44 90
94 44 90
94 44 90
94 44 90
94 44 90
94 44 90
94 44 90
94 44 90
94 44 90
94 44 90
94 44 90
94 44 90
94 44 90
94 44 90
94 44 90
94 44 90
94 44 90
94 44 90
94 44 90
68 53 63
68 53 63
68 53 63
68 53 63
68 53 63
68 53 63
68 53 63
68 53 63
68 53 63
68 53 63
68 53 63
68 53 63
68 53 63
68 53 63
68 53 63
68 53 63
68 53 63
68 53 63
68 53 63
68 53 63
68 53 63
68 53 63
68 53 63
68 53 63
68 53 63
68 53 63
68 53 63
68 53 63
68 53 63
68 53 63
68 53 63
68 53 63
68 53 63
68 53 63
68 53 63
68 53 63
68 53 63
68 53 63
68 53 63
68 53 63
