113 587 233 220
78 58 72
78 58 72
78 58 72
78 58 72
78 58 72
78 58 72
78 58 72
78 58 72
78 58 72
78 58 72
78 58 72
78 58 72
78 58 72
78 58 72
78 58 72
78 58 72
78 58 72
78 58 72
78 58 72
78 58 72
78 58 72
78 58 72
78 58 72
107 57 57
107 57 57
107 57 57
107 57 57
107 57 57
107 57 57
107 57 57
107 57 57
107 57 57
107 57 57
107 57 57
107 57 57
107 57 57
107 57 57
107 57 57
107 57 57
107 57 57
107 57 57
107 57 57
107 57 57
107 57 57
107 57 57
107 57 57
107 57 57
107 57 57
107 57 57
107 57 57
107 57 57
107 57 57
107 57 57
72 37 64
72 37 64
72 37 64
72 37 64
72 37 64
72 37 64
72 37 64
72 37 64
72 37 64
72 37 64
72 37 64
72 37 64
72 37 64
72 37 64
72 37 64
72 37 64
72 37 64
72 37 64
72 37 64
72 37 64
93 26 66
93 26 66
93 26 66
93 26 66
93 26 66
93 26 66
93 26 66
93 26 66
93 26 66
93 26 66
93 26 66
93 26 66
93 26 66
93 26 66
93 26 66
93 26 66
93 26 66
93 26 66
93 26 66
93 26 66
116 35 67
116 35 67
116 35 67
116 35 67
116 35 67
116 35 67
116 35 67
116 35 67
116 35 67
116 35 67
116 35 67
116 35 67
116 35 67
116 35 67
116 35 67
116 35 67
116 35 67
116 35 67
116 35 67
116 35 67
