109 587 233 220
70 50 63
70 50 63
70 50 63
70 50 63
70 50 63
70 50 63
70 50 63
70 50 63
70 50 63
70 50 63
70 50 63
70 50 63
70 50 63
70 50 63
70 50 63
70 50 63
70 50 63
70 50 63
70 50 63
70 50 63
70 50 63
100 34 53
100 34 53
100 34 53
100 34 53
100 34 53
100 34 53
100 34 53
100 34 53
100 34 53
100 34 53
100 34 53
100 34 53
100 34 53
100 34 53
100 34 53
100 34 53
100 34 53
93 45 78
93 45 78
93 45 78
93 45 78
93 45 78
93 45 78
93 45 78
93 45 78
93 45 78
93 45 78
93 45 78
93 45 78
93 45 78
93 45 78
93 45 78
93 45 78
93 45 78
93 45 78
93 45 78
100 48 55
100 48 55
100 48 55
100 48 55
100 48 55
100 48 55
100 48 55
100 48 55
100 48 55
100 48 55
100 48 55
100 48 55
100 48 55
100 48 55
100 48 55
100 48 55
100 48 55
100 48 55
100 48 55
100 48 55
100 48 55
100 48 55
100 48 55
100 48 55
100 48 55
100 48 55
98 50 73
98 50 73
98 50 73
98 50 73
98 50 73
98 50 73
98 50 73
98 50 73
98 50 73
98 50 73
98 50 73
98 50 73
98 50 73
98 50 73
98 50 73
98 50 73
98 50 73
98 50 73
98 50 73
98 50 73
98 50 73
98 50 73
98 50 73
98 50 73
98 50 73
98 50 73
