122 587 233 220
114 20 54
114 20 54
114 20 54
114 20 54
114 20 54
114 20 54
114 20 54
114 20 54
114 20 54
114 20 54
114 20 54
114 20 54
114 20 54
114 20 54
114 20 54
114 20 54
114 20 54
114 20 54
114 20 54
114 20 54
114 20 54
114 20 54
114 20 54
114 20 54
114 20 54
92 50 87
92 50 87
92 50 87
92 50 87
92 50 87
92 50 87
92 50 87
92 50 87
92 50 87
92 50 87
92 50 87
92 50 87
92 50 87
92 50 87
92 50 87
92 50 87
92 50 87
92 50 87
114 26 43
114 26 43
114 26 43
114 26 43
114 26 43
114 26 43
114 26 43
114 26 43
114 26 43
114 26 43
114 26 43
114 26 43
114 26 43
114 26 43
114 26 43
114 26 43
114 26 43
114 26 43
114 26 43
114 26 43
114 26 43
114 26 43
114 26 43
114 26 43
114 26 43
114 26 43
114 26 43
114 26 43
114 26 43
114 26 43
114 26 43
114 26 43
93 42 69
93 42 69
93 42 69
93 42 69
93 42 69
93 42 69
93 42 69
93 42 69
93 42 69
93 42 69
93 42 69
93 42 69
93 42 69
93 42 69
93 42 69
93 42 69
93 42 69
93 42 69
93 42 69
93 42 69
93 42 69
93 42 69
93 42 69
93 42 69
93 42 69
93 42 69
80 64 79
80 64 79
80 64 79
80 64 79
80 64 79
80 64 79
80 64 79
80 64 79
80 64 79
80 64 79
80 64 79
80 64 79
80 64 79
80 64 79
80 64 79
80 64 79
80 64 79
80 64 79
80 64 79
80 64 79
80 64 79
