133 587 233 220
87 32 45
87 32 45
87 32 45
87 32 45
87 32 45
87 32 45
87 32 45
87 32 45
87 32 45
87 32 45
87 32 45
87 32 45
87 32 45
87 32 45
87 32 45
87 32 45
87 32 45
87 32 45
87 32 45
87 32 45
87 32 45
87 32 45
87 32 45
87 32 45
87 32 45
87 32 45
87 32 45
87 32 45
84 46 63
84 46 63
84 46 63
84 46 63
84 46 63
84 46 63
84 46 63
84 46 63
84 46 63
84 46 63
84 46 63
84 46 63
84 46 63
84 46 63
84 46 63
84 46 63
84 46 63
84 46 63
84 46 63
84 46 63
84 46 63
84 46 63
84 46 63
84 46 63
84 46 63
84 44 67
84 44 67
84 44 67
84 44 67
84 44 67
84 44 67
84 44 67
84 44 67
84 44 67
84 44 67
84 44 67
84 44 67
84 44 67
84 44 67
84 44 67
84 44 67
84 44 67
84 44 67
84 44 67
84 44 67
84 44 67
84 44 67
84 44 67
84 44 67
84 44 67
84 44 67
84 44 67
84 44 67
76 30 55
76 30 55
76 30 55
76 30 55
76 30 55
76 30 55
76 30 55
76 30 55
76 30 55
76 30 55
76 30 55
76 30 55
76 30 55
76 30 55
76 30 55
76 30 55
76 30 55
76 30 55
76 30 55
76 30 55
76 30 55
76 30 55
76 30 55
76 30 55
76 30 55
76 30 55
76 30 55
76 30 55
76 30 55
87 61 78
87 61 78
87 61 78
87 61 78
87 61 78
87 61 78
87 61 78
87 61 78
87 61 78
87 61 78
87 61 78
87 61 78
87 61 78
87 61 78
87 61 78
87 61 78
87 61 78
87 61 78
87 61 78
87 61 78
87 61 78
87 61 78
87 61 78
