130 587 233 220
60 36 44
60 36 44
60 36 44
60 36 44
60 36 44
60 36 44
60 36 44
60 36 44
60 36 44
60 36 44
60 36 44
60 36 44
60 36 44
60 36 44
60 36 44
60 36 44
60 36 44
60 36 44
60 36 44
60 36 44
60 36 44
76 40 42
76 40 42
76 40 42
76 40 42
76 40 42
76 40 42
76 40 42
76 40 42
76 40 42
76 40 42
76 40 42
76 40 42
76 40 42
76 40 42
76 40 42
76 40 42
76 40 42
76 40 42
76 40 42
76 40 42
76 40 42
76 40 42
76 40 42
76 40 42
76 40 42
65 48 49
65 48 49
65 48 49
65 48 49
65 48 49
65 48 49
65 48 49
65 48 49
65 48 49
65 48 49
65 48 49
65 48 49
65 48 49
65 48 49
65 48 49
65 48 49
65 48 49
65 48 49
65 48 49
65 48 49
65 48 49
65 48 49
65 48 49
109 51 92
109 51 92
109 51 92
109 51 92
109 51 92
109 51 92
109 51 92
109 51 92
109 51 92
109 51 92
109 51 92
109 51 92
109 51 92
109 51 92
109 51 92
109 51 92
109 51 92
109 51 92
109 51 92
109 51 92
109 51 92
109 51 92
109 51 92
109 51 92
109 51 92
109 51 92
109 51 92
109 51 92
109 51 92
109 51 92
109 51 92
109 51 92
109 51 92
109 51 92
109 51 92
93 31 42
93 31 42
93 31 42
93 31 42
93 31 42
93 31 42
93 31 42
93 31 42
93 31 42
93 31 42
93 31 42
93 31 42
93 31 42
93 31 42
93 31 42
93 31 42
93 31 42
93 31 42
93 31 42
93 31 42
93 31 42
93 31 42
93 31 42
93 31 42
93 31 42
93 31 42
