123 587 233 220
56 28 32
56 28 32
56 28 32
56 28 32
56 28 32
56 28 32
56 28 32
56 28 32
56 28 32
56 28 32
56 28 32
56 28 32
56 28 32
56 28 32
56 28 32
56 28 32
56 28 32
56 28 32
56 28 32
56 28 32
56 28 32
92 39 68
92 39 68
92 39 68
92 39 68
92 39 68
92 39 68
92 39 68
92 39 68
92 39 68
92 39 68
92 39 68
92 39 68
92 39 68
92 39 68
92 39 68
92 39 68
92 39 68
92 39 68
92 39 68
92 39 68
92 39 68
92 39 68
92 39 68
92 39 68
92 39 68
90 29 86
90 29 86
90 29 86
90 29 86
90 29 86
90 29 86
90 29 86
90 29 86
90 29 86
90 29 86
90 29 86
90 29 86
90 29 86
90 29 86
90 29 86
90 29 86
90 29 86
90 29 86
90 29 86
90 29 86
90 29 86
90 29 86
90 29 86
90 29 86
90 29 86
90 29 86
90 29 86
90 29 86
90 29 86
90 29 86
90 29 86
90 29 86
90 29 86
73 52 54
73 52 54
73 52 54
73 52 54
73 52 54
73 52 54
73 52 54
73 52 54
73 52 54
73 52 54
73 52 54
73 52 54
73 52 54
73 52 54
73 52 54
73 52 54
73 52 54
73 52 54
73 52 54
73 52 54
73 52 54
73 52 54
73 52 54
114 45 100
114 45 100
114 45 100
114 45 100
114 45 100
114 45 100
114 45 100
114 45 100
114 45 100
114 45 100
114 45 100
114 45 100
114 45 100
114 45 100
114 45 100
114 45 100
114 45 100
114 45 100
114 45 100
114 45 100
114 45 100
