163 587 233 220
101 24 81
101 24 81
101 24 81
101 24 81
101 24 81
101 24 81
101 24 81
101 24 81
101 24 81
101 24 81
101 24 81
101 24 81
101 24 81
101 24 81
101 24 81
101 24 81
101 24 81
101 24 81
101 24 81
101 24 81
101 24 81
101 24 81
101 24 81
101 24 81
101 24 81
101 24 81
101 24 81
101 24 81
101 24 81
101 24 81
101 24 81
101 24 81
101 24 81
101 24 81
101 24 81
94 29 72
94 29 72
94 29 72
94 29 72
94 29 72
94 29 72
94 29 72
94 29 72
94 29 72
94 29 72
94 29 72
94 29 72
94 29 72
94 29 72
94 29 72
94 29 72
94 29 72
94 29 72
94 29 72
94 29 72
94 29 72
94 29 72
94 29 72
94 29 72
94 29 72
94 29 72
94 29 72
94 29 72
94 29 72
94 29 72
94 29 72
94 29 72
94 29 72
94 29 72
94 29 72
94 29 72
94 29 72
79 47 72
79 47 72
79 47 72
79 47 72
79 47 72
79 47 72
79 47 72
79 47 72
79 47 72
79 47 72
79 47 72
79 47 72
79 47 72
79 47 72
79 47 72
79 47 72
79 47 72
79 47 72
79 47 72
79 47 72
79 47 72
79 47 72
79 47 72
79 47 72
79 47 72
79 47 72
79 47 72
79 47 72
79 47 72
79 47 72
79 47 72
90 35 36
90 35 36
90 35 36
90 35 36
90 35 36
90 35 36
90 35 36
90 35 36
90 35 36
90 35 36
90 35 36
90 35 36
90 35 36
90 35 36
90 35 36
90 35 36
90 35 36
90 35 36
90 35 36
90 35 36
90 35 36
90 35 36
90 35 36
90 35 36
90 35 36
90 35 36
90 35 36
90 35 36
90 35 36
90 35 36
90 35 36
68 40 51
68 40 51
68 40 51
68 40 51
68 40 51
68 40 51
68 40 51
68 40 51
68 40 51
68 40 51
68 40 51
68 40 51
68 40 51
68 40 51
68 40 51
68 40 51
68 40 51
68 40 51
68 40 51
68 40 51
68 40 51
68 40 51
68 40 51
68 40 51
68 40 51
68 40 51
68 40 51
68 40 51
68 40 51
