188 587 233 220
77 30 42
77 30 42
77 30 42
77 30 42
77 30 42
77 30 42
77 30 42
77 30 42
77 30 42
77 30 42
77 30 42
77 30 42
77 30 42
77 30 42
77 30 42
77 30 42
77 30 42
77 30 42
77 30 42
77 30 42
77 30 42
77 30 42
77 30 42
77 30 42
77 30 42
77 30 42
77 30 42
77 30 42
77 30 42
77 30 42
77 30 42
77 30 42
77 30 42
77 30 42
98 28 45
98 28 45
98 28 45
98 28 45
98 28 45
98 28 45
98 28 45
98 28 45
98 28 45
98 28 45
98 28 45
98 28 45
98 28 45
98 28 45
98 28 45
98 28 45
98 28 45
98 28 45
98 28 45
98 28 45
98 28 45
98 28 45
98 28 45
98 28 45
98 28 45
98 28 45
98 28 45
98 28 45
98 28 45
98 28 45
98 28 45
98 28 45
98 28 45
98 28 45
98 28 45
98 28 45
98 28 45
98 28 45
98 28 45
98 28 45
98 28 45
98 28 45
61 32 58
61 32 58
61 32 58
61 32 58
61 32 58
61 32 58
61 32 58
61 32 58
61 32 58
61 32 58
61 32 58
61 32 58
61 32 58
61 32 58
61 32 58
61 32 58
61 32 58
61 32 58
61 32 58
61 32 58
61 32 58
61 32 58
61 32 58
61 32 58
61 32 58
61 32 58
61 32 58
61 32 58
61 32 58
61 32 58
61 32 58
61 32 58
61 32 58
61 32 58
61 32 58
61 32 58
61 32 58
61 32 58
61 32 58
61 32 58
92 61 77
92 61 77
92 61 77
92 61 77
92 61 77
92 61 77
92 61 77
92 61 77
92 61 77
92 61 77
92 61 77
92 61 77
92 61 77
92 61 77
92 61 77
92 61 77
92 61 77
92 61 77
92 61 77
92 61 77
92 61 77
92 61 77
92 61 77
92 61 77
92 61 77
92 61 77
92 61 77
92 61 77
92 61 77
92 61 77
92 61 77
92 61 77
92 61 77
58 27 44
58 27 44
58 27 44
58 27 44
58 27 44
58 27 44
58 27 44
58 27 44
58 27 44
58 27 44
58 27 44
58 27 44
58 27 44
58 27 44
58 27 44
58 27 44
58 27 44
58 27 44
58 27 44
58 27 44
58 27 44
58 27 44
58 27 44
58 27 44
58 27 44
58 27 44
58 27 44
58 27 44
58 27 44
58 27 44
58 27 44
58 27 44
58 27 44
58 27 44
58 27 44
58 27 44
58 27 44
58 27 44
58 27 44
