122 587 233 220
75 57 58
75 57 58
75 57 58
75 57 58
75 57 58
75 57 58
75 57 58
75 57 58
75 57 58
75 57 58
75 57 58
75 57 58
75 57 58
75 57 58
75 57 58
75 57 58
75 57 58
75 57 58
75 57 58
75 57 58
57 30 37
57 30 37
57 30 37
57 30 37
57 30 37
57 30 37
57 30 37
57 30 37
57 30 37
57 30 37
57 30 37
57 30 37
57 30 37
57 30 37
57 30 37
57 30 37
57 30 37
57 30 37
57 30 37
57 30 37
57 30 37
57 30 37
57 30 37
57 30 37
79 35 74
79 35 74
79 35 74
79 35 74
79 35 74
79 35 74
79 35 74
79 35 74
79 35 74
79 35 74
79 35 74
79 35 74
79 35 74
79 35 74
79 35 74
79 35 74
79 35 74
79 35 74
79 35 74
79 35 74
79 35 74
79 35 74
79 35 74
79 35 74
79 35 74
79 35 74
79 35 74
79 35 74
79 35 74
79 35 74
104 74 99
104 74 99
104 74 99
104 74 99
104 74 99
104 74 99
104 74 99
104 74 99
104 74 99
104 74 99
104 74 99
104 74 99
104 74 99
104 74 99
104 74 99
104 74 99
104 74 99
104 74 99
104 74 99
104 74 99
55 31 46
55 31 46
55 31 46
55 31 46
55 31 46
55 31 46
55 31 46
55 31 46
55 31 46
55 31 46
55 31 46
55 31 46
55 31 46
55 31 46
55 31 46
55 31 46
55 31 46
55 31 46
55 31 46
55 31 46
55 31 46
55 31 46
55 31 46
55 31 46
55 31 46
55 31 46
55 31 46
55 31 46
