136 587 233 220
83 46 71
83 46 71
83 46 71
83 46 71
83 46 71
83 46 71
83 46 71
83 46 71
83 46 71
83 46 71
83 46 71
83 46 71
83 46 71
83 46 71
83 46 71
83 46 71
83 46 71
83 46 71
83 46 71
83 46 71
83 46 71
83 46 71
83 46 71
83 46 71
83 46 71
83 46 71
83 46 71
83 46 71
83 46 71
83 46 71
76 54 63
76 54 63
76 54 63
76 54 63
76 54 63
76 54 63
76 54 63
76 54 63
76 54 63
76 54 63
76 54 63
76 54 63
76 54 63
76 54 63
76 54 63
76 54 63
76 54 63
76 54 63
76 54 63
76 54 63
76 54 63
76 54 63
76 54 63
76 54 63
76 54 63
76 54 63
76 54 63
91 40 56
91 40 56
91 40 56
91 40 56
91 40 56
91 40 56
91 40 56
91 40 56
91 40 56
91 40 56
91 40 56
91 40 56
91 40 56
91 40 56
91 40 56
91 40 56
91 40 56
91 40 56
91 40 56
91 40 56
91 40 56
91 40 56
91 40 56
91 40 56
91 40 56
91 40 56
91 40 56
91 40 56
61 34 42
61 34 42
61 34 42
61 34 42
61 34 42
61 34 42
61 34 42
61 34 42
61 34 42
61 34 42
61 34 42
61 34 42
61 34 42
61 34 42
61 34 42
61 34 42
61 34 42
61 34 42
61 34 42
61 34 42
61 34 42
61 34 42
61 34 42
61 34 42
61 34 42
84 47 67
84 47 67
84 47 67
84 47 67
84 47 67
84 47 67
84 47 67
84 47 67
84 47 67
84 47 67
84 47 67
84 47 67
84 47 67
84 47 67
84 47 67
84 47 67
84 47 67
84 47 67
84 47 67
84 47 67
84 47 67
84 47 67
84 47 67
84 47 67
84 47 67
84 47 67
