85 587 233 220
114 42 77
114 42 77
114 42 77
114 42 77
114 42 77
114 42 77
114 42 77
114 42 77
114 42 77
114 42 77
114 42 77
114 42 77
114 42 77
114 42 77
114 42 77
114 42 77
114 42 77
114 42 77
114 42 77
114 42 77
114 42 77
114 42 77
114 42 77
114 42 77
114 42 77
105 74 81
105 74 81
105 74 81
105 74 81
105 74 81
105 74 81
105 74 81
105 74 81
105 74 81
105 74 81
105 74 81
105 74 81
105 74 81
105 74 81
105 74 81
105 74 81
105 74 81
76 50 73
76 50 73
76 50 73
76 50 73
76 50 73
76 50 73
76 50 73
76 50 73
76 50 73
76 50 73
76 50 73
76 50 73
76 50 73
76 50 73
76 50 73
76 50 73
104 41 91
104 41 91
104 41 91
104 41 91
104 41 91
104 41 91
104 41 91
104 41 91
104 41 91
75 23 70
75 23 70
75 23 70
75 23 70
75 23 70
75 23 70
75 23 70
75 23 70
75 23 70
75 23 70
75 23 70
75 23 70
75 23 70
75 23 70
75 23 70
75 23 70
75 23 70
75 23 70
