160 587 233 220
87 28 33
87 28 33
87 28 33
87 28 33
87 28 33
87 28 33
87 28 33
87 28 33
87 28 33
87 28 33
87 28 33
87 28 33
87 28 33
87 28 33
87 28 33
87 28 33
87 28 33
87 28 33
87 28 33
87 28 33
87 28 33
87 28 33
87 28 33
87 28 33
87 28 33
87 28 33
87 28 33
87 28 33
87 28 33
87 28 33
87 28 33
87 28 33
87 28 33
87 28 33
87 28 33
97 57 70
97 57 70
97 57 70
97 57 70
97 57 70
97 57 70
97 57 70
97 57 70
97 57 70
97 57 70
97 57 70
97 57 70
97 57 70
97 57 70
97 57 70
97 57 70
97 57 70
97 57 70
97 57 70
97 57 70
97 57 70
97 57 70
97 57 70
97 57 70
97 57 70
97 57 70
97 57 70
97 57 70
97 57 70
97 57 70
97 57 70
97 57 70
97 57 70
71 38 57
71 38 57
71 38 57
71 38 57
71 38 57
71 38 57
71 38 57
71 38 57
71 38 57
71 38 57
71 38 57
71 38 57
71 38 57
71 38 57
71 38 57
71 38 57
71 38 57
71 38 57
71 38 57
71 38 57
71 38 57
71 38 57
71 38 57
71 38 57
71 38 57
71 38 57
71 38 57
71 38 57
63 47 53
63 47 53
63 47 53
63 47 53
63 47 53
63 47 53
63 47 53
63 47 53
63 47 53
63 47 53
63 47 53
63 47 53
63 47 53
63 47 53
63 47 53
63 47 53
63 47 53
63 47 53
63 47 53
63 47 53
63 47 53
63 47 53
63 47 53
63 47 53
63 47 53
63 47 53
63 47 53
63 47 53
63 47 53
63 47 53
63 47 53
63 47 53
63 47 53
63 47 53
63 47 53
63 47 53
63 47 53
77 37 56
77 37 56
77 37 56
77 37 56
77 37 56
77 37 56
77 37 56
77 37 56
77 37 56
77 37 56
77 37 56
77 37 56
77 37 56
77 37 56
77 37 56
77 37 56
77 37 56
77 37 56
77 37 56
77 37 56
77 37 56
77 37 56
77 37 56
77 37 56
77 37 56
77 37 56
77 37 56
