100 587 233 220
95 46 92
95 46 92
95 46 92
95 46 92
95 46 92
95 46 92
95 46 92
95 46 92
95 46 92
95 46 92
95 46 92
95 46 92
95 46 92
95 46 92
95 46 92
95 46 92
95 46 92
95 46 92
95 46 92
65 40 60
65 40 60
65 40 60
65 40 60
65 40 60
65 40 60
65 40 60
65 40 60
65 40 60
65 40 60
65 40 60
65 40 60
65 40 60
65 40 60
65 40 60
65 40 60
65 40 60
65 40 60
65 40 60
103 59 62
103 59 62
103 59 62
103 59 62
103 59 62
103 59 62
103 59 62
103 59 62
103 59 62
103 59 62
103 59 62
103 59 62
103 59 62
103 59 62
103 59 62
103 59 62
103 59 62
103 59 62
103 59 62
103 59 62
103 59 62
103 59 62
103 59 62
103 59 62
103 59 62
71 52 65
71 52 65
71 52 65
71 52 65
71 52 65
71 52 65
71 52 65
71 52 65
71 52 65
71 52 65
71 52 65
71 52 65
71 52 65
71 52 65
119 28 87
119 28 87
119 28 87
119 28 87
119 28 87
119 28 87
119 28 87
119 28 87
119 28 87
119 28 87
119 28 87
119 28 87
119 28 87
119 28 87
119 28 87
119 28 87
119 28 87
119 28 87
119 28 87
119 28 87
119 28 87
119 28 87
119 28 87
