118 587 233 220
90 63 70
90 63 70
90 63 70
90 63 70
90 63 70
90 63 70
90 63 70
90 63 70
90 63 70
90 63 70
90 63 70
90 63 70
90 63 70
90 63 70
90 63 70
90 63 70
84 28 78
84 28 78
84 28 78
84 28 78
84 28 78
84 28 78
84 28 78
84 28 78
84 28 78
84 28 78
84 28 78
84 28 78
84 28 78
84 28 78
84 28 78
84 28 78
84 28 78
84 28 78
84 28 78
84 28 78
84 28 78
84 28 78
84 28 78
84 28 78
84 28 78
84 28 78
84 28 78
84 28 78
94 39 85
94 39 85
94 39 85
94 39 85
94 39 85
94 39 85
94 39 85
94 39 85
94 39 85
94 39 85
94 39 85
94 39 85
94 39 85
94 39 85
94 39 85
94 39 85
94 39 85
94 39 85
94 39 85
94 39 85
80 54 76
80 54 76
80 54 76
80 54 76
80 54 76
80 54 76
80 54 76
80 54 76
80 54 76
80 54 76
80 54 76
80 54 76
80 54 76
80 54 76
80 54 76
80 54 76
80 54 76
80 54 76
80 54 76
80 54 76
80 54 76
80 54 76
80 54 76
69 45 50
69 45 50
69 45 50
69 45 50
69 45 50
69 45 50
69 45 50
69 45 50
69 45 50
69 45 50
69 45 50
69 45 50
69 45 50
69 45 50
69 45 50
69 45 50
69 45 50
69 45 50
69 45 50
69 45 50
69 45 50
69 45 50
69 45 50
69 45 50
69 45 50
69 45 50
69 45 50
69 45 50
69 45 50
69 45 50
69 45 50
