82 587 233 220
91 33 52
91 33 52
91 33 52
91 33 52
91 33 52
91 33 52
91 33 52
91 33 52
91 33 52
91 33 52
91 33 52
91 33 52
91 33 52
91 33 52
91 33 52
91 33 52
91 33 52
87 63 81
87 63 81
87 63 81
87 63 81
87 63 81
87 63 81
87 63 81
87 63 81
87 63 81
87 63 81
87 63 81
87 63 81
87 63 81
87 63 81
113 45 79
113 45 79
113 45 79
113 45 79
113 45 79
113 45 79
113 45 79
113 45 79
113 45 79
113 45 79
113 45 79
113 45 79
113 45 79
113 45 79
113 45 79
114 45 52
114 45 52
114 45 52
114 45 52
114 45 52
114 45 52
114 45 52
114 45 52
114 45 52
114 45 52
114 45 52
114 45 52
114 45 52
114 45 52
114 45 52
114 45 52
114 45 52
114 45 52
114 45 52
114 45 52
114 45 52
114 45 52
110 66 90
110 66 90
110 66 90
110 66 90
110 66 90
110 66 90
110 66 90
110 66 90
110 66 90
110 66 90
110 66 90
110 66 90
110 66 90
110 66 90
