166 587 233 220
86 57 65
86 57 65
86 57 65
86 57 65
86 57 65
86 57 65
86 57 65
86 57 65
86 57 65
86 57 65
86 57 65
86 57 65
86 57 65
86 57 65
86 57 65
86 57 65
86 57 65
86 57 65
86 57 65
86 57 65
86 57 65
86 57 65
86 57 65
86 57 65
86 57 65
61 32 37
61 32 37
61 32 37
61 32 37
61 32 37
61 32 37
61 32 37
61 32 37
61 32 37
61 32 37
61 32 37
61 32 37
61 32 37
61 32 37
61 32 37
61 32 37
61 32 37
61 32 37
61 32 37
61 32 37
61 32 37
61 32 37
61 32 37
61 32 37
61 32 37
61 32 37
61 32 37
61 32 37
61 32 37
61 32 37
61 32 37
39 27 33
39 27 33
39 27 33
39 27 33
39 27 33
39 27 33
39 27 33
39 27 33
39 27 33
39 27 33
39 27 33
39 27 33
39 27 33
39 27 33
39 27 33
39 27 33
39 27 33
39 27 33
39 27 33
39 27 33
39 27 33
39 27 33
39 27 33
39 27 33
39 27 33
39 27 33
39 27 33
39 27 33
39 27 33
39 27 33
39 27 33
39 27 33
85 26 33
85 26 33
85 26 33
85 26 33
85 26 33
85 26 33
85 26 33
85 26 33
85 26 33
85 26 33
85 26 33
85 26 33
85 26 33
85 26 33
85 26 33
85 26 33
85 26 33
85 26 33
85 26 33
85 26 33
85 26 33
85 26 33
85 26 33
85 26 33
85 26 33
85 26 33
85 26 33
85 26 33
85 26 33
85 26 33
85 26 33
85 26 33
85 26 33
85 26 33
85 26 33
85 26 33
85 26 33
85 26 33
101 42 94
101 42 94
101 42 94
101 42 94
101 42 94
101 42 94
101 42 94
101 42 94
101 42 94
101 42 94
101 42 94
101 42 94
101 42 94
101 42 94
101 42 94
101 42 94
101 42 94
101 42 94
101 42 94
101 42 94
101 42 94
101 42 94
101 42 94
101 42 94
101 42 94
101 42 94
101 42 94
101 42 94
101 42 94
101 42 94
101 42 94
101 42 94
101 42 94
101 42 94
101 42 94
101 42 94
101 42 94
101 42 94
101 42 94
101 42 94
