85 587 233 220
78 37 69
78 37 69
78 37 69
78 37 69
78 37 69
78 37 69
78 37 69
78 37 69
78 37 69
78 37 69
78 37 69
78 37 69
115 58 90
115 58 90
115 58 90
115 58 90
115 58 90
115 58 90
115 58 90
115 58 90
115 58 90
115 58 90
115 58 90
115 58 90
115 58 90
68 20 53
68 20 53
68 20 53
68 20 53
68 20 53
68 20 53
68 20 53
68 20 53
68 20 53
68 20 53
68 20 53
68 20 53
68 20 53
68 20 53
68 20 53
68 20 53
119 47 71
119 47 71
119 47 71
119 47 71
119 47 71
119 47 71
119 47 71
119 47 71
119 47 71
119 47 71
119 47 71
119 47 71
119 47 71
119 47 71
119 47 71
119 47 71
119 47 71
119 47 71
119 47 71
119 47 71
119 47 71
119 47 71
119 47 71
119 47 71
119 47 71
119 47 71
100 57 82
100 57 82
100 57 82
100 57 82
100 57 82
100 57 82
100 57 82
100 57 82
100 57 82
100 57 82
100 57 82
100 57 82
100 57 82
100 57 82
100 57 82
100 57 82
100 57 82
100 57 82
