174 587 233 220
51 44 46
51 44 46
51 44 46
51 44 46
51 44 46
51 44 46
51 44 46
51 44 46
51 44 46
51 44 46
51 44 46
51 44 46
51 44 46
51 44 46
51 44 46
51 44 46
51 44 46
51 44 46
51 44 46
51 44 46
51 44 46
51 44 46
51 44 46
51 44 46
51 44 46
51 44 46
51 44 46
51 44 46
51 44 46
51 44 46
51 44 46
51 44 46
51 44 46
51 44 46
51 44 46
51 44 46
51 44 46
51 44 46
51 44 46
51 44 46
51 44 46
51 44 46
51 44 46
51 44 46
51 44 46
51 44 46
51 44 46
95 47 92
95 47 92
95 47 92
95 47 92
95 47 92
95 47 92
95 47 92
95 47 92
95 47 92
95 47 92
95 47 92
95 47 92
95 47 92
95 47 92
95 47 92
95 47 92
95 47 92
95 47 92
95 47 92
95 47 92
95 47 92
95 47 92
95 47 92
95 47 92
95 47 92
95 47 92
95 47 92
95 47 92
95 47 92
95 47 92
95 47 92
95 47 92
116 23 39
116 23 39
116 23 39
116 23 39
116 23 39
116 23 39
116 23 39
116 23 39
116 23 39
116 23 39
116 23 39
116 23 39
116 23 39
116 23 39
116 23 39
116 23 39
116 23 39
116 23 39
116 23 39
116 23 39
116 23 39
116 23 39
116 23 39
116 23 39
116 23 39
116 23 39
116 23 39
116 23 39
116 23 39
116 23 39
51 32 37
51 32 37
51 32 37
51 32 37
51 32 37
51 32 37
51 32 37
51 32 37
51 32 37
51 32 37
51 32 37
51 32 37
51 32 37
51 32 37
51 32 37
51 32 37
51 32 37
51 32 37
51 32 37
51 32 37
51 32 37
51 32 37
51 32 37
51 32 37
51 32 37
51 32 37
51 32 37
51 32 37
117 38 44
117 38 44
117 38 44
117 38 44
117 38 44
117 38 44
117 38 44
117 38 44
117 38 44
117 38 44
117 38 44
117 38 44
117 38 44
117 38 44
117 38 44
117 38 44
117 38 44
117 38 44
117 38 44
117 38 44
117 38 44
117 38 44
117 38 44
117 38 44
117 38 44
117 38 44
117 38 44
117 38 44
117 38 44
117 38 44
117 38 44
117 38 44
117 38 44
117 38 44
117 38 44
117 38 44
117 38 44
