# MHKP instance for submodel V0 of Deplano et al. (2019)
# BINS:  length width height priority
# ITEMS: length width height
# beta (gcd of item sides) = 1
BINS
120 120 120 5.78703703704e-07
ITEMS
72 43 71
47 44 72
45 53 57
69 69 63
55 54 56
58 62 48
57 51 45
71 55 53
29 38 41
30 26 38
50 56 50
65 64 54
61 71 69
25 35 40
63 65 49
40 37 31
56 64 52
68 69 52
41 35 37
62 72 72
72 58 48
68 58 68
56 64 53
18 41 26
39 29 33
55 55 47
26 29 38
58 57 45
45 72 45
48 43 51
47 65 63
57 51 71
35 26 38
56 45 54
65 70 57
49 48 49
21 18 21
44 51 58
58 60 61
52 45 46
55 42 52
67 48 57
28 21 28
44 53 44
19 33 41
66 70 54
62 69 53
29 25 30
38 40 27
48 64 71
70 49 58
57 42 56
49 69 48
48 66 66
36 28 28
64 53 60
64 45 57
50 56 63
48 63 60
51 54 57
23 41 33
46 71 49
48 70 52
58 52 62
62 54 67
30 21 24
64 52 43
40 27 36
58 64 57
29 24 18
