# MHKP instance for submodel V0 of Deplano et al. (2019)
# BINS:  length width height priority
# ITEMS: length width height
# beta (gcd of item sides) = 1
BINS
120 120 120 5.78703703704e-07
ITEMS
70 49 46
45 52 67
52 52 68
44 43 46
42 72 72
29 22 32
56 61 54
45 45 49
55 55 68
61 59 50
35 18 27
52 53 66
46 59 63
59 49 62
67 44 53
53 60 43
31 27 23
57 52 64
52 50 48
53 46 43
52 55 49
49 43 70
50 60 61
39 28 31
24 41 34
36 28 25
44 45 58
60 58 42
33 24 26
54 48 48
51 55 51
61 45 51
30 40 30
49 47 65
48 60 61
62 53 60
64 70 62
66 52 50
56 50 57
65 57 56
68 67 60
50 43 60
41 27 24
72 45 62
45 58 62
25 29 37
28 42 41
63 67 71
68 44 54
47 51 53
70 59 64
38 30 39
62 45 70
38 31 38
34 24 30
61 71 44
51 71 63
45 61 58
58 51 48
27 25 38
24 31 18
60 55 57
22 31 34
71 50 45
63 44 47
44 70 68
48 66 47
68 52 62
48 59 52
54 70 58
