# MHKP instance for submodel V0 of Deplano et al. (2019)
# BINS:  length width height priority
# ITEMS: length width height
# beta (gcd of item sides) = 1
BINS
120 120 120 5.78703703704e-07
ITEMS
69 47 43
24 23 32
46 64 67
46 63 72
42 31 26
52 50 63
47 51 49
44 61 59
65 64 62
69 48 51
64 58 58
44 57 72
55 53 53
36 39 19
66 51 71
64 67 72
69 51 51
63 61 56
36 32 19
62 68 48
70 72 64
69 42 71
48 57 47
47 70 62
61 44 60
46 42 57
39 30 34
37 19 33
38 37 18
33 41 24
69 60 42
68 45 49
58 65 57
53 48 72
69 60 46
71 43 65
38 33 29
43 42 71
40 38 42
55 43 70
43 57 61
34 27 42
51 59 42
43 72 55
43 58 54
46 57 67
40 37 30
51 42 65
33 20 39
27 19 39
34 18 37
47 63 47
44 71 48
53 63 55
29 26 33
55 60 71
72 68 54
29 20 21
24 34 28
27 28 25
18 18 25
60 65 49
28 21 37
52 46 72
20 22 30
58 62 66
26 37 33
23 41 33
45 63 72
21 35 27
