# MHKP instance for submodel V0 of Deplano et al. (2019)
# BINS:  length width height priority
# ITEMS: length width height
# beta (gcd of item sides) = 1
BINS
120 120 120 5.78703703704e-07
ITEMS
72 64 64
36 37 33
25 39 27
57 67 64
22 21 33
49 60 61
22 35 30
71 68 57
22 29 39
33 18 32
46 70 42
29 19 23
68 54 60
61 56 62
62 54 45
33 32 31
68 70 54
37 42 29
34 29 27
59 52 47
44 57 60
62 50 68
18 34 25
68 61 54
68 55 50
72 70 42
25 40 33
29 36 28
64 72 57
35 25 42
72 42 72
57 60 42
47 42 57
41 33 30
57 67 50
21 18 20
58 42 72
69 56 70
19 42 22
28 22 30
62 43 67
70 52 67
63 47 45
57 43 50
66 61 52
42 52 68
52 59 70
32 39 30
34 41 33
70 50 44
68 51 72
66 61 46
23 35 32
55 60 67
54 53 63
59 62 65
19 22 40
59 62 68
60 48 61
53 57 57
27 32 35
55 52 64
56 45 58
62 71 49
30 24 20
18 38 33
57 52 43
26 25 20
61 59 57
57 54 71
