# MHKP instance for submodel V0 of Deplano et al. (2019)
# BINS:  length width height priority
# ITEMS: length width height
# beta (gcd of item sides) = 1
BINS
120 120 120 5.78703703704e-07
ITEMS
65 68 45
71 51 63
35 30 33
62 65 57
47 62 62
48 59 54
44 54 56
47 56 54
45 67 66
54 47 71
45 71 51
42 24 37
47 44 71
62 43 67
46 48 45
52 54 61
18 32 41
47 42 49
59 72 64
72 67 44
56 42 45
32 33 26
32 26 33
18 36 21
42 34 27
22 20 42
63 58 50
38 36 42
43 60 46
46 65 58
70 50 72
39 35 21
21 23 29
60 67 42
37 23 37
41 41 28
43 66 42
58 67 44
67 53 54
37 25 38
60 55 60
50 53 57
21 19 34
40 31 20
32 30 35
53 59 43
51 50 65
43 50 72
29 25 38
42 37 38
50 52 46
24 18 38
29 30 19
27 32 34
57 43 64
52 56 60
53 47 51
38 24 41
58 44 44
55 53 53
36 27 24
29 36 27
42 24 25
50 71 54
53 58 72
47 63 65
24 41 40
48 53 53
66 55 47
28 27 19
