# MHKP instance for submodel V0 of Deplano et al. (2019)
# BINS:  length width height priority
# ITEMS: length width height
# beta (gcd of item sides) = 1
BINS
120 120 120 5.78703703704e-07
ITEMS
71 68 56
67 50 42
18 18 20
53 57 67
71 72 44
70 69 55
56 69 46
67 57 57
60 58 57
53 43 43
21 19 21
60 61 48
58 72 46
44 51 44
71 47 72
47 56 58
48 68 70
39 29 38
64 72 42
40 30 21
65 50 53
58 72 45
31 19 23
19 34 24
41 33 23
30 18 20
31 19 18
62 60 42
64 46 67
50 49 42
58 63 53
68 51 56
43 54 59
27 32 35
66 68 53
42 53 62
53 64 71
23 41 36
46 44 44
42 58 44
57 44 42
41 18 19
51 66 64
51 71 60
50 59 48
60 58 69
43 44 68
59 43 55
59 64 49
69 59 68
37 34 23
55 59 66
64 45 52
46 55 59
25 26 38
58 47 50
57 42 61
59 72 57
26 39 33
51 45 58
20 33 26
45 52 69
60 65 45
53 68 42
55 64 67
67 71 63
52 58 48
63 62 45
37 39 26
54 57 70
