# MHKP instance for submodel V0 of Deplano et al. (2019)
# BINS:  length width height priority
# ITEMS: length width height
# beta (gcd of item sides) = 1
BINS
120 120 120 5.78703703704e-07
ITEMS
56 68 54
43 57 54
29 30 33
53 55 49
52 50 57
41 38 31
20 31 30
55 52 51
51 55 49
59 56 60
36 22 40
52 68 54
46 60 67
63 58 43
27 27 39
34 24 28
26 42 26
53 51 47
61 63 59
66 44 45
45 44 49
19 41 42
56 67 72
27 22 41
56 59 55
37 27 30
71 72 68
57 69 63
45 62 72
39 42 39
37 29 34
42 52 66
66 57 44
19 38 27
66 44 65
35 40 26
56 63 44
51 51 46
63 51 62
20 41 39
21 23 38
61 48 44
48 56 53
28 27 23
48 51 56
31 20 23
70 59 49
68 59 66
32 42 28
60 70 52
60 66 61
65 68 64
72 63 72
65 42 45
56 63 53
33 20 40
67 57 42
45 71 46
67 51 50
42 65 47
60 63 63
48 43 49
43 72 51
39 42 36
71 64 69
18 32 33
25 22 31
19 42 28
46 52 42
68 59 47
