# MHKP instance for submodel V0 of Deplano et al. (2019)
# BINS:  length width height priority
# ITEMS: length width height
# beta (gcd of item sides) = 1
BINS
120 120 120 5.78703703704e-07
ITEMS
40 19 21
72 66 62
50 44 65
35 21 22
54 47 59
47 49 60
40 22 40
43 71 44
40 27 29
48 48 63
31 30 27
53 61 50
46 45 59
59 59 60
19 39 21
18 42 24
47 42 72
68 59 58
52 44 69
48 44 45
44 46 48
53 61 53
43 54 45
42 46 45
63 63 55
42 30 26
43 46 53
63 61 71
43 63 50
28 19 41
44 53 70
18 37 31
39 19 34
54 45 42
67 59 70
40 24 41
67 55 64
35 24 23
52 45 53
51 62 43
46 68 63
71 63 42
57 56 64
51 52 62
36 22 24
70 42 59
71 62 43
66 44 60
48 42 69
45 53 55
60 65 44
57 60 64
45 49 54
51 60 45
48 47 50
67 53 63
55 67 67
37 19 24
62 64 71
72 64 50
40 19 39
44 60 51
65 50 52
72 52 68
23 32 18
50 46 60
67 51 45
25 33 31
62 65 55
63 51 62
