# MHKP instance for submodel V0 of Deplano et al. (2019)
# BINS:  length width height priority
# ITEMS: length width height
# beta (gcd of item sides) = 1
BINS
120 120 120 5.78703703704e-07
ITEMS
42 45 52
46 56 51
52 64 48
62 43 54
30 31 32
50 45 44
68 62 64
59 72 51
43 47 50
69 50 59
63 50 46
59 69 62
50 54 58
45 50 56
47 42 57
47 72 57
60 67 55
54 46 57
64 66 72
41 35 29
39 35 40
57 65 58
60 43 60
62 70 58
52 49 44
47 56 62
68 58 59
71 59 51
43 59 57
38 25 38
54 67 63
45 45 63
56 63 50
33 19 24
32 28 39
54 67 54
69 49 45
47 62 61
27 28 33
62 66 69
64 69 62
25 39 33
56 43 46
68 63 69
61 68 51
39 41 30
19 40 42
54 58 58
54 43 60
61 42 50
58 42 69
65 68 48
56 51 48
31 18 39
52 60 47
64 44 46
72 46 56
38 29 39
66 48 62
69 59 42
18 41 19
54 67 72
28 27 26
43 70 50
58 53 53
51 65 61
68 63 44
48 63 52
52 68 70
33 19 41
