# MHKP instance for submodel V0 of Deplano et al. (2019)
# BINS:  length width height priority
# ITEMS: length width height
# beta (gcd of item sides) = 1
BINS
120 120 120 5.78703703704e-07
ITEMS
52 64 55
57 70 65
52 63 61
18 35 33
59 49 63
69 42 42
46 58 64
64 60 67
29 40 39
38 35 33
20 34 18
19 21 26
58 62 43
42 69 68
46 68 50
69 70 56
58 53 71
70 44 51
68 44 54
58 44 57
52 70 54
33 32 40
56 56 55
71 51 46
66 61 47
20 31 18
72 69 63
58 42 45
37 32 31
42 66 46
43 72 54
21 28 32
67 42 56
54 63 65
52 52 51
20 20 26
47 56 63
60 47 45
60 70 42
38 37 32
66 47 44
40 23 30
64 62 42
36 40 39
53 54 64
44 52 47
20 28 30
59 47 53
65 54 63
31 20 36
57 54 65
43 69 57
44 66 43
52 64 59
65 72 54
46 51 54
53 69 64
19 31 23
38 37 18
44 71 69
51 49 71
43 68 61
44 48 54
67 45 49
72 48 47
36 19 22
64 64 46
72 62 57
55 53 69
31 42 36
