112 587 233 220
108 30 76
108 30 76
108 30 76
108 30 76
108 30 76
108 30 76
108 30 76
108 30 76
108 30 76
108 30 76
108 30 76
108 30 76
108 30 76
108 30 76
108 30 76
108 30 76
108 30 76
108 30 76
108 30 76
108 30 76
108 30 76
108 30 76
108 30 76
108 30 76
108 30 76
108 30 76
108 30 76
108 30 76
108 30 76
108 30 76
108 30 76
108 30 76
108 30 76
108 30 76
108 30 76
108 30 76
108 30 76
108 30 76
108 30 76
108 30 76
110 25 43
110 25 43
110 25 43
110 25 43
110 25 43
110 25 43
110 25 43
110 25 43
110 25 43
110 25 43
110 25 43
110 25 43
110 25 43
110 25 43
110 25 43
110 25 43
110 25 43
110 25 43
110 25 43
110 25 43
110 25 43
110 25 43
110 25 43
110 25 43
110 25 43
110 25 43
110 25 43
110 25 43
110 25 43
110 25 43
110 25 43
110 25 43
110 25 43
92 55 81
92 55 81
92 55 81
92 55 81
92 55 81
92 55 81
92 55 81
92 55 81
92 55 81
92 55 81
92 55 81
92 55 81
92 55 81
92 55 81
92 55 81
92 55 81
92 55 81
92 55 81
92 55 81
92 55 81
92 55 81
92 55 81
92 55 81
92 55 81
92 55 81
92 55 81
92 55 81
92 55 81
92 55 81
92 55 81
92 55 81
92 55 81
92 55 81
92 55 81
92 55 81
92 55 81
92 55 81
92 55 81
92 55 81
