130 587 233 220
68 31 66
68 31 66
68 31 66
68 31 66
68 31 66
68 31 66
68 31 66
68 31 66
68 31 66
68 31 66
68 31 66
68 31 66
68 31 66
68 31 66
68 31 66
68 31 66
68 31 66
68 31 66
68 31 66
68 31 66
68 31 66
68 31 66
68 31 66
68 31 66
68 31 66
68 31 66
68 31 66
68 31 66
68 31 66
68 31 66
68 31 66
68 31 66
68 31 66
68 31 66
68 31 66
68 31 66
68 31 66
68 31 66
68 31 66
68 31 66
68 31 66
68 31 66
68 31 66
68 31 66
120 26 34
120 26 34
120 26 34
120 26 34
120 26 34
120 26 34
120 26 34
120 26 34
120 26 34
120 26 34
120 26 34
120 26 34
120 26 34
120 26 34
120 26 34
120 26 34
120 26 34
120 26 34
120 26 34
120 26 34
120 26 34
120 26 34
120 26 34
120 26 34
120 26 34
120 26 34
120 26 34
120 26 34
120 26 34
120 26 34
120 26 34
120 26 34
120 26 34
120 26 34
120 26 34
120 26 34
120 26 34
120 26 34
120 26 34
120 26 34
120 26 34
95 60 76
95 60 76
95 60 76
95 60 76
95 60 76
95 60 76
95 60 76
95 60 76
95 60 76
95 60 76
95 60 76
95 60 76
95 60 76
95 60 76
95 60 76
95 60 76
95 60 76
95 60 76
95 60 76
95 60 76
95 60 76
95 60 76
95 60 76
95 60 76
95 60 76
95 60 76
95 60 76
95 60 76
95 60 76
95 60 76
95 60 76
95 60 76
95 60 76
95 60 76
95 60 76
95 60 76
95 60 76
95 60 76
95 60 76
95 60 76
95 60 76
95 60 76
95 60 76
95 60 76
95 60 76
