102 587 233 220
74 61 63
74 61 63
74 61 63
74 61 63
74 61 63
74 61 63
74 61 63
74 61 63
74 61 63
74 61 63
74 61 63
74 61 63
74 61 63
74 61 63
74 61 63
74 61 63
74 61 63
74 61 63
74 61 63
74 61 63
74 61 63
74 61 63
74 61 63
74 61 63
74 61 63
74 61 63
74 61 63
74 61 63
74 61 63
74 61 63
74 61 63
74 61 63
74 61 63
71 25 60
71 25 60
71 25 60
71 25 60
71 25 60
71 25 60
71 25 60
71 25 60
71 25 60
71 25 60
71 25 60
71 25 60
71 25 60
71 25 60
71 25 60
71 25 60
71 25 60
71 25 60
71 25 60
71 25 60
71 25 60
71 25 60
71 25 60
71 25 60
71 25 60
71 25 60
71 25 60
71 25 60
71 25 60
71 25 60
71 25 60
71 25 60
71 25 60
71 25 60
71 25 60
71 25 60
106 59 80
106 59 80
106 59 80
106 59 80
106 59 80
106 59 80
106 59 80
106 59 80
106 59 80
106 59 80
106 59 80
106 59 80
106 59 80
106 59 80
106 59 80
106 59 80
106 59 80
106 59 80
106 59 80
106 59 80
106 59 80
106 59 80
106 59 80
106 59 80
106 59 80
106 59 80
106 59 80
106 59 80
106 59 80
106 59 80
106 59 80
106 59 80
106 59 80
