104 587 233 220
95 57 80
95 57 80
95 57 80
95 57 80
95 57 80
95 57 80
95 57 80
95 57 80
95 57 80
95 57 80
95 57 80
95 57 80
95 57 80
95 57 80
95 57 80
95 57 80
95 57 80
95 57 80
95 57 80
95 57 80
95 57 80
95 57 80
95 57 80
95 57 80
95 57 80
95 57 80
95 57 80
95 57 80
95 57 80
95 57 80
95 57 80
95 57 80
95 57 80
95 57 80
95 57 80
95 57 80
95 57 80
95 57 80
112 23 87
112 23 87
112 23 87
112 23 87
112 23 87
112 23 87
112 23 87
112 23 87
112 23 87
112 23 87
112 23 87
112 23 87
112 23 87
112 23 87
112 23 87
112 23 87
112 23 87
112 23 87
112 23 87
112 23 87
112 23 87
112 23 87
112 23 87
112 23 87
112 23 87
112 23 87
112 23 87
112 23 87
112 23 87
116 40 41
116 40 41
116 40 41
116 40 41
116 40 41
116 40 41
116 40 41
116 40 41
116 40 41
116 40 41
116 40 41
116 40 41
116 40 41
116 40 41
116 40 41
116 40 41
116 40 41
116 40 41
116 40 41
116 40 41
116 40 41
116 40 41
116 40 41
116 40 41
116 40 41
116 40 41
116 40 41
116 40 41
116 40 41
116 40 41
116 40 41
116 40 41
116 40 41
116 40 41
116 40 41
116 40 41
116 40 41
