119 587 233 220
100 37 44
100 37 44
100 37 44
100 37 44
100 37 44
100 37 44
100 37 44
100 37 44
100 37 44
100 37 44
100 37 44
100 37 44
100 37 44
100 37 44
100 37 44
100 37 44
100 37 44
100 37 44
100 37 44
100 37 44
100 37 44
100 37 44
100 37 44
100 37 44
100 37 44
100 37 44
100 37 44
100 37 44
100 37 44
100 37 44
100 37 44
100 37 44
90 55 78
90 55 78
90 55 78
90 55 78
90 55 78
90 55 78
90 55 78
90 55 78
90 55 78
90 55 78
90 55 78
90 55 78
90 55 78
90 55 78
90 55 78
90 55 78
90 55 78
90 55 78
90 55 78
90 55 78
90 55 78
90 55 78
90 55 78
90 55 78
90 55 78
90 55 78
90 55 78
90 55 78
90 55 78
90 55 78
90 55 78
90 55 78
90 55 78
90 55 78
90 55 78
90 55 78
90 55 78
90 55 78
90 55 78
90 55 78
90 55 78
90 55 78
90 55 78
90 55 78
90 55 78
90 55 78
90 55 78
90 55 78
90 55 78
65 42 57
65 42 57
65 42 57
65 42 57
65 42 57
65 42 57
65 42 57
65 42 57
65 42 57
65 42 57
65 42 57
65 42 57
65 42 57
65 42 57
65 42 57
65 42 57
65 42 57
65 42 57
65 42 57
65 42 57
65 42 57
65 42 57
65 42 57
65 42 57
65 42 57
65 42 57
65 42 57
65 42 57
65 42 57
65 42 57
65 42 57
65 42 57
65 42 57
65 42 57
65 42 57
65 42 57
65 42 57
65 42 57
