159 587 233 220
43 39 40
43 39 40
43 39 40
43 39 40
43 39 40
43 39 40
43 39 40
43 39 40
43 39 40
43 39 40
43 39 40
43 39 40
43 39 40
43 39 40
43 39 40
43 39 40
43 39 40
43 39 40
43 39 40
43 39 40
43 39 40
43 39 40
43 39 40
43 39 40
43 39 40
43 39 40
43 39 40
43 39 40
43 39 40
43 39 40
43 39 40
43 39 40
43 39 40
43 39 40
43 39 40
43 39 40
43 39 40
43 39 40
43 39 40
43 39 40
43 39 40
43 39 40
43 39 40
43 39 40
43 39 40
43 39 40
43 39 40
43 39 40
43 39 40
97 40 76
97 40 76
97 40 76
97 40 76
97 40 76
97 40 76
97 40 76
97 40 76
97 40 76
97 40 76
97 40 76
97 40 76
97 40 76
97 40 76
97 40 76
97 40 76
97 40 76
97 40 76
97 40 76
97 40 76
97 40 76
97 40 76
97 40 76
97 40 76
97 40 76
97 40 76
97 40 76
97 40 76
97 40 76
97 40 76
97 40 76
97 40 76
97 40 76
97 40 76
97 40 76
97 40 76
97 40 76
97 40 76
97 40 76
97 40 76
97 40 76
97 40 76
97 40 76
97 40 76
97 40 76
97 40 76
97 40 76
97 40 76
97 40 76
97 40 76
97 40 76
67 47 63
67 47 63
67 47 63
67 47 63
67 47 63
67 47 63
67 47 63
67 47 63
67 47 63
67 47 63
67 47 63
67 47 63
67 47 63
67 47 63
67 47 63
67 47 63
67 47 63
67 47 63
67 47 63
67 47 63
67 47 63
67 47 63
67 47 63
67 47 63
67 47 63
67 47 63
67 47 63
67 47 63
67 47 63
67 47 63
67 47 63
67 47 63
67 47 63
67 47 63
67 47 63
67 47 63
67 47 63
67 47 63
67 47 63
67 47 63
67 47 63
67 47 63
67 47 63
67 47 63
67 47 63
67 47 63
67 47 63
67 47 63
67 47 63
67 47 63
67 47 63
67 47 63
67 47 63
67 47 63
67 47 63
67 47 63
67 47 63
67 47 63
67 47 63
