213 587 233 220
72 35 49
72 35 49
72 35 49
72 35 49
72 35 49
72 35 49
72 35 49
72 35 49
72 35 49
72 35 49
72 35 49
72 35 49
72 35 49
72 35 49
72 35 49
72 35 49
72 35 49
72 35 49
72 35 49
72 35 49
72 35 49
72 35 49
72 35 49
72 35 49
72 35 49
72 35 49
72 35 49
72 35 49
72 35 49
72 35 49
72 35 49
72 35 49
72 35 49
72 35 49
72 35 49
72 35 49
72 35 49
72 35 49
72 35 49
72 35 49
72 35 49
72 35 49
72 35 49
72 35 49
72 35 49
72 35 49
72 35 49
72 35 49
72 35 49
72 35 49
72 35 49
72 35 49
72 35 49
72 35 49
72 35 49
72 35 49
72 35 49
72 35 49
72 35 49
72 35 49
72 35 49
72 35 49
72 35 49
72 35 49
72 35 49
72 35 49
72 35 49
72 35 49
72 35 49
72 35 49
72 35 49
72 35 49
75 47 66
75 47 66
75 47 66
75 47 66
75 47 66
75 47 66
75 47 66
75 47 66
75 47 66
75 47 66
75 47 66
75 47 66
75 47 66
75 47 66
75 47 66
75 47 66
75 47 66
75 47 66
75 47 66
75 47 66
75 47 66
75 47 66
75 47 66
75 47 66
75 47 66
75 47 66
75 47 66
75 47 66
75 47 66
75 47 66
75 47 66
75 47 66
75 47 66
75 47 66
75 47 66
75 47 66
75 47 66
75 47 66
75 47 66
75 47 66
75 47 66
75 47 66
75 47 66
75 47 66
75 47 66
75 47 66
75 47 66
75 47 66
75 47 66
75 47 66
75 47 66
75 47 66
75 47 66
75 47 66
75 47 66
75 47 66
75 47 66
75 47 66
75 47 66
75 47 66
75 47 66
75 47 66
75 47 66
75 47 66
75 47 66
75 47 66
75 47 66
75 47 66
75 47 66
75 47 66
75 47 66
75 47 66
75 47 66
75 47 66
75 47 66
75 47 66
78 22 30
78 22 30
78 22 30
78 22 30
78 22 30
78 22 30
78 22 30
78 22 30
78 22 30
78 22 30
78 22 30
78 22 30
78 22 30
78 22 30
78 22 30
78 22 30
78 22 30
78 22 30
78 22 30
78 22 30
78 22 30
78 22 30
78 22 30
78 22 30
78 22 30
78 22 30
78 22 30
78 22 30
78 22 30
78 22 30
78 22 30
78 22 30
78 22 30
78 22 30
78 22 30
78 22 30
78 22 30
78 22 30
78 22 30
78 22 30
78 22 30
78 22 30
78 22 30
78 22 30
78 22 30
78 22 30
78 22 30
78 22 30
78 22 30
78 22 30
78 22 30
78 22 30
78 22 30
78 22 30
78 22 30
78 22 30
78 22 30
78 22 30
78 22 30
78 22 30
78 22 30
78 22 30
78 22 30
78 22 30
78 22 30
