82 587 233 220
104 30 55
104 30 55
104 30 55
104 30 55
104 30 55
104 30 55
104 30 55
104 30 55
104 30 55
104 30 55
104 30 55
104 30 55
104 30 55
104 30 55
104 30 55
104 30 55
104 30 55
104 30 55
104 30 55
104 30 55
104 30 55
104 30 55
104 30 55
104 30 55
104 30 55
92 73 89
92 73 89
92 73 89
92 73 89
92 73 89
92 73 89
92 73 89
92 73 89
92 73 89
92 73 89
92 73 89
92 73 89
92 73 89
92 73 89
92 73 89
92 73 89
92 73 89
92 73 89
92 73 89
92 73 89
92 73 89
92 73 89
92 73 89
92 73 89
88 43 88
88 43 88
88 43 88
88 43 88
88 43 88
88 43 88
88 43 88
88 43 88
88 43 88
88 43 88
88 43 88
88 43 88
88 43 88
88 43 88
88 43 88
88 43 88
88 43 88
88 43 88
88 43 88
88 43 88
88 43 88
88 43 88
88 43 88
88 43 88
88 43 88
88 43 88
88 43 88
88 43 88
88 43 88
88 43 88
88 43 88
88 43 88
88 43 88
