130 587 233 220
60 26 45
60 26 45
60 26 45
60 26 45
60 26 45
60 26 45
60 26 45
60 26 45
60 26 45
60 26 45
60 26 45
60 26 45
60 26 45
60 26 45
60 26 45
60 26 45
60 26 45
60 26 45
60 26 45
60 26 45
60 26 45
60 26 45
60 26 45
60 26 45
60 26 45
60 26 45
60 26 45
60 26 45
60 26 45
60 26 45
60 26 45
60 26 45
60 26 45
60 26 45
60 26 45
60 26 45
60 26 45
60 26 45
60 26 45
60 26 45
71 39 43
71 39 43
71 39 43
71 39 43
71 39 43
71 39 43
71 39 43
71 39 43
71 39 43
71 39 43
71 39 43
71 39 43
71 39 43
71 39 43
71 39 43
71 39 43
71 39 43
71 39 43
71 39 43
71 39 43
71 39 43
71 39 43
71 39 43
71 39 43
71 39 43
71 39 43
71 39 43
71 39 43
71 39 43
71 39 43
71 39 43
71 39 43
71 39 43
71 39 43
71 39 43
71 39 43
71 39 43
71 39 43
71 39 43
71 39 43
99 64 71
99 64 71
99 64 71
99 64 71
99 64 71
99 64 71
99 64 71
99 64 71
99 64 71
99 64 71
99 64 71
99 64 71
99 64 71
99 64 71
99 64 71
99 64 71
99 64 71
99 64 71
99 64 71
99 64 71
99 64 71
99 64 71
99 64 71
99 64 71
99 64 71
99 64 71
99 64 71
99 64 71
99 64 71
99 64 71
99 64 71
99 64 71
99 64 71
99 64 71
99 64 71
99 64 71
99 64 71
99 64 71
99 64 71
99 64 71
99 64 71
99 64 71
99 64 71
99 64 71
99 64 71
99 64 71
99 64 71
99 64 71
99 64 71
99 64 71
