138 587 233 220
49 21 25
49 21 25
49 21 25
49 21 25
49 21 25
49 21 25
49 21 25
49 21 25
49 21 25
49 21 25
49 21 25
49 21 25
49 21 25
49 21 25
49 21 25
49 21 25
49 21 25
49 21 25
49 21 25
49 21 25
49 21 25
49 21 25
49 21 25
49 21 25
49 21 25
49 21 25
49 21 25
49 21 25
49 21 25
49 21 25
49 21 25
49 21 25
49 21 25
49 21 25
49 21 25
49 21 25
49 21 25
49 21 25
49 21 25
49 21 25
49 21 25
60 41 51
60 41 51
60 41 51
60 41 51
60 41 51
60 41 51
60 41 51
60 41 51
60 41 51
60 41 51
60 41 51
60 41 51
60 41 51
60 41 51
60 41 51
60 41 51
60 41 51
60 41 51
60 41 51
60 41 51
60 41 51
60 41 51
60 41 51
60 41 51
60 41 51
60 41 51
60 41 51
60 41 51
60 41 51
60 41 51
60 41 51
60 41 51
60 41 51
60 41 51
60 41 51
60 41 51
60 41 51
60 41 51
60 41 51
60 41 51
60 41 51
60 41 51
60 41 51
60 41 51
60 41 51
60 41 51
60 41 51
60 41 51
60 41 51
60 41 51
60 41 51
60 41 51
60 41 51
103 64 76
103 64 76
103 64 76
103 64 76
103 64 76
103 64 76
103 64 76
103 64 76
103 64 76
103 64 76
103 64 76
103 64 76
103 64 76
103 64 76
103 64 76
103 64 76
103 64 76
103 64 76
103 64 76
103 64 76
103 64 76
103 64 76
103 64 76
103 64 76
103 64 76
103 64 76
103 64 76
103 64 76
103 64 76
103 64 76
103 64 76
103 64 76
103 64 76
103 64 76
103 64 76
103 64 76
103 64 76
103 64 76
103 64 76
103 64 76
103 64 76
103 64 76
103 64 76
103 64 76
