88 587 233 220
97 66 77
97 66 77
97 66 77
97 66 77
97 66 77
97 66 77
97 66 77
97 66 77
97 66 77
97 66 77
97 66 77
97 66 77
97 66 77
97 66 77
97 66 77
97 66 77
97 66 77
97 66 77
97 66 77
97 66 77
97 66 77
97 66 77
97 66 77
97 66 77
97 66 77
97 66 77
97 66 77
97 66 77
81 69 69
81 69 69
81 69 69
81 69 69
81 69 69
81 69 69
81 69 69
81 69 69
81 69 69
81 69 69
81 69 69
81 69 69
81 69 69
81 69 69
81 69 69
81 69 69
81 69 69
81 69 69
81 69 69
81 69 69
81 69 69
81 69 69
81 69 69
81 69 69
81 69 69
81 69 69
81 69 69
81 69 69
81 69 69
81 69 69
81 69 69
81 69 69
109 24 53
109 24 53
109 24 53
109 24 53
109 24 53
109 24 53
109 24 53
109 24 53
109 24 53
109 24 53
109 24 53
109 24 53
109 24 53
109 24 53
109 24 53
109 24 53
109 24 53
109 24 53
109 24 53
109 24 53
109 24 53
109 24 53
109 24 53
109 24 53
109 24 53
109 24 53
109 24 53
109 24 53
