79 587 233 220
109 72 93
109 72 93
109 72 93
109 72 93
109 72 93
109 72 93
109 72 93
109 72 93
109 72 93
109 72 93
109 72 93
109 72 93
109 72 93
109 72 93
109 72 93
109 72 93
109 72 93
109 72 93
109 72 93
109 72 93
109 72 93
109 72 93
109 72 93
109 72 93
109 72 93
109 72 93
109 72 93
95 32 67
95 32 67
95 32 67
95 32 67
95 32 67
95 32 67
95 32 67
95 32 67
95 32 67
95 32 67
95 32 67
95 32 67
95 32 67
95 32 67
95 32 67
95 32 67
95 32 67
95 32 67
95 32 67
95 32 67
95 32 67
95 32 67
95 32 67
95 32 67
95 32 67
95 32 67
119 36 45
119 36 45
119 36 45
119 36 45
119 36 45
119 36 45
119 36 45
119 36 45
119 36 45
119 36 45
119 36 45
119 36 45
119 36 45
119 36 45
119 36 45
119 36 45
119 36 45
119 36 45
119 36 45
119 36 45
119 36 45
119 36 45
119 36 45
119 36 45
119 36 45
119 36 45
