116 587 233 220
89 50 78
89 50 78
89 50 78
89 50 78
89 50 78
89 50 78
89 50 78
89 50 78
89 50 78
89 50 78
89 50 78
89 50 78
89 50 78
89 50 78
89 50 78
89 50 78
89 50 78
89 50 78
89 50 78
89 50 78
89 50 78
89 50 78
89 50 78
89 50 78
89 50 78
89 50 78
89 50 78
89 50 78
89 50 78
73 46 65
73 46 65
73 46 65
73 46 65
73 46 65
73 46 65
73 46 65
73 46 65
73 46 65
73 46 65
73 46 65
73 46 65
73 46 65
73 46 65
73 46 65
73 46 65
73 46 65
73 46 65
73 46 65
73 46 65
73 46 65
73 46 65
73 46 65
73 46 65
73 46 65
73 46 65
73 46 65
73 46 65
73 46 65
73 46 65
73 46 65
73 46 65
73 46 65
73 46 65
73 46 65
73 46 65
73 46 65
73 46 65
73 46 65
73 46 65
73 46 65
73 46 65
73 46 65
73 46 65
73 46 65
73 46 65
73 46 65
73 46 65
73 46 65
73 46 65
73 46 65
94 39 66
94 39 66
94 39 66
94 39 66
94 39 66
94 39 66
94 39 66
94 39 66
94 39 66
94 39 66
94 39 66
94 39 66
94 39 66
94 39 66
94 39 66
94 39 66
94 39 66
94 39 66
94 39 66
94 39 66
94 39 66
94 39 66
94 39 66
94 39 66
94 39 66
94 39 66
94 39 66
94 39 66
94 39 66
94 39 66
94 39 66
94 39 66
94 39 66
94 39 66
94 39 66
94 39 66
