128 587 233 220
84 23 81
84 23 81
84 23 81
84 23 81
84 23 81
84 23 81
84 23 81
84 23 81
84 23 81
84 23 81
84 23 81
84 23 81
84 23 81
84 23 81
84 23 81
84 23 81
84 23 81
84 23 81
84 23 81
84 23 81
84 23 81
84 23 81
84 23 81
84 23 81
84 23 81
84 23 81
84 23 81
84 23 81
84 23 81
84 23 81
84 23 81
84 23 81
84 23 81
84 23 81
84 23 81
84 23 81
84 23 81
84 23 81
84 23 81
84 23 81
84 23 81
84 23 81
84 23 81
84 23 81
84 23 81
84 23 81
84 23 81
84 23 81
84 23 81
84 23 81
115 64 72
115 64 72
115 64 72
115 64 72
115 64 72
115 64 72
115 64 72
115 64 72
115 64 72
115 64 72
115 64 72
115 64 72
115 64 72
115 64 72
115 64 72
115 64 72
115 64 72
115 64 72
115 64 72
115 64 72
115 64 72
115 64 72
115 64 72
115 64 72
115 64 72
115 64 72
115 64 72
115 64 72
115 64 72
115 64 72
115 64 72
115 64 72
115 64 72
115 64 72
77 25 49
77 25 49
77 25 49
77 25 49
77 25 49
77 25 49
77 25 49
77 25 49
77 25 49
77 25 49
77 25 49
77 25 49
77 25 49
77 25 49
77 25 49
77 25 49
77 25 49
77 25 49
77 25 49
77 25 49
77 25 49
77 25 49
77 25 49
77 25 49
77 25 49
77 25 49
77 25 49
77 25 49
77 25 49
77 25 49
77 25 49
77 25 49
77 25 49
77 25 49
77 25 49
77 25 49
77 25 49
77 25 49
77 25 49
77 25 49
77 25 49
77 25 49
77 25 49
77 25 49
