114 587 233 220
113 29 80
113 29 80
113 29 80
113 29 80
113 29 80
113 29 80
113 29 80
113 29 80
113 29 80
113 29 80
113 29 80
113 29 80
113 29 80
113 29 80
113 29 80
113 29 80
113 29 80
113 29 80
113 29 80
113 29 80
113 29 80
113 29 80
113 29 80
113 29 80
113 29 80
113 29 80
113 29 80
113 29 80
113 29 80
113 29 80
113 29 80
113 29 80
113 29 80
113 29 80
113 29 80
98 62 65
98 62 65
98 62 65
98 62 65
98 62 65
98 62 65
98 62 65
98 62 65
98 62 65
98 62 65
98 62 65
98 62 65
98 62 65
98 62 65
98 62 65
98 62 65
98 62 65
98 62 65
98 62 65
98 62 65
98 62 65
98 62 65
98 62 65
98 62 65
98 62 65
98 62 65
98 62 65
98 62 65
98 62 65
98 62 65
98 62 65
98 62 65
98 62 65
98 62 65
60 46 59
60 46 59
60 46 59
60 46 59
60 46 59
60 46 59
60 46 59
60 46 59
60 46 59
60 46 59
60 46 59
60 46 59
60 46 59
60 46 59
60 46 59
60 46 59
60 46 59
60 46 59
60 46 59
60 46 59
60 46 59
60 46 59
60 46 59
60 46 59
60 46 59
60 46 59
60 46 59
60 46 59
60 46 59
60 46 59
60 46 59
60 46 59
60 46 59
60 46 59
60 46 59
60 46 59
60 46 59
60 46 59
60 46 59
60 46 59
60 46 59
60 46 59
60 46 59
60 46 59
60 46 59
