139 587 233 220
75 35 54
75 35 54
75 35 54
75 35 54
75 35 54
75 35 54
75 35 54
75 35 54
75 35 54
75 35 54
75 35 54
75 35 54
75 35 54
75 35 54
75 35 54
75 35 54
75 35 54
75 35 54
75 35 54
75 35 54
75 35 54
75 35 54
75 35 54
75 35 54
75 35 54
75 35 54
75 35 54
75 35 54
75 35 54
75 35 54
75 35 54
75 35 54
75 35 54
75 35 54
75 35 54
75 35 54
75 35 54
75 35 54
75 35 54
75 35 54
75 35 54
75 35 54
75 35 54
75 35 54
75 35 54
75 35 54
75 35 54
107 49 60
107 49 60
107 49 60
107 49 60
107 49 60
107 49 60
107 49 60
107 49 60
107 49 60
107 49 60
107 49 60
107 49 60
107 49 60
107 49 60
107 49 60
107 49 60
107 49 60
107 49 60
107 49 60
107 49 60
107 49 60
107 49 60
107 49 60
107 49 60
107 49 60
107 49 60
107 49 60
107 49 60
107 49 60
107 49 60
107 49 60
107 49 60
107 49 60
107 49 60
107 49 60
107 49 60
107 49 60
107 49 60
107 49 60
107 49 60
107 49 60
107 49 60
107 49 60
107 49 60
107 49 60
70 42 67
70 42 67
70 42 67
70 42 67
70 42 67
70 42 67
70 42 67
70 42 67
70 42 67
70 42 67
70 42 67
70 42 67
70 42 67
70 42 67
70 42 67
70 42 67
70 42 67
70 42 67
70 42 67
70 42 67
70 42 67
70 42 67
70 42 67
70 42 67
70 42 67
70 42 67
70 42 67
70 42 67
70 42 67
70 42 67
70 42 67
70 42 67
70 42 67
70 42 67
70 42 67
70 42 67
70 42 67
70 42 67
70 42 67
70 42 67
70 42 67
70 42 67
70 42 67
70 42 67
70 42 67
70 42 67
70 42 67
