124 587 233 220
86 41 71
86 41 71
86 41 71
86 41 71
86 41 71
86 41 71
86 41 71
86 41 71
86 41 71
86 41 71
86 41 71
86 41 71
86 41 71
86 41 71
86 41 71
86 41 71
86 41 71
86 41 71
86 41 71
86 41 71
86 41 71
86 41 71
86 41 71
86 41 71
86 41 71
86 41 71
86 41 71
86 41 71
86 41 71
86 41 71
86 41 71
86 41 71
86 41 71
86 41 71
86 41 71
86 41 71
86 41 71
86 41 71
86 41 71
86 41 71
86 41 71
86 41 71
86 41 71
86 41 71
86 41 71
86 41 71
75 58 58
75 58 58
75 58 58
75 58 58
75 58 58
75 58 58
75 58 58
75 58 58
75 58 58
75 58 58
75 58 58
75 58 58
75 58 58
75 58 58
75 58 58
75 58 58
75 58 58
75 58 58
75 58 58
75 58 58
75 58 58
75 58 58
75 58 58
75 58 58
75 58 58
75 58 58
75 58 58
75 58 58
75 58 58
75 58 58
75 58 58
75 58 58
75 58 58
75 58 58
75 58 58
75 58 58
75 58 58
75 58 58
75 58 58
75 58 58
75 58 58
100 27 81
100 27 81
100 27 81
100 27 81
100 27 81
100 27 81
100 27 81
100 27 81
100 27 81
100 27 81
100 27 81
100 27 81
100 27 81
100 27 81
100 27 81
100 27 81
100 27 81
100 27 81
100 27 81
100 27 81
100 27 81
100 27 81
100 27 81
100 27 81
100 27 81
100 27 81
100 27 81
100 27 81
100 27 81
100 27 81
100 27 81
100 27 81
100 27 81
100 27 81
100 27 81
100 27 81
100 27 81
