103 587 233 220
118 47 66
118 47 66
118 47 66
118 47 66
118 47 66
118 47 66
118 47 66
118 47 66
118 47 66
118 47 66
118 47 66
118 47 66
118 47 66
118 47 66
118 47 66
118 47 66
118 47 66
118 47 66
118 47 66
118 47 66
118 47 66
118 47 66
118 47 66
118 47 66
118 47 66
118 47 66
118 47 66
118 47 66
118 47 66
118 47 66
118 47 66
118 47 66
118 47 66
118 47 66
118 47 66
118 47 66
118 47 66
118 47 66
118 47 66
99 25 56
99 25 56
99 25 56
99 25 56
99 25 56
99 25 56
99 25 56
99 25 56
99 25 56
99 25 56
99 25 56
99 25 56
99 25 56
99 25 56
99 25 56
99 25 56
99 25 56
99 25 56
99 25 56
99 25 56
99 25 56
99 25 56
99 25 56
99 25 56
99 25 56
99 25 56
99 25 56
99 25 56
99 25 56
99 25 56
99 25 56
99 25 56
99 25 56
99 25 56
91 48 83
91 48 83
91 48 83
91 48 83
91 48 83
91 48 83
91 48 83
91 48 83
91 48 83
91 48 83
91 48 83
91 48 83
91 48 83
91 48 83
91 48 83
91 48 83
91 48 83
91 48 83
91 48 83
91 48 83
91 48 83
91 48 83
91 48 83
91 48 83
91 48 83
91 48 83
91 48 83
91 48 83
91 48 83
91 48 83
