127 587 233 220
97 27 81
97 27 81
97 27 81
97 27 81
97 27 81
97 27 81
97 27 81
97 27 81
97 27 81
97 27 81
97 27 81
97 27 81
97 27 81
97 27 81
97 27 81
97 27 81
97 27 81
97 27 81
97 27 81
97 27 81
97 27 81
97 27 81
97 27 81
97 27 81
97 27 81
97 27 81
97 27 81
97 27 81
97 27 81
97 27 81
97 27 81
97 27 81
97 27 81
97 27 81
97 27 81
97 27 81
97 27 81
97 27 81
97 27 81
97 27 81
97 27 81
102 39 78
102 39 78
102 39 78
102 39 78
102 39 78
102 39 78
102 39 78
102 39 78
102 39 78
102 39 78
102 39 78
102 39 78
102 39 78
102 39 78
102 39 78
102 39 78
102 39 78
102 39 78
102 39 78
102 39 78
102 39 78
102 39 78
102 39 78
102 39 78
102 39 78
102 39 78
102 39 78
102 39 78
102 39 78
102 39 78
102 39 78
102 39 78
102 39 78
102 39 78
102 39 78
102 39 78
102 39 78
102 39 78
102 39 78
102 39 78
102 39 78
102 39 78
113 36 46
113 36 46
113 36 46
113 36 46
113 36 46
113 36 46
113 36 46
113 36 46
113 36 46
113 36 46
113 36 46
113 36 46
113 36 46
113 36 46
113 36 46
113 36 46
113 36 46
113 36 46
113 36 46
113 36 46
113 36 46
113 36 46
113 36 46
113 36 46
113 36 46
113 36 46
113 36 46
113 36 46
113 36 46
113 36 46
113 36 46
113 36 46
113 36 46
113 36 46
113 36 46
113 36 46
113 36 46
113 36 46
113 36 46
113 36 46
113 36 46
113 36 46
113 36 46
113 36 46
