150 587 233 220
100 31 33
100 31 33
100 31 33
100 31 33
100 31 33
100 31 33
100 31 33
100 31 33
100 31 33
100 31 33
100 31 33
100 31 33
100 31 33
100 31 33
100 31 33
100 31 33
100 31 33
100 31 33
100 31 33
100 31 33
100 31 33
100 31 33
100 31 33
100 31 33
100 31 33
100 31 33
100 31 33
100 31 33
100 31 33
100 31 33
100 31 33
100 31 33
100 31 33
100 31 33
100 31 33
100 31 33
100 31 33
100 31 33
100 31 33
100 31 33
100 31 33
100 31 33
100 31 33
100 31 33
100 31 33
100 31 33
84 42 68
84 42 68
84 42 68
84 42 68
84 42 68
84 42 68
84 42 68
84 42 68
84 42 68
84 42 68
84 42 68
84 42 68
84 42 68
84 42 68
84 42 68
84 42 68
84 42 68
84 42 68
84 42 68
84 42 68
84 42 68
84 42 68
84 42 68
84 42 68
84 42 68
84 42 68
84 42 68
84 42 68
84 42 68
84 42 68
84 42 68
84 42 68
84 42 68
84 42 68
84 42 68
84 42 68
84 42 68
84 42 68
84 42 68
84 42 68
84 42 68
84 42 68
84 42 68
84 42 68
84 42 68
84 42 68
84 42 68
84 42 68
84 42 68
84 42 68
84 42 68
84 42 68
84 42 68
84 42 68
84 42 68
84 42 68
84 42 68
84 42 68
95 31 84
95 31 84
95 31 84
95 31 84
95 31 84
95 31 84
95 31 84
95 31 84
95 31 84
95 31 84
95 31 84
95 31 84
95 31 84
95 31 84
95 31 84
95 31 84
95 31 84
95 31 84
95 31 84
95 31 84
95 31 84
95 31 84
95 31 84
95 31 84
95 31 84
95 31 84
95 31 84
95 31 84
95 31 84
95 31 84
95 31 84
95 31 84
95 31 84
95 31 84
95 31 84
95 31 84
95 31 84
95 31 84
95 31 84
95 31 84
95 31 84
95 31 84
95 31 84
95 31 84
95 31 84
95 31 84
