172 587 233 220
41 26 39
41 26 39
41 26 39
41 26 39
41 26 39
41 26 39
41 26 39
41 26 39
41 26 39
41 26 39
41 26 39
41 26 39
41 26 39
41 26 39
41 26 39
41 26 39
41 26 39
41 26 39
41 26 39
41 26 39
41 26 39
41 26 39
41 26 39
41 26 39
41 26 39
41 26 39
41 26 39
41 26 39
41 26 39
41 26 39
41 26 39
41 26 39
41 26 39
41 26 39
41 26 39
41 26 39
41 26 39
41 26 39
41 26 39
41 26 39
41 26 39
41 26 39
41 26 39
41 26 39
41 26 39
41 26 39
41 26 39
41 26 39
41 26 39
41 26 39
41 26 39
41 26 39
41 26 39
41 26 39
41 26 39
41 26 39
41 26 39
110 34 40
110 34 40
110 34 40
110 34 40
110 34 40
110 34 40
110 34 40
110 34 40
110 34 40
110 34 40
110 34 40
110 34 40
110 34 40
110 34 40
110 34 40
110 34 40
110 34 40
110 34 40
110 34 40
110 34 40
110 34 40
110 34 40
110 34 40
110 34 40
110 34 40
110 34 40
110 34 40
110 34 40
110 34 40
110 34 40
110 34 40
110 34 40
110 34 40
110 34 40
110 34 40
110 34 40
110 34 40
110 34 40
110 34 40
110 34 40
110 34 40
110 34 40
110 34 40
110 34 40
110 34 40
110 34 40
110 34 40
110 34 40
110 34 40
110 34 40
110 34 40
110 34 40
110 34 40
110 34 40
110 34 40
110 34 40
110 34 40
110 34 40
110 34 40
110 34 40
110 34 40
110 34 40
110 34 40
110 34 40
110 34 40
110 34 40
110 34 40
110 34 40
110 34 40
110 34 40
94 52 77
94 52 77
94 52 77
94 52 77
94 52 77
94 52 77
94 52 77
94 52 77
94 52 77
94 52 77
94 52 77
94 52 77
94 52 77
94 52 77
94 52 77
94 52 77
94 52 77
94 52 77
94 52 77
94 52 77
94 52 77
94 52 77
94 52 77
94 52 77
94 52 77
94 52 77
94 52 77
94 52 77
94 52 77
94 52 77
94 52 77
94 52 77
94 52 77
94 52 77
94 52 77
94 52 77
94 52 77
94 52 77
94 52 77
94 52 77
94 52 77
94 52 77
94 52 77
94 52 77
94 52 77
