99 587 233 220
98 44 73
98 44 73
98 44 73
98 44 73
98 44 73
98 44 73
98 44 73
98 44 73
98 44 73
98 44 73
98 44 73
98 44 73
98 44 73
98 44 73
98 44 73
98 44 73
98 44 73
98 44 73
98 44 73
98 44 73
98 44 73
98 44 73
98 44 73
98 44 73
98 44 73
60 38 60
60 38 60
60 38 60
60 38 60
60 38 60
60 38 60
60 38 60
60 38 60
60 38 60
60 38 60
60 38 60
60 38 60
60 38 60
60 38 60
60 38 60
60 38 60
60 38 60
60 38 60
60 38 60
60 38 60
60 38 60
60 38 60
60 38 60
60 38 60
60 38 60
60 38 60
60 38 60
60 38 60
60 38 60
60 38 60
60 38 60
60 38 60
60 38 60
60 38 60
60 38 60
60 38 60
60 38 60
105 60 73
105 60 73
105 60 73
105 60 73
105 60 73
105 60 73
105 60 73
105 60 73
105 60 73
105 60 73
105 60 73
105 60 73
105 60 73
105 60 73
105 60 73
105 60 73
105 60 73
105 60 73
105 60 73
105 60 73
105 60 73
105 60 73
105 60 73
105 60 73
105 60 73
105 60 73
105 60 73
105 60 73
105 60 73
105 60 73
105 60 73
105 60 73
105 60 73
105 60 73
105 60 73
105 60 73
105 60 73
