93 587 233 220
104 50 94
104 50 94
104 50 94
104 50 94
104 50 94
104 50 94
104 50 94
104 50 94
104 50 94
104 50 94
104 50 94
104 50 94
104 50 94
104 50 94
104 50 94
104 50 94
104 50 94
104 50 94
104 50 94
104 50 94
104 50 94
104 50 94
104 50 94
104 50 94
104 50 94
104 50 94
104 50 94
104 50 94
104 50 94
104 50 94
104 50 94
104 50 94
104 50 94
104 50 94
102 36 87
102 36 87
102 36 87
102 36 87
102 36 87
102 36 87
102 36 87
102 36 87
102 36 87
102 36 87
102 36 87
102 36 87
102 36 87
102 36 87
102 36 87
102 36 87
102 36 87
102 36 87
102 36 87
102 36 87
102 36 87
102 36 87
102 36 87
102 36 87
102 36 87
115 33 42
115 33 42
115 33 42
115 33 42
115 33 42
115 33 42
115 33 42
115 33 42
115 33 42
115 33 42
115 33 42
115 33 42
115 33 42
115 33 42
115 33 42
115 33 42
115 33 42
115 33 42
115 33 42
115 33 42
115 33 42
115 33 42
115 33 42
115 33 42
115 33 42
115 33 42
115 33 42
115 33 42
115 33 42
115 33 42
115 33 42
115 33 42
115 33 42
115 33 42
