243 587 233 220
89 45 56
89 45 56
89 45 56
89 45 56
89 45 56
89 45 56
89 45 56
89 45 56
89 45 56
89 45 56
89 45 56
89 45 56
89 45 56
89 45 56
89 45 56
89 45 56
89 45 56
89 45 56
89 45 56
89 45 56
89 45 56
89 45 56
89 45 56
89 45 56
89 45 56
89 45 56
89 45 56
89 45 56
89 45 56
89 45 56
89 45 56
89 45 56
89 45 56
89 45 56
89 45 56
89 45 56
89 45 56
89 45 56
89 45 56
89 45 56
89 45 56
89 45 56
89 45 56
89 45 56
89 45 56
89 45 56
89 45 56
89 45 56
89 45 56
89 45 56
89 45 56
89 45 56
89 45 56
89 45 56
89 45 56
89 45 56
89 45 56
89 45 56
89 45 56
89 45 56
89 45 56
89 45 56
89 45 56
89 45 56
89 45 56
89 45 56
89 45 56
89 45 56
89 45 56
89 45 56
89 45 56
89 45 56
89 45 56
89 45 56
89 45 56
89 45 56
89 45 56
89 45 56
89 45 56
89 45 56
89 45 56
89 45 56
89 45 56
89 45 56
89 45 56
89 45 56
89 45 56
89 45 56
89 45 56
89 45 56
89 45 56
89 45 56
89 45 56
89 45 56
89 45 56
89 45 56
89 45 56
53 34 37
53 34 37
53 34 37
53 34 37
53 34 37
53 34 37
53 34 37
53 34 37
53 34 37
53 34 37
53 34 37
53 34 37
53 34 37
53 34 37
53 34 37
53 34 37
53 34 37
53 34 37
53 34 37
53 34 37
53 34 37
53 34 37
53 34 37
53 34 37
53 34 37
53 34 37
53 34 37
53 34 37
53 34 37
53 34 37
53 34 37
53 34 37
53 34 37
53 34 37
53 34 37
53 34 37
53 34 37
53 34 37
53 34 37
53 34 37
53 34 37
53 34 37
53 34 37
53 34 37
53 34 37
53 34 37
53 34 37
53 34 37
53 34 37
53 34 37
53 34 37
53 34 37
53 34 37
53 34 37
53 34 37
53 34 37
53 34 37
53 34 37
53 34 37
53 34 37
53 34 37
53 34 37
53 34 37
53 34 37
53 34 37
53 34 37
53 34 37
53 34 37
53 34 37
54 25 35
54 25 35
54 25 35
54 25 35
54 25 35
54 25 35
54 25 35
54 25 35
54 25 35
54 25 35
54 25 35
54 25 35
54 25 35
54 25 35
54 25 35
54 25 35
54 25 35
54 25 35
54 25 35
54 25 35
54 25 35
54 25 35
54 25 35
54 25 35
54 25 35
54 25 35
54 25 35
54 25 35
54 25 35
54 25 35
54 25 35
54 25 35
54 25 35
54 25 35
54 25 35
54 25 35
54 25 35
54 25 35
54 25 35
54 25 35
54 25 35
54 25 35
54 25 35
54 25 35
54 25 35
54 25 35
54 25 35
54 25 35
54 25 35
54 25 35
54 25 35
54 25 35
54 25 35
54 25 35
54 25 35
54 25 35
54 25 35
54 25 35
54 25 35
54 25 35
54 25 35
54 25 35
54 25 35
54 25 35
54 25 35
54 25 35
54 25 35
54 25 35
54 25 35
54 25 35
54 25 35
54 25 35
54 25 35
54 25 35
54 25 35
54 25 35
54 25 35
