197 587 233 220
113 33 92
113 33 92
113 33 92
113 33 92
113 33 92
113 33 92
113 33 92
113 33 92
113 33 92
113 33 92
113 33 92
113 33 92
113 33 92
113 33 92
113 33 92
113 33 92
113 33 92
113 33 92
113 33 92
113 33 92
113 33 92
113 33 92
113 33 92
113 33 92
113 33 92
113 33 92
113 33 92
113 33 92
113 33 92
113 33 92
113 33 92
113 33 92
113 33 92
113 33 92
113 33 92
113 33 92
113 33 92
113 33 92
113 33 92
113 33 92
113 33 92
113 33 92
113 33 92
113 33 92
113 33 92
113 33 92
113 33 92
113 33 92
113 33 92
113 33 92
113 33 92
113 33 92
113 33 92
113 33 92
113 33 92
113 33 92
113 33 92
113 33 92
113 33 92
113 33 92
113 33 92
113 33 92
113 33 92
113 33 92
113 33 92
113 33 92
113 33 92
52 28 37
52 28 37
52 28 37
52 28 37
52 28 37
52 28 37
52 28 37
52 28 37
52 28 37
52 28 37
52 28 37
52 28 37
52 28 37
52 28 37
52 28 37
52 28 37
52 28 37
52 28 37
52 28 37
52 28 37
52 28 37
52 28 37
52 28 37
52 28 37
52 28 37
52 28 37
52 28 37
52 28 37
52 28 37
52 28 37
52 28 37
52 28 37
52 28 37
52 28 37
52 28 37
52 28 37
52 28 37
52 28 37
52 28 37
52 28 37
52 28 37
52 28 37
52 28 37
52 28 37
52 28 37
52 28 37
52 28 37
52 28 37
52 28 37
52 28 37
52 28 37
52 28 37
52 28 37
52 28 37
52 28 37
52 28 37
52 28 37
52 28 37
52 28 37
52 28 37
57 29 33
57 29 33
57 29 33
57 29 33
57 29 33
57 29 33
57 29 33
57 29 33
57 29 33
57 29 33
57 29 33
57 29 33
57 29 33
57 29 33
57 29 33
57 29 33
57 29 33
57 29 33
57 29 33
57 29 33
57 29 33
57 29 33
57 29 33
57 29 33
57 29 33
57 29 33
57 29 33
57 29 33
57 29 33
57 29 33
57 29 33
57 29 33
57 29 33
57 29 33
57 29 33
57 29 33
57 29 33
57 29 33
57 29 33
57 29 33
57 29 33
57 29 33
57 29 33
57 29 33
57 29 33
57 29 33
57 29 33
57 29 33
57 29 33
57 29 33
57 29 33
57 29 33
57 29 33
57 29 33
57 29 33
57 29 33
57 29 33
57 29 33
57 29 33
57 29 33
57 29 33
57 29 33
57 29 33
57 29 33
57 29 33
57 29 33
57 29 33
57 29 33
57 29 33
57 29 33
