107 587 233 220
85 62 77
85 62 77
85 62 77
85 62 77
85 62 77
85 62 77
85 62 77
85 62 77
85 62 77
85 62 77
85 62 77
85 62 77
85 62 77
85 62 77
85 62 77
85 62 77
85 62 77
85 62 77
85 62 77
85 62 77
85 62 77
85 62 77
85 62 77
85 62 77
85 62 77
85 62 77
85 62 77
85 62 77
94 32 63
94 32 63
94 32 63
94 32 63
94 32 63
94 32 63
94 32 63
94 32 63
94 32 63
94 32 63
94 32 63
94 32 63
94 32 63
94 32 63
94 32 63
94 32 63
94 32 63
94 32 63
94 32 63
94 32 63
94 32 63
94 32 63
94 32 63
94 32 63
94 32 63
94 32 63
94 32 63
94 32 63
94 32 63
94 32 63
94 32 63
94 32 63
94 32 63
94 32 63
94 32 63
94 32 63
94 32 63
94 32 63
94 32 63
83 45 75
83 45 75
83 45 75
83 45 75
83 45 75
83 45 75
83 45 75
83 45 75
83 45 75
83 45 75
83 45 75
83 45 75
83 45 75
83 45 75
83 45 75
83 45 75
83 45 75
83 45 75
83 45 75
83 45 75
83 45 75
83 45 75
83 45 75
83 45 75
83 45 75
83 45 75
83 45 75
83 45 75
83 45 75
83 45 75
83 45 75
83 45 75
83 45 75
83 45 75
83 45 75
83 45 75
83 45 75
83 45 75
83 45 75
83 45 75
