109 587 233 220
109 68 80
109 68 80
109 68 80
109 68 80
109 68 80
109 68 80
109 68 80
109 68 80
109 68 80
109 68 80
109 68 80
109 68 80
109 68 80
109 68 80
109 68 80
109 68 80
109 68 80
109 68 80
109 68 80
109 68 80
109 68 80
109 68 80
109 68 80
109 68 80
109 68 80
109 68 80
109 68 80
109 68 80
109 68 80
109 68 80
109 68 80
109 68 80
109 68 80
109 68 80
109 68 80
90 31 45
90 31 45
90 31 45
90 31 45
90 31 45
90 31 45
90 31 45
90 31 45
90 31 45
90 31 45
90 31 45
90 31 45
90 31 45
90 31 45
90 31 45
90 31 45
90 31 45
90 31 45
90 31 45
90 31 45
90 31 45
90 31 45
90 31 45
90 31 45
90 31 45
90 31 45
90 31 45
90 31 45
90 31 45
90 31 45
90 31 45
90 31 45
90 31 45
90 31 45
90 31 45
90 31 45
90 31 45
66 34 56
66 34 56
66 34 56
66 34 56
66 34 56
66 34 56
66 34 56
66 34 56
66 34 56
66 34 56
66 34 56
66 34 56
66 34 56
66 34 56
66 34 56
66 34 56
66 34 56
66 34 56
66 34 56
66 34 56
66 34 56
66 34 56
66 34 56
66 34 56
66 34 56
66 34 56
66 34 56
66 34 56
66 34 56
66 34 56
66 34 56
66 34 56
66 34 56
66 34 56
66 34 56
66 34 56
66 34 56
