142 587 233 220
114 25 67
114 25 67
114 25 67
114 25 67
114 25 67
114 25 67
114 25 67
114 25 67
114 25 67
114 25 67
114 25 67
114 25 67
114 25 67
114 25 67
114 25 67
114 25 67
114 25 67
114 25 67
114 25 67
114 25 67
114 25 67
114 25 67
114 25 67
114 25 67
114 25 67
114 25 67
114 25 67
114 25 67
114 25 67
114 25 67
114 25 67
114 25 67
114 25 67
114 25 67
114 25 67
114 25 67
114 25 67
114 25 67
114 25 67
114 25 67
114 25 67
114 25 67
114 25 67
114 25 67
114 25 67
114 25 67
114 25 67
114 25 67
114 25 67
114 25 67
114 25 67
114 25 67
114 25 67
114 25 67
114 25 67
114 25 67
114 25 67
114 25 67
114 25 67
114 25 67
114 25 67
92 25 79
92 25 79
92 25 79
92 25 79
92 25 79
92 25 79
92 25 79
92 25 79
92 25 79
92 25 79
92 25 79
92 25 79
92 25 79
92 25 79
92 25 79
92 25 79
92 25 79
92 25 79
92 25 79
92 25 79
92 25 79
92 25 79
92 25 79
92 25 79
92 25 79
92 25 79
92 25 79
92 25 79
92 25 79
92 25 79
92 25 79
92 25 79
92 25 79
92 25 79
92 25 79
92 25 79
92 25 79
92 25 79
92 25 79
92 25 79
92 25 79
92 25 79
92 25 79
92 25 79
89 36 87
89 36 87
89 36 87
89 36 87
89 36 87
89 36 87
89 36 87
89 36 87
89 36 87
89 36 87
89 36 87
89 36 87
89 36 87
89 36 87
89 36 87
89 36 87
89 36 87
89 36 87
89 36 87
89 36 87
89 36 87
89 36 87
89 36 87
89 36 87
89 36 87
89 36 87
89 36 87
89 36 87
89 36 87
89 36 87
89 36 87
89 36 87
89 36 87
89 36 87
89 36 87
89 36 87
89 36 87
