140 587 233 220
63 31 55
63 31 55
63 31 55
63 31 55
63 31 55
63 31 55
63 31 55
63 31 55
63 31 55
63 31 55
63 31 55
63 31 55
63 31 55
63 31 55
63 31 55
63 31 55
63 31 55
63 31 55
63 31 55
63 31 55
63 31 55
63 31 55
63 31 55
63 31 55
63 31 55
63 31 55
63 31 55
63 31 55
63 31 55
63 31 55
63 31 55
63 31 55
63 31 55
63 31 55
63 31 55
63 31 55
63 31 55
63 31 55
63 31 55
63 31 55
63 31 55
63 31 55
63 31 55
63 31 55
63 31 55
63 31 55
63 31 55
63 31 55
63 31 55
63 31 55
63 31 55
120 23 43
120 23 43
120 23 43
120 23 43
120 23 43
120 23 43
120 23 43
120 23 43
120 23 43
120 23 43
120 23 43
120 23 43
120 23 43
120 23 43
120 23 43
120 23 43
120 23 43
120 23 43
120 23 43
120 23 43
120 23 43
120 23 43
120 23 43
120 23 43
120 23 43
120 23 43
120 23 43
120 23 43
120 23 43
120 23 43
120 23 43
120 23 43
120 23 43
120 23 43
120 23 43
120 23 43
120 23 43
120 23 43
120 23 43
97 57 72
97 57 72
97 57 72
97 57 72
97 57 72
97 57 72
97 57 72
97 57 72
97 57 72
97 57 72
97 57 72
97 57 72
97 57 72
97 57 72
97 57 72
97 57 72
97 57 72
97 57 72
97 57 72
97 57 72
97 57 72
97 57 72
97 57 72
97 57 72
97 57 72
97 57 72
97 57 72
97 57 72
97 57 72
97 57 72
97 57 72
97 57 72
97 57 72
97 57 72
97 57 72
97 57 72
97 57 72
97 57 72
97 57 72
97 57 72
97 57 72
97 57 72
97 57 72
97 57 72
97 57 72
97 57 72
97 57 72
97 57 72
97 57 72
97 57 72
