116 587 233 220
86 36 58
86 36 58
86 36 58
86 36 58
86 36 58
86 36 58
86 36 58
86 36 58
86 36 58
86 36 58
86 36 58
86 36 58
86 36 58
86 36 58
86 36 58
86 36 58
86 36 58
86 36 58
86 36 58
86 36 58
86 36 58
86 36 58
86 36 58
86 36 58
86 36 58
86 36 58
86 36 58
86 36 58
86 36 58
86 36 58
86 36 58
86 36 58
86 36 58
86 36 58
86 36 58
86 36 58
86 36 58
71 22 69
71 22 69
71 22 69
71 22 69
71 22 69
71 22 69
71 22 69
71 22 69
71 22 69
71 22 69
71 22 69
71 22 69
71 22 69
71 22 69
71 22 69
71 22 69
71 22 69
71 22 69
71 22 69
71 22 69
71 22 69
71 22 69
71 22 69
71 22 69
71 22 69
71 22 69
71 22 69
71 22 69
71 22 69
71 22 69
71 22 69
71 22 69
71 22 69
71 22 69
71 22 69
71 22 69
71 22 69
108 54 78
108 54 78
108 54 78
108 54 78
108 54 78
108 54 78
108 54 78
108 54 78
108 54 78
108 54 78
108 54 78
108 54 78
108 54 78
108 54 78
108 54 78
108 54 78
108 54 78
108 54 78
108 54 78
108 54 78
108 54 78
108 54 78
108 54 78
108 54 78
108 54 78
108 54 78
108 54 78
108 54 78
108 54 78
108 54 78
108 54 78
108 54 78
108 54 78
108 54 78
108 54 78
108 54 78
108 54 78
108 54 78
108 54 78
108 54 78
108 54 78
108 54 78
