137 587 233 220
118 42 54
118 42 54
118 42 54
118 42 54
118 42 54
118 42 54
118 42 54
118 42 54
118 42 54
118 42 54
118 42 54
118 42 54
118 42 54
118 42 54
118 42 54
118 42 54
118 42 54
118 42 54
118 42 54
118 42 54
118 42 54
118 42 54
118 42 54
118 42 54
118 42 54
118 42 54
118 42 54
118 42 54
118 42 54
118 42 54
118 42 54
118 42 54
118 42 54
118 42 54
118 42 54
118 42 54
118 42 54
118 42 54
118 42 54
118 42 54
118 42 54
118 42 54
118 42 54
118 42 54
118 42 54
118 42 54
118 42 54
118 42 54
118 42 54
118 42 54
118 42 54
112 20 95
112 20 95
112 20 95
112 20 95
112 20 95
112 20 95
112 20 95
112 20 95
112 20 95
112 20 95
112 20 95
112 20 95
112 20 95
112 20 95
112 20 95
112 20 95
112 20 95
112 20 95
112 20 95
112 20 95
112 20 95
112 20 95
112 20 95
112 20 95
112 20 95
112 20 95
112 20 95
112 20 95
112 20 95
112 20 95
112 20 95
112 20 95
112 20 95
112 20 95
112 20 95
112 20 95
112 20 95
112 20 95
112 20 95
112 20 95
112 20 95
118 37 38
118 37 38
118 37 38
118 37 38
118 37 38
118 37 38
118 37 38
118 37 38
118 37 38
118 37 38
118 37 38
118 37 38
118 37 38
118 37 38
118 37 38
118 37 38
118 37 38
118 37 38
118 37 38
118 37 38
118 37 38
118 37 38
118 37 38
118 37 38
118 37 38
118 37 38
118 37 38
118 37 38
118 37 38
118 37 38
118 37 38
118 37 38
118 37 38
118 37 38
118 37 38
118 37 38
118 37 38
118 37 38
118 37 38
118 37 38
118 37 38
118 37 38
118 37 38
118 37 38
118 37 38
