153 587 233 220
59 48 49
59 48 49
59 48 49
59 48 49
59 48 49
59 48 49
59 48 49
59 48 49
59 48 49
59 48 49
59 48 49
59 48 49
59 48 49
59 48 49
59 48 49
59 48 49
59 48 49
59 48 49
59 48 49
59 48 49
59 48 49
59 48 49
59 48 49
59 48 49
59 48 49
59 48 49
59 48 49
59 48 49
59 48 49
59 48 49
59 48 49
59 48 49
59 48 49
59 48 49
59 48 49
59 48 49
59 48 49
59 48 49
59 48 49
59 48 49
59 48 49
59 48 49
59 48 49
79 46 63
79 46 63
79 46 63
79 46 63
79 46 63
79 46 63
79 46 63
79 46 63
79 46 63
79 46 63
79 46 63
79 46 63
79 46 63
79 46 63
79 46 63
79 46 63
79 46 63
79 46 63
79 46 63
79 46 63
79 46 63
79 46 63
79 46 63
79 46 63
79 46 63
79 46 63
79 46 63
79 46 63
79 46 63
79 46 63
79 46 63
79 46 63
79 46 63
79 46 63
79 46 63
79 46 63
79 46 63
79 46 63
79 46 63
79 46 63
79 46 63
79 46 63
79 46 63
79 46 63
79 46 63
79 46 63
79 46 63
79 46 63
79 46 63
79 46 63
79 46 63
79 46 63
79 46 63
79 46 63
95 38 58
95 38 58
95 38 58
95 38 58
95 38 58
95 38 58
95 38 58
95 38 58
95 38 58
95 38 58
95 38 58
95 38 58
95 38 58
95 38 58
95 38 58
95 38 58
95 38 58
95 38 58
95 38 58
95 38 58
95 38 58
95 38 58
95 38 58
95 38 58
95 38 58
95 38 58
95 38 58
95 38 58
95 38 58
95 38 58
95 38 58
95 38 58
95 38 58
95 38 58
95 38 58
95 38 58
95 38 58
95 38 58
95 38 58
95 38 58
95 38 58
95 38 58
95 38 58
95 38 58
95 38 58
95 38 58
95 38 58
95 38 58
95 38 58
95 38 58
95 38 58
95 38 58
95 38 58
95 38 58
95 38 58
95 38 58
