86 587 233 220
91 45 54
91 45 54
91 45 54
91 45 54
91 45 54
91 45 54
91 45 54
91 45 54
91 45 54
91 45 54
91 45 54
91 45 54
91 45 54
91 45 54
91 45 54
91 45 54
91 45 54
91 45 54
91 45 54
91 45 54
91 45 54
91 45 54
91 45 54
91 45 54
91 45 54
91 45 54
91 45 54
91 45 54
91 45 54
91 45 54
91 45 54
91 45 54
105 72 77
105 72 77
105 72 77
105 72 77
105 72 77
105 72 77
105 72 77
105 72 77
105 72 77
105 72 77
105 72 77
105 72 77
105 72 77
105 72 77
105 72 77
105 72 77
105 72 77
105 72 77
105 72 77
105 72 77
105 72 77
105 72 77
105 72 77
105 72 77
79 48 78
79 48 78
79 48 78
79 48 78
79 48 78
79 48 78
79 48 78
79 48 78
79 48 78
79 48 78
79 48 78
79 48 78
79 48 78
79 48 78
79 48 78
79 48 78
79 48 78
79 48 78
79 48 78
79 48 78
79 48 78
79 48 78
79 48 78
79 48 78
79 48 78
79 48 78
79 48 78
79 48 78
79 48 78
79 48 78
