136 587 233 220
88 39 54
88 39 54
88 39 54
88 39 54
88 39 54
88 39 54
88 39 54
88 39 54
88 39 54
88 39 54
88 39 54
88 39 54
88 39 54
88 39 54
88 39 54
88 39 54
88 39 54
88 39 54
88 39 54
88 39 54
88 39 54
88 39 54
88 39 54
88 39 54
88 39 54
88 39 54
88 39 54
88 39 54
88 39 54
88 39 54
88 39 54
88 39 54
88 39 54
88 39 54
88 39 54
88 39 54
88 39 54
88 39 54
88 39 54
88 39 54
88 39 54
88 39 54
88 39 54
88 39 54
88 39 54
88 39 54
88 39 54
88 39 54
88 39 54
88 39 54
88 39 54
94 36 54
94 36 54
94 36 54
94 36 54
94 36 54
94 36 54
94 36 54
94 36 54
94 36 54
94 36 54
94 36 54
94 36 54
94 36 54
94 36 54
94 36 54
94 36 54
94 36 54
94 36 54
94 36 54
94 36 54
94 36 54
94 36 54
94 36 54
94 36 54
94 36 54
94 36 54
94 36 54
94 36 54
94 36 54
94 36 54
94 36 54
94 36 54
94 36 54
94 36 54
94 36 54
94 36 54
94 36 54
94 36 54
87 43 77
87 43 77
87 43 77
87 43 77
87 43 77
87 43 77
87 43 77
87 43 77
87 43 77
87 43 77
87 43 77
87 43 77
87 43 77
87 43 77
87 43 77
87 43 77
87 43 77
87 43 77
87 43 77
87 43 77
87 43 77
87 43 77
87 43 77
87 43 77
87 43 77
87 43 77
87 43 77
87 43 77
87 43 77
87 43 77
87 43 77
87 43 77
87 43 77
87 43 77
87 43 77
87 43 77
87 43 77
87 43 77
87 43 77
87 43 77
87 43 77
87 43 77
87 43 77
87 43 77
87 43 77
87 43 77
87 43 77
