168 587 233 220
60 32 40
60 32 40
60 32 40
60 32 40
60 32 40
60 32 40
60 32 40
60 32 40
60 32 40
60 32 40
60 32 40
60 32 40
60 32 40
60 32 40
60 32 40
60 32 40
60 32 40
60 32 40
60 32 40
60 32 40
60 32 40
60 32 40
60 32 40
60 32 40
60 32 40
60 32 40
60 32 40
60 32 40
60 32 40
60 32 40
60 32 40
60 32 40
60 32 40
60 32 40
60 32 40
60 32 40
60 32 40
60 32 40
60 32 40
60 32 40
60 32 40
60 32 40
60 32 40
60 32 40
60 32 40
60 32 40
60 32 40
60 32 40
60 32 40
60 32 40
60 32 40
60 32 40
60 32 40
60 32 40
60 32 40
60 32 40
60 32 40
60 32 40
60 32 40
60 32 40
60 32 40
60 32 40
60 32 40
60 32 40
98 55 75
98 55 75
98 55 75
98 55 75
98 55 75
98 55 75
98 55 75
98 55 75
98 55 75
98 55 75
98 55 75
98 55 75
98 55 75
98 55 75
98 55 75
98 55 75
98 55 75
98 55 75
98 55 75
98 55 75
98 55 75
98 55 75
98 55 75
98 55 75
98 55 75
98 55 75
98 55 75
98 55 75
98 55 75
98 55 75
98 55 75
98 55 75
98 55 75
98 55 75
98 55 75
98 55 75
98 55 75
98 55 75
98 55 75
98 55 75
60 39 59
60 39 59
60 39 59
60 39 59
60 39 59
60 39 59
60 39 59
60 39 59
60 39 59
60 39 59
60 39 59
60 39 59
60 39 59
60 39 59
60 39 59
60 39 59
60 39 59
60 39 59
60 39 59
60 39 59
60 39 59
60 39 59
60 39 59
60 39 59
60 39 59
60 39 59
60 39 59
60 39 59
60 39 59
60 39 59
60 39 59
60 39 59
60 39 59
60 39 59
60 39 59
60 39 59
60 39 59
60 39 59
60 39 59
60 39 59
60 39 59
60 39 59
60 39 59
60 39 59
60 39 59
60 39 59
60 39 59
60 39 59
60 39 59
60 39 59
60 39 59
60 39 59
60 39 59
60 39 59
60 39 59
60 39 59
60 39 59
60 39 59
60 39 59
60 39 59
60 39 59
60 39 59
60 39 59
60 39 59
