129 587 233 220
66 36 64
66 36 64
66 36 64
66 36 64
66 36 64
66 36 64
66 36 64
66 36 64
66 36 64
66 36 64
66 36 64
66 36 64
66 36 64
66 36 64
66 36 64
66 36 64
66 36 64
66 36 64
66 36 64
66 36 64
66 36 64
66 36 64
66 36 64
66 36 64
66 36 64
66 36 64
66 36 64
66 36 64
66 36 64
66 36 64
66 36 64
66 36 64
66 36 64
66 36 64
66 36 64
66 36 64
66 36 64
66 36 64
66 36 64
66 36 64
66 36 64
66 36 64
66 36 64
66 36 64
66 36 64
66 36 64
66 36 64
97 49 73
97 49 73
97 49 73
97 49 73
97 49 73
97 49 73
97 49 73
97 49 73
97 49 73
97 49 73
97 49 73
97 49 73
97 49 73
97 49 73
97 49 73
97 49 73
97 49 73
97 49 73
97 49 73
97 49 73
97 49 73
97 49 73
97 49 73
97 49 73
97 49 73
97 49 73
97 49 73
97 49 73
97 49 73
97 49 73
97 49 73
97 49 73
97 49 73
97 49 73
97 49 73
97 49 73
97 49 73
97 49 73
97 49 73
97 49 73
97 49 73
97 49 73
97 49 73
97 49 73
97 49 73
97 49 73
97 49 73
97 49 73
97 49 73
69 43 60
69 43 60
69 43 60
69 43 60
69 43 60
69 43 60
69 43 60
69 43 60
69 43 60
69 43 60
69 43 60
69 43 60
69 43 60
69 43 60
69 43 60
69 43 60
69 43 60
69 43 60
69 43 60
69 43 60
69 43 60
69 43 60
69 43 60
69 43 60
69 43 60
69 43 60
69 43 60
69 43 60
69 43 60
69 43 60
69 43 60
69 43 60
69 43 60
