187 587 233 220
96 31 72
96 31 72
96 31 72
96 31 72
96 31 72
96 31 72
96 31 72
96 31 72
96 31 72
96 31 72
96 31 72
96 31 72
96 31 72
96 31 72
96 31 72
96 31 72
96 31 72
96 31 72
96 31 72
96 31 72
96 31 72
96 31 72
96 31 72
96 31 72
96 31 72
96 31 72
96 31 72
96 31 72
96 31 72
96 31 72
96 31 72
96 31 72
96 31 72
96 31 72
96 31 72
96 31 72
96 31 72
96 31 72
96 31 72
96 31 72
96 31 72
96 31 72
96 31 72
96 31 72
96 31 72
96 31 72
96 31 72
96 31 72
96 31 72
96 31 72
96 31 72
96 31 72
96 31 72
96 31 72
96 31 72
96 31 72
96 31 72
96 31 72
96 31 72
96 31 72
96 31 72
75 47 72
75 47 72
75 47 72
75 47 72
75 47 72
75 47 72
75 47 72
75 47 72
75 47 72
75 47 72
75 47 72
75 47 72
75 47 72
75 47 72
75 47 72
75 47 72
75 47 72
75 47 72
75 47 72
75 47 72
75 47 72
75 47 72
75 47 72
75 47 72
75 47 72
75 47 72
75 47 72
75 47 72
75 47 72
75 47 72
75 47 72
75 47 72
75 47 72
75 47 72
75 47 72
75 47 72
75 47 72
75 47 72
75 47 72
75 47 72
75 47 72
75 47 72
75 47 72
75 47 72
75 47 72
75 47 72
75 47 72
75 47 72
75 47 72
75 47 72
75 47 72
75 47 72
75 47 72
75 47 72
75 47 72
75 47 72
80 20 25
80 20 25
80 20 25
80 20 25
80 20 25
80 20 25
80 20 25
80 20 25
80 20 25
80 20 25
80 20 25
80 20 25
80 20 25
80 20 25
80 20 25
80 20 25
80 20 25
80 20 25
80 20 25
80 20 25
80 20 25
80 20 25
80 20 25
80 20 25
80 20 25
80 20 25
80 20 25
80 20 25
80 20 25
80 20 25
80 20 25
80 20 25
80 20 25
80 20 25
80 20 25
80 20 25
80 20 25
80 20 25
80 20 25
80 20 25
80 20 25
80 20 25
80 20 25
80 20 25
80 20 25
80 20 25
80 20 25
80 20 25
80 20 25
80 20 25
80 20 25
80 20 25
80 20 25
80 20 25
80 20 25
80 20 25
80 20 25
80 20 25
80 20 25
80 20 25
80 20 25
80 20 25
80 20 25
80 20 25
80 20 25
80 20 25
80 20 25
80 20 25
80 20 25
80 20 25
