142 587 233 220
99 23 68
99 23 68
99 23 68
99 23 68
99 23 68
99 23 68
99 23 68
99 23 68
99 23 68
99 23 68
99 23 68
99 23 68
99 23 68
99 23 68
99 23 68
99 23 68
99 23 68
99 23 68
99 23 68
99 23 68
99 23 68
99 23 68
99 23 68
99 23 68
99 23 68
99 23 68
99 23 68
99 23 68
99 23 68
99 23 68
99 23 68
99 23 68
99 23 68
99 23 68
99 23 68
99 23 68
99 23 68
99 23 68
99 23 68
99 23 68
99 23 68
99 23 68
99 23 68
99 23 68
99 23 68
99 23 68
99 23 68
99 23 68
99 23 68
99 23 68
99 23 68
99 23 68
99 23 68
99 23 68
68 40 52
68 40 52
68 40 52
68 40 52
68 40 52
68 40 52
68 40 52
68 40 52
68 40 52
68 40 52
68 40 52
68 40 52
68 40 52
68 40 52
68 40 52
68 40 52
68 40 52
68 40 52
68 40 52
68 40 52
68 40 52
68 40 52
68 40 52
68 40 52
68 40 52
68 40 52
68 40 52
68 40 52
68 40 52
68 40 52
68 40 52
68 40 52
68 40 52
68 40 52
68 40 52
68 40 52
68 40 52
68 40 52
68 40 52
68 40 52
68 40 52
68 40 52
68 40 52
68 40 52
68 40 52
68 40 52
68 40 52
68 40 52
68 40 52
68 40 52
68 40 52
68 40 52
68 40 52
101 61 66
101 61 66
101 61 66
101 61 66
101 61 66
101 61 66
101 61 66
101 61 66
101 61 66
101 61 66
101 61 66
101 61 66
101 61 66
101 61 66
101 61 66
101 61 66
101 61 66
101 61 66
101 61 66
101 61 66
101 61 66
101 61 66
101 61 66
101 61 66
101 61 66
101 61 66
101 61 66
101 61 66
101 61 66
101 61 66
101 61 66
101 61 66
101 61 66
101 61 66
101 61 66
