114 587 233 220
100 28 94
100 28 94
100 28 94
100 28 94
100 28 94
100 28 94
100 28 94
100 28 94
100 28 94
100 28 94
100 28 94
100 28 94
100 28 94
100 28 94
100 28 94
100 28 94
100 28 94
100 28 94
100 28 94
100 28 94
100 28 94
100 28 94
100 28 94
100 28 94
100 28 94
100 28 94
100 28 94
100 28 94
100 28 94
100 28 94
100 28 94
100 28 94
100 28 94
100 28 94
100 28 94
100 28 94
100 28 94
100 28 94
100 28 94
100 28 94
81 66 78
81 66 78
81 66 78
81 66 78
81 66 78
81 66 78
81 66 78
81 66 78
81 66 78
81 66 78
81 66 78
81 66 78
81 66 78
81 66 78
81 66 78
81 66 78
81 66 78
81 66 78
81 66 78
81 66 78
81 66 78
81 66 78
81 66 78
81 66 78
81 66 78
81 66 78
81 66 78
81 66 78
81 66 78
81 66 78
81 66 78
81 66 78
81 66 78
81 66 78
81 66 78
81 66 78
111 21 49
111 21 49
111 21 49
111 21 49
111 21 49
111 21 49
111 21 49
111 21 49
111 21 49
111 21 49
111 21 49
111 21 49
111 21 49
111 21 49
111 21 49
111 21 49
111 21 49
111 21 49
111 21 49
111 21 49
111 21 49
111 21 49
111 21 49
111 21 49
111 21 49
111 21 49
111 21 49
111 21 49
111 21 49
111 21 49
111 21 49
111 21 49
111 21 49
111 21 49
111 21 49
111 21 49
111 21 49
111 21 49
