92 587 233 220
105 46 81
105 46 81
105 46 81
105 46 81
105 46 81
105 46 81
105 46 81
105 46 81
105 46 81
105 46 81
105 46 81
105 46 81
105 46 81
105 46 81
105 46 81
105 46 81
105 46 81
105 46 81
105 46 81
105 46 81
105 46 81
105 46 81
105 46 81
105 46 81
105 46 81
105 46 81
105 46 81
105 46 81
105 46 81
105 46 81
105 46 81
105 46 81
105 46 81
105 46 81
105 46 81
105 46 81
105 46 81
105 46 81
115 61 81
115 61 81
115 61 81
115 61 81
115 61 81
115 61 81
115 61 81
115 61 81
115 61 81
115 61 81
115 61 81
115 61 81
115 61 81
115 61 81
115 61 81
115 61 81
115 61 81
115 61 81
115 61 81
115 61 81
115 61 81
115 61 81
72 23 51
72 23 51
72 23 51
72 23 51
72 23 51
72 23 51
72 23 51
72 23 51
72 23 51
72 23 51
72 23 51
72 23 51
72 23 51
72 23 51
72 23 51
72 23 51
72 23 51
72 23 51
72 23 51
72 23 51
72 23 51
72 23 51
72 23 51
72 23 51
72 23 51
72 23 51
72 23 51
72 23 51
72 23 51
72 23 51
72 23 51
72 23 51
