195 587 233 220
76 46 52
76 46 52
76 46 52
76 46 52
76 46 52
76 46 52
76 46 52
76 46 52
76 46 52
76 46 52
76 46 52
76 46 52
76 46 52
76 46 52
76 46 52
76 46 52
76 46 52
76 46 52
76 46 52
76 46 52
76 46 52
76 46 52
76 46 52
76 46 52
76 46 52
76 46 52
76 46 52
76 46 52
76 46 52
76 46 52
76 46 52
76 46 52
76 46 52
76 46 52
76 46 52
76 46 52
76 46 52
76 46 52
76 46 52
76 46 52
76 46 52
76 46 52
76 46 52
76 46 52
76 46 52
76 46 52
76 46 52
76 46 52
76 46 52
76 46 52
76 46 52
76 46 52
76 46 52
76 46 52
76 46 52
76 46 52
76 46 52
76 46 52
76 46 52
76 46 52
76 46 52
76 46 52
76 46 52
76 46 52
76 46 52
76 46 52
76 46 52
76 46 52
76 46 52
76 46 52
76 46 52
76 46 52
76 46 52
76 46 52
66 31 59
66 31 59
66 31 59
66 31 59
66 31 59
66 31 59
66 31 59
66 31 59
66 31 59
66 31 59
66 31 59
66 31 59
66 31 59
66 31 59
66 31 59
66 31 59
66 31 59
66 31 59
66 31 59
66 31 59
66 31 59
66 31 59
66 31 59
66 31 59
66 31 59
66 31 59
66 31 59
66 31 59
66 31 59
66 31 59
66 31 59
66 31 59
66 31 59
66 31 59
66 31 59
66 31 59
66 31 59
66 31 59
66 31 59
66 31 59
66 31 59
66 31 59
66 31 59
66 31 59
66 31 59
66 31 59
66 31 59
66 31 59
66 31 59
66 31 59
66 31 59
66 31 59
62 44 55
62 44 55
62 44 55
62 44 55
62 44 55
62 44 55
62 44 55
62 44 55
62 44 55
62 44 55
62 44 55
62 44 55
62 44 55
62 44 55
62 44 55
62 44 55
62 44 55
62 44 55
62 44 55
62 44 55
62 44 55
62 44 55
62 44 55
62 44 55
62 44 55
62 44 55
62 44 55
62 44 55
62 44 55
62 44 55
62 44 55
62 44 55
62 44 55
62 44 55
62 44 55
62 44 55
62 44 55
62 44 55
62 44 55
62 44 55
62 44 55
62 44 55
62 44 55
62 44 55
62 44 55
62 44 55
62 44 55
62 44 55
62 44 55
62 44 55
62 44 55
62 44 55
62 44 55
62 44 55
62 44 55
62 44 55
62 44 55
62 44 55
62 44 55
62 44 55
62 44 55
62 44 55
62 44 55
62 44 55
62 44 55
62 44 55
62 44 55
62 44 55
62 44 55
