147 587 233 220
86 45 84
86 45 84
86 45 84
86 45 84
86 45 84
86 45 84
86 45 84
86 45 84
86 45 84
86 45 84
86 45 84
86 45 84
86 45 84
86 45 84
86 45 84
86 45 84
86 45 84
86 45 84
86 45 84
86 45 84
86 45 84
86 45 84
86 45 84
86 45 84
86 45 84
86 45 84
86 45 84
86 45 84
86 45 84
86 45 84
86 45 84
86 45 84
86 45 84
86 45 84
86 45 84
86 45 84
86 45 84
86 45 84
86 45 84
86 45 84
86 45 84
86 45 84
86 45 84
86 45 84
86 45 84
86 45 84
86 45 84
86 45 84
86 45 84
86 45 84
86 45 84
86 45 84
86 45 84
86 45 84
86 45 84
86 45 84
81 34 45
81 34 45
81 34 45
81 34 45
81 34 45
81 34 45
81 34 45
81 34 45
81 34 45
81 34 45
81 34 45
81 34 45
81 34 45
81 34 45
81 34 45
81 34 45
81 34 45
81 34 45
81 34 45
81 34 45
81 34 45
81 34 45
81 34 45
81 34 45
81 34 45
81 34 45
81 34 45
81 34 45
81 34 45
81 34 45
81 34 45
81 34 45
81 34 45
81 34 45
81 34 45
81 34 45
81 34 45
81 34 45
81 34 45
81 34 45
81 34 45
81 34 45
81 34 45
81 34 45
81 34 45
81 34 45
81 34 45
81 34 45
81 34 45
81 34 45
81 34 45
81 34 45
81 34 45
81 34 45
81 34 45
81 34 45
70 37 54
70 37 54
70 37 54
70 37 54
70 37 54
70 37 54
70 37 54
70 37 54
70 37 54
70 37 54
70 37 54
70 37 54
70 37 54
70 37 54
70 37 54
70 37 54
70 37 54
70 37 54
70 37 54
70 37 54
70 37 54
70 37 54
70 37 54
70 37 54
70 37 54
70 37 54
70 37 54
70 37 54
70 37 54
70 37 54
70 37 54
70 37 54
70 37 54
70 37 54
70 37 54
