105 587 233 220
78 58 72
78 58 72
78 58 72
78 58 72
78 58 72
78 58 72
78 58 72
78 58 72
78 58 72
78 58 72
78 58 72
78 58 72
78 58 72
78 58 72
78 58 72
78 58 72
78 58 72
78 58 72
78 58 72
78 58 72
78 58 72
78 58 72
78 58 72
78 58 72
78 58 72
78 58 72
78 58 72
78 58 72
78 58 72
78 58 72
78 58 72
78 58 72
78 58 72
78 58 72
78 58 72
78 58 72
107 57 57
107 57 57
107 57 57
107 57 57
107 57 57
107 57 57
107 57 57
107 57 57
107 57 57
107 57 57
107 57 57
107 57 57
107 57 57
107 57 57
107 57 57
107 57 57
107 57 57
107 57 57
107 57 57
107 57 57
107 57 57
107 57 57
107 57 57
107 57 57
107 57 57
107 57 57
107 57 57
107 57 57
107 57 57
107 57 57
107 57 57
107 57 57
107 57 57
107 57 57
107 57 57
107 57 57
107 57 57
72 37 64
72 37 64
72 37 64
72 37 64
72 37 64
72 37 64
72 37 64
72 37 64
72 37 64
72 37 64
72 37 64
72 37 64
72 37 64
72 37 64
72 37 64
72 37 64
72 37 64
72 37 64
72 37 64
72 37 64
72 37 64
72 37 64
72 37 64
72 37 64
72 37 64
72 37 64
72 37 64
72 37 64
72 37 64
72 37 64
72 37 64
72 37 64
