101 587 233 220
109 64 68
109 64 68
109 64 68
109 64 68
109 64 68
109 64 68
109 64 68
109 64 68
109 64 68
109 64 68
109 64 68
109 64 68
109 64 68
109 64 68
109 64 68
109 64 68
109 64 68
109 64 68
109 64 68
109 64 68
109 64 68
109 64 68
109 64 68
109 64 68
109 64 68
109 64 68
109 64 68
109 64 68
84 55 58
84 55 58
84 55 58
84 55 58
84 55 58
84 55 58
84 55 58
84 55 58
84 55 58
84 55 58
84 55 58
84 55 58
84 55 58
84 55 58
84 55 58
84 55 58
84 55 58
84 55 58
84 55 58
84 55 58
84 55 58
84 55 58
84 55 58
84 55 58
84 55 58
84 55 58
84 55 58
84 55 58
84 55 58
84 55 58
84 55 58
96 24 83
96 24 83
96 24 83
96 24 83
96 24 83
96 24 83
96 24 83
96 24 83
96 24 83
96 24 83
96 24 83
96 24 83
96 24 83
96 24 83
96 24 83
96 24 83
96 24 83
96 24 83
96 24 83
96 24 83
96 24 83
96 24 83
96 24 83
96 24 83
96 24 83
96 24 83
96 24 83
96 24 83
96 24 83
96 24 83
96 24 83
96 24 83
96 24 83
96 24 83
96 24 83
96 24 83
96 24 83
96 24 83
96 24 83
96 24 83
96 24 83
96 24 83
