94 587 233 220
82 59 76
82 59 76
82 59 76
82 59 76
82 59 76
82 59 76
82 59 76
82 59 76
82 59 76
82 59 76
82 59 76
82 59 76
82 59 76
82 59 76
82 59 76
82 59 76
82 59 76
82 59 76
82 59 76
82 59 76
82 59 76
82 59 76
82 59 76
82 59 76
82 59 76
82 59 76
82 59 76
82 59 76
82 59 76
82 59 76
82 59 76
82 59 76
60 50 51
60 50 51
60 50 51
60 50 51
60 50 51
60 50 51
60 50 51
60 50 51
60 50 51
60 50 51
60 50 51
60 50 51
60 50 51
60 50 51
60 50 51
60 50 51
60 50 51
60 50 51
60 50 51
60 50 51
60 50 51
60 50 51
60 50 51
60 50 51
60 50 51
60 50 51
60 50 51
60 50 51
60 50 51
104 61 66
104 61 66
104 61 66
104 61 66
104 61 66
104 61 66
104 61 66
104 61 66
104 61 66
104 61 66
104 61 66
104 61 66
104 61 66
104 61 66
104 61 66
104 61 66
104 61 66
104 61 66
104 61 66
104 61 66
104 61 66
104 61 66
104 61 66
104 61 66
104 61 66
104 61 66
104 61 66
104 61 66
104 61 66
104 61 66
104 61 66
104 61 66
104 61 66
