221 587 233 220
119 38 41
119 38 41
119 38 41
119 38 41
119 38 41
119 38 41
119 38 41
119 38 41
119 38 41
119 38 41
119 38 41
119 38 41
119 38 41
119 38 41
119 38 41
119 38 41
119 38 41
119 38 41
119 38 41
119 38 41
119 38 41
119 38 41
119 38 41
119 38 41
119 38 41
119 38 41
119 38 41
119 38 41
119 38 41
119 38 41
119 38 41
119 38 41
119 38 41
119 38 41
119 38 41
119 38 41
119 38 41
119 38 41
119 38 41
119 38 41
119 38 41
119 38 41
119 38 41
119 38 41
119 38 41
119 38 41
119 38 41
119 38 41
119 38 41
119 38 41
119 38 41
119 38 41
119 38 41
119 38 41
119 38 41
119 38 41
119 38 41
90 35 44
90 35 44
90 35 44
90 35 44
90 35 44
90 35 44
90 35 44
90 35 44
90 35 44
90 35 44
90 35 44
90 35 44
90 35 44
90 35 44
90 35 44
90 35 44
90 35 44
90 35 44
90 35 44
90 35 44
90 35 44
90 35 44
90 35 44
90 35 44
90 35 44
90 35 44
90 35 44
90 35 44
90 35 44
90 35 44
90 35 44
90 35 44
90 35 44
90 35 44
90 35 44
90 35 44
90 35 44
90 35 44
90 35 44
90 35 44
90 35 44
90 35 44
90 35 44
90 35 44
90 35 44
90 35 44
90 35 44
90 35 44
90 35 44
90 35 44
90 35 44
90 35 44
90 35 44
90 35 44
90 35 44
90 35 44
90 35 44
90 35 44
90 35 44
90 35 44
90 35 44
90 35 44
90 35 44
90 35 44
90 35 44
90 35 44
90 35 44
90 35 44
90 35 44
90 35 44
90 35 44
90 35 44
90 35 44
90 35 44
90 35 44
90 35 44
90 35 44
90 35 44
90 35 44
67 27 55
67 27 55
67 27 55
67 27 55
67 27 55
67 27 55
67 27 55
67 27 55
67 27 55
67 27 55
67 27 55
67 27 55
67 27 55
67 27 55
67 27 55
67 27 55
67 27 55
67 27 55
67 27 55
67 27 55
67 27 55
67 27 55
67 27 55
67 27 55
67 27 55
67 27 55
67 27 55
67 27 55
67 27 55
67 27 55
67 27 55
67 27 55
67 27 55
67 27 55
67 27 55
67 27 55
67 27 55
67 27 55
67 27 55
67 27 55
67 27 55
67 27 55
67 27 55
67 27 55
67 27 55
67 27 55
67 27 55
67 27 55
67 27 55
67 27 55
67 27 55
67 27 55
67 27 55
67 27 55
67 27 55
67 27 55
67 27 55
67 27 55
67 27 55
67 27 55
67 27 55
67 27 55
67 27 55
67 27 55
67 27 55
67 27 55
67 27 55
67 27 55
67 27 55
67 27 55
67 27 55
67 27 55
67 27 55
67 27 55
67 27 55
67 27 55
67 27 55
67 27 55
67 27 55
67 27 55
67 27 55
67 27 55
67 27 55
67 27 55
67 27 55
