144 587 233 220
91 32 50
91 32 50
91 32 50
91 32 50
91 32 50
91 32 50
91 32 50
91 32 50
91 32 50
91 32 50
91 32 50
91 32 50
91 32 50
91 32 50
91 32 50
91 32 50
91 32 50
91 32 50
91 32 50
91 32 50
91 32 50
91 32 50
91 32 50
91 32 50
91 32 50
91 32 50
91 32 50
91 32 50
91 32 50
91 32 50
91 32 50
91 32 50
91 32 50
91 32 50
91 32 50
91 32 50
91 32 50
91 32 50
91 32 50
91 32 50
91 32 50
91 32 50
91 32 50
91 32 50
91 32 50
91 32 50
91 32 50
91 32 50
91 32 50
91 32 50
91 32 50
91 32 50
118 40 66
118 40 66
118 40 66
118 40 66
118 40 66
118 40 66
118 40 66
118 40 66
118 40 66
118 40 66
118 40 66
118 40 66
118 40 66
118 40 66
118 40 66
118 40 66
118 40 66
118 40 66
118 40 66
118 40 66
118 40 66
118 40 66
118 40 66
118 40 66
118 40 66
118 40 66
118 40 66
118 40 66
118 40 66
118 40 66
118 40 66
118 40 66
118 40 66
118 40 66
118 40 66
118 40 66
118 40 66
118 40 66
118 40 66
118 40 66
118 40 66
118 40 66
118 40 66
118 40 66
118 40 66
118 40 66
118 40 66
118 40 66
75 32 69
75 32 69
75 32 69
75 32 69
75 32 69
75 32 69
75 32 69
75 32 69
75 32 69
75 32 69
75 32 69
75 32 69
75 32 69
75 32 69
75 32 69
75 32 69
75 32 69
75 32 69
75 32 69
75 32 69
75 32 69
75 32 69
75 32 69
75 32 69
75 32 69
75 32 69
75 32 69
75 32 69
75 32 69
75 32 69
75 32 69
75 32 69
75 32 69
75 32 69
75 32 69
75 32 69
75 32 69
75 32 69
75 32 69
75 32 69
75 32 69
75 32 69
75 32 69
75 32 69
