126 587 233 220
118 51 79
118 51 79
118 51 79
118 51 79
118 51 79
118 51 79
118 51 79
118 51 79
118 51 79
118 51 79
118 51 79
118 51 79
118 51 79
118 51 79
118 51 79
118 51 79
118 51 79
118 51 79
118 51 79
118 51 79
118 51 79
118 51 79
118 51 79
118 51 79
118 51 79
118 51 79
118 51 79
118 51 79
118 51 79
118 51 79
118 51 79
118 51 79
118 51 79
118 51 79
118 51 79
118 51 79
118 51 79
86 31 32
86 31 32
86 31 32
86 31 32
86 31 32
86 31 32
86 31 32
86 31 32
86 31 32
86 31 32
86 31 32
86 31 32
86 31 32
86 31 32
86 31 32
86 31 32
86 31 32
86 31 32
86 31 32
86 31 32
86 31 32
86 31 32
86 31 32
86 31 32
86 31 32
86 31 32
86 31 32
86 31 32
86 31 32
86 31 32
86 31 32
86 31 32
86 31 32
86 31 32
86 31 32
86 31 32
86 31 32
86 31 32
86 31 32
86 31 32
86 31 32
86 31 32
86 31 32
86 31 32
64 52 58
64 52 58
64 52 58
64 52 58
64 52 58
64 52 58
64 52 58
64 52 58
64 52 58
64 52 58
64 52 58
64 52 58
64 52 58
64 52 58
64 52 58
64 52 58
64 52 58
64 52 58
64 52 58
64 52 58
64 52 58
64 52 58
64 52 58
64 52 58
64 52 58
64 52 58
64 52 58
64 52 58
64 52 58
64 52 58
64 52 58
64 52 58
64 52 58
64 52 58
64 52 58
64 52 58
64 52 58
64 52 58
64 52 58
64 52 58
64 52 58
64 52 58
64 52 58
64 52 58
64 52 58
