163 587 233 220
56 28 32
56 28 32
56 28 32
56 28 32
56 28 32
56 28 32
56 28 32
56 28 32
56 28 32
56 28 32
56 28 32
56 28 32
56 28 32
56 28 32
56 28 32
56 28 32
56 28 32
56 28 32
56 28 32
56 28 32
56 28 32
56 28 32
56 28 32
56 28 32
56 28 32
56 28 32
56 28 32
56 28 32
56 28 32
56 28 32
56 28 32
56 28 32
56 28 32
56 28 32
56 28 32
56 28 32
56 28 32
56 28 32
56 28 32
56 28 32
56 28 32
56 28 32
56 28 32
56 28 32
56 28 32
56 28 32
92 39 68
92 39 68
92 39 68
92 39 68
92 39 68
92 39 68
92 39 68
92 39 68
92 39 68
92 39 68
92 39 68
92 39 68
92 39 68
92 39 68
92 39 68
92 39 68
92 39 68
92 39 68
92 39 68
92 39 68
92 39 68
92 39 68
92 39 68
92 39 68
92 39 68
92 39 68
92 39 68
92 39 68
92 39 68
92 39 68
92 39 68
92 39 68
92 39 68
92 39 68
92 39 68
92 39 68
92 39 68
92 39 68
92 39 68
92 39 68
92 39 68
92 39 68
92 39 68
92 39 68
92 39 68
92 39 68
92 39 68
92 39 68
92 39 68
92 39 68
92 39 68
92 39 68
92 39 68
92 39 68
92 39 68
92 39 68
92 39 68
92 39 68
92 39 68
92 39 68
92 39 68
92 39 68
92 39 68
92 39 68
92 39 68
92 39 68
92 39 68
92 39 68
92 39 68
90 29 86
90 29 86
90 29 86
90 29 86
90 29 86
90 29 86
90 29 86
90 29 86
90 29 86
90 29 86
90 29 86
90 29 86
90 29 86
90 29 86
90 29 86
90 29 86
90 29 86
90 29 86
90 29 86
90 29 86
90 29 86
90 29 86
90 29 86
90 29 86
90 29 86
90 29 86
90 29 86
90 29 86
90 29 86
90 29 86
90 29 86
90 29 86
90 29 86
90 29 86
90 29 86
90 29 86
90 29 86
90 29 86
90 29 86
90 29 86
90 29 86
90 29 86
90 29 86
90 29 86
90 29 86
90 29 86
90 29 86
90 29 86
