96 587 233 220
99 62 64
99 62 64
99 62 64
99 62 64
99 62 64
99 62 64
99 62 64
99 62 64
99 62 64
99 62 64
99 62 64
99 62 64
99 62 64
99 62 64
99 62 64
99 62 64
99 62 64
99 62 64
99 62 64
99 62 64
99 62 64
99 62 64
99 62 64
99 62 64
99 62 64
99 62 64
99 62 64
99 62 64
99 62 64
99 62 64
99 62 64
99 62 64
99 62 64
99 62 64
99 62 64
99 62 64
99 62 64
99 62 64
110 37 43
110 37 43
110 37 43
110 37 43
110 37 43
110 37 43
110 37 43
110 37 43
110 37 43
110 37 43
110 37 43
110 37 43
110 37 43
110 37 43
110 37 43
110 37 43
110 37 43
110 37 43
110 37 43
110 37 43
110 37 43
110 37 43
110 37 43
110 37 43
110 37 43
110 37 43
110 37 43
110 37 43
110 37 43
110 37 43
96 50 73
96 50 73
96 50 73
96 50 73
96 50 73
96 50 73
96 50 73
96 50 73
96 50 73
96 50 73
96 50 73
96 50 73
96 50 73
96 50 73
96 50 73
96 50 73
96 50 73
96 50 73
96 50 73
96 50 73
96 50 73
96 50 73
96 50 73
96 50 73
96 50 73
96 50 73
96 50 73
96 50 73
