74 587 233 220
96 68 95
96 68 95
96 68 95
96 68 95
96 68 95
96 68 95
96 68 95
96 68 95
96 68 95
96 68 95
96 68 95
96 68 95
96 68 95
96 68 95
96 68 95
96 68 95
96 68 95
96 68 95
96 68 95
96 68 95
96 68 95
96 68 95
96 68 95
96 68 95
96 68 95
96 68 95
96 68 95
96 68 95
69 35 61
69 35 61
69 35 61
69 35 61
69 35 61
69 35 61
69 35 61
69 35 61
69 35 61
69 35 61
69 35 61
69 35 61
69 35 61
69 35 61
69 35 61
69 35 61
69 35 61
69 35 61
69 35 61
69 35 61
69 35 61
69 35 61
69 35 61
69 35 61
107 55 70
107 55 70
107 55 70
107 55 70
107 55 70
107 55 70
107 55 70
107 55 70
107 55 70
107 55 70
107 55 70
107 55 70
107 55 70
107 55 70
107 55 70
107 55 70
107 55 70
107 55 70
107 55 70
107 55 70
107 55 70
107 55 70
