127 587 233 220
90 37 73
90 37 73
90 37 73
90 37 73
90 37 73
90 37 73
90 37 73
90 37 73
90 37 73
90 37 73
90 37 73
90 37 73
90 37 73
90 37 73
90 37 73
90 37 73
90 37 73
90 37 73
90 37 73
90 37 73
90 37 73
90 37 73
90 37 73
90 37 73
90 37 73
90 37 73
90 37 73
90 37 73
90 37 73
90 37 73
90 37 73
90 37 73
90 37 73
90 37 73
90 37 73
90 37 73
90 37 73
90 37 73
90 37 73
90 37 73
90 37 73
90 37 73
90 37 73
90 37 73
102 33 95
102 33 95
102 33 95
102 33 95
102 33 95
102 33 95
102 33 95
102 33 95
102 33 95
102 33 95
102 33 95
102 33 95
102 33 95
102 33 95
102 33 95
102 33 95
102 33 95
102 33 95
102 33 95
102 33 95
102 33 95
102 33 95
102 33 95
102 33 95
102 33 95
102 33 95
102 33 95
102 33 95
102 33 95
102 33 95
102 33 95
102 33 95
102 33 95
102 33 95
102 33 95
102 33 95
102 33 95
102 33 95
102 33 95
102 33 95
102 33 95
102 33 95
102 33 95
102 33 95
117 30 38
117 30 38
117 30 38
117 30 38
117 30 38
117 30 38
117 30 38
117 30 38
117 30 38
117 30 38
117 30 38
117 30 38
117 30 38
117 30 38
117 30 38
117 30 38
117 30 38
117 30 38
117 30 38
117 30 38
117 30 38
117 30 38
117 30 38
117 30 38
117 30 38
117 30 38
117 30 38
117 30 38
117 30 38
117 30 38
117 30 38
117 30 38
117 30 38
117 30 38
117 30 38
117 30 38
117 30 38
117 30 38
117 30 38
