132 587 233 220
86 69 79
86 69 79
86 69 79
86 69 79
86 69 79
86 69 79
86 69 79
86 69 79
86 69 79
86 69 79
86 69 79
86 69 79
86 69 79
86 69 79
86 69 79
86 69 79
86 69 79
86 69 79
86 69 79
86 69 79
86 69 79
86 69 79
86 69 79
86 69 79
86 69 79
86 69 79
86 69 79
86 69 79
86 69 79
86 69 79
86 69 79
86 69 79
86 69 79
86 69 79
86 69 79
86 69 79
86 69 79
86 69 79
53 31 46
53 31 46
53 31 46
53 31 46
53 31 46
53 31 46
53 31 46
53 31 46
53 31 46
53 31 46
53 31 46
53 31 46
53 31 46
53 31 46
53 31 46
53 31 46
53 31 46
53 31 46
53 31 46
53 31 46
53 31 46
53 31 46
53 31 46
53 31 46
53 31 46
53 31 46
53 31 46
53 31 46
53 31 46
53 31 46
53 31 46
53 31 46
53 31 46
53 31 46
53 31 46
53 31 46
53 31 46
53 31 46
53 31 46
53 31 46
53 31 46
53 31 46
53 31 46
53 31 46
53 31 46
53 31 46
53 31 46
96 37 51
96 37 51
96 37 51
96 37 51
96 37 51
96 37 51
96 37 51
96 37 51
96 37 51
96 37 51
96 37 51
96 37 51
96 37 51
96 37 51
96 37 51
96 37 51
96 37 51
96 37 51
96 37 51
96 37 51
96 37 51
96 37 51
96 37 51
96 37 51
96 37 51
96 37 51
96 37 51
96 37 51
96 37 51
96 37 51
96 37 51
96 37 51
96 37 51
96 37 51
96 37 51
96 37 51
96 37 51
96 37 51
96 37 51
96 37 51
96 37 51
96 37 51
96 37 51
96 37 51
96 37 51
96 37 51
96 37 51
