137 587 233 220
101 24 81
101 24 81
101 24 81
101 24 81
101 24 81
101 24 81
101 24 81
101 24 81
101 24 81
101 24 81
101 24 81
101 24 81
101 24 81
101 24 81
101 24 81
101 24 81
101 24 81
101 24 81
101 24 81
101 24 81
101 24 81
101 24 81
101 24 81
101 24 81
101 24 81
101 24 81
101 24 81
101 24 81
101 24 81
101 24 81
101 24 81
101 24 81
101 24 81
101 24 81
101 24 81
101 24 81
101 24 81
101 24 81
101 24 81
101 24 81
101 24 81
101 24 81
101 24 81
101 24 81
101 24 81
101 24 81
101 24 81
101 24 81
101 24 81
101 24 81
94 29 72
94 29 72
94 29 72
94 29 72
94 29 72
94 29 72
94 29 72
94 29 72
94 29 72
94 29 72
94 29 72
94 29 72
94 29 72
94 29 72
94 29 72
94 29 72
94 29 72
94 29 72
94 29 72
94 29 72
94 29 72
94 29 72
94 29 72
94 29 72
94 29 72
94 29 72
94 29 72
94 29 72
94 29 72
94 29 72
94 29 72
94 29 72
94 29 72
94 29 72
94 29 72
94 29 72
94 29 72
94 29 72
94 29 72
94 29 72
94 29 72
94 29 72
94 29 72
79 47 72
79 47 72
79 47 72
79 47 72
79 47 72
79 47 72
79 47 72
79 47 72
79 47 72
79 47 72
79 47 72
79 47 72
79 47 72
79 47 72
79 47 72
79 47 72
79 47 72
79 47 72
79 47 72
79 47 72
79 47 72
79 47 72
79 47 72
79 47 72
79 47 72
79 47 72
79 47 72
79 47 72
79 47 72
79 47 72
79 47 72
79 47 72
79 47 72
79 47 72
79 47 72
79 47 72
79 47 72
79 47 72
79 47 72
79 47 72
79 47 72
79 47 72
79 47 72
79 47 72
