194 587 233 220
73 36 73
73 36 73
73 36 73
73 36 73
73 36 73
73 36 73
73 36 73
73 36 73
73 36 73
73 36 73
73 36 73
73 36 73
73 36 73
73 36 73
73 36 73
73 36 73
73 36 73
73 36 73
73 36 73
73 36 73
73 36 73
73 36 73
73 36 73
73 36 73
73 36 73
73 36 73
73 36 73
73 36 73
73 36 73
73 36 73
73 36 73
73 36 73
73 36 73
73 36 73
73 36 73
73 36 73
73 36 73
73 36 73
73 36 73
73 36 73
73 36 73
73 36 73
73 36 73
73 36 73
73 36 73
73 36 73
73 36 73
73 36 73
73 36 73
73 36 73
73 36 73
73 36 73
73 36 73
73 36 73
73 36 73
73 36 73
73 36 73
73 36 73
73 36 73
73 36 73
73 36 73
73 36 73
73 36 73
73 36 73
73 36 73
73 36 73
73 36 73
73 36 73
73 36 73
73 36 73
73 36 73
73 36 73
73 36 73
73 36 73
87 26 49
87 26 49
87 26 49
87 26 49
87 26 49
87 26 49
87 26 49
87 26 49
87 26 49
87 26 49
87 26 49
87 26 49
87 26 49
87 26 49
87 26 49
87 26 49
87 26 49
87 26 49
87 26 49
87 26 49
87 26 49
87 26 49
87 26 49
87 26 49
87 26 49
87 26 49
87 26 49
87 26 49
87 26 49
87 26 49
87 26 49
87 26 49
87 26 49
87 26 49
87 26 49
87 26 49
87 26 49
87 26 49
87 26 49
87 26 49
87 26 49
87 26 49
87 26 49
87 26 49
87 26 49
87 26 49
87 26 49
87 26 49
87 26 49
87 26 49
87 26 49
87 26 49
87 26 49
87 26 49
87 26 49
87 26 49
87 26 49
87 26 49
87 26 49
87 26 49
87 26 49
87 26 49
87 26 49
87 26 49
87 26 49
87 26 49
87 26 49
68 44 53
68 44 53
68 44 53
68 44 53
68 44 53
68 44 53
68 44 53
68 44 53
68 44 53
68 44 53
68 44 53
68 44 53
68 44 53
68 44 53
68 44 53
68 44 53
68 44 53
68 44 53
68 44 53
68 44 53
68 44 53
68 44 53
68 44 53
68 44 53
68 44 53
68 44 53
68 44 53
68 44 53
68 44 53
68 44 53
68 44 53
68 44 53
68 44 53
68 44 53
68 44 53
68 44 53
68 44 53
68 44 53
68 44 53
68 44 53
68 44 53
68 44 53
68 44 53
68 44 53
68 44 53
68 44 53
68 44 53
68 44 53
68 44 53
68 44 53
68 44 53
68 44 53
68 44 53
