169 587 233 220
105 42 68
105 42 68
105 42 68
105 42 68
105 42 68
105 42 68
105 42 68
105 42 68
105 42 68
105 42 68
105 42 68
105 42 68
105 42 68
105 42 68
105 42 68
105 42 68
105 42 68
105 42 68
105 42 68
105 42 68
105 42 68
105 42 68
105 42 68
105 42 68
105 42 68
105 42 68
105 42 68
105 42 68
105 42 68
105 42 68
105 42 68
105 42 68
105 42 68
105 42 68
105 42 68
105 42 68
105 42 68
105 42 68
105 42 68
105 42 68
105 42 68
105 42 68
105 42 68
105 42 68
105 42 68
105 42 68
105 42 68
105 42 68
105 42 68
105 42 68
105 42 68
105 42 68
105 42 68
105 42 68
105 42 68
105 42 68
105 42 68
105 42 68
105 42 68
105 42 68
105 42 68
75 24 37
75 24 37
75 24 37
75 24 37
75 24 37
75 24 37
75 24 37
75 24 37
75 24 37
75 24 37
75 24 37
75 24 37
75 24 37
75 24 37
75 24 37
75 24 37
75 24 37
75 24 37
75 24 37
75 24 37
75 24 37
75 24 37
75 24 37
75 24 37
75 24 37
75 24 37
75 24 37
75 24 37
75 24 37
75 24 37
75 24 37
75 24 37
75 24 37
75 24 37
75 24 37
75 24 37
75 24 37
75 24 37
75 24 37
75 24 37
75 24 37
75 24 37
75 24 37
75 24 37
75 24 37
75 24 37
75 24 37
75 24 37
75 24 37
75 24 37
75 24 37
75 24 37
75 24 37
79 26 73
79 26 73
79 26 73
79 26 73
79 26 73
79 26 73
79 26 73
79 26 73
79 26 73
79 26 73
79 26 73
79 26 73
79 26 73
79 26 73
79 26 73
79 26 73
79 26 73
79 26 73
79 26 73
79 26 73
79 26 73
79 26 73
79 26 73
79 26 73
79 26 73
79 26 73
79 26 73
79 26 73
79 26 73
79 26 73
79 26 73
79 26 73
79 26 73
79 26 73
79 26 73
79 26 73
79 26 73
79 26 73
79 26 73
79 26 73
79 26 73
79 26 73
79 26 73
79 26 73
79 26 73
79 26 73
79 26 73
79 26 73
79 26 73
79 26 73
79 26 73
79 26 73
79 26 73
79 26 73
79 26 73
