73 587 233 220
110 55 60
110 55 60
110 55 60
110 55 60
110 55 60
110 55 60
110 55 60
110 55 60
110 55 60
110 55 60
110 55 60
110 55 60
110 55 60
110 55 60
110 55 60
110 55 60
110 55 60
110 55 60
110 55 60
110 55 60
110 55 60
110 55 60
110 55 60
80 71 78
80 71 78
80 71 78
80 71 78
80 71 78
80 71 78
80 71 78
80 71 78
80 71 78
80 71 78
80 71 78
80 71 78
80 71 78
80 71 78
80 71 78
80 71 78
80 71 78
80 71 78
80 71 78
80 71 78
80 71 78
80 71 78
80 71 78
80 71 78
80 71 78
80 71 78
80 71 78
80 71 78
110 50 75
110 50 75
110 50 75
110 50 75
110 50 75
110 50 75
110 50 75
110 50 75
110 50 75
110 50 75
110 50 75
110 50 75
110 50 75
110 50 75
110 50 75
110 50 75
110 50 75
110 50 75
110 50 75
110 50 75
110 50 75
110 50 75
