164 587 233 220
65 50 51
65 50 51
65 50 51
65 50 51
65 50 51
65 50 51
65 50 51
65 50 51
65 50 51
65 50 51
65 50 51
65 50 51
65 50 51
65 50 51
65 50 51
65 50 51
65 50 51
65 50 51
65 50 51
65 50 51
65 50 51
65 50 51
65 50 51
65 50 51
65 50 51
65 50 51
65 50 51
65 50 51
65 50 51
65 50 51
65 50 51
65 50 51
65 50 51
65 50 51
65 50 51
65 50 51
65 50 51
65 50 51
65 50 51
65 50 51
65 50 51
65 50 51
65 50 51
65 50 51
65 50 51
65 50 51
65 50 51
65 50 51
65 50 51
65 50 51
65 50 51
113 28 78
113 28 78
113 28 78
113 28 78
113 28 78
113 28 78
113 28 78
113 28 78
113 28 78
113 28 78
113 28 78
113 28 78
113 28 78
113 28 78
113 28 78
113 28 78
113 28 78
113 28 78
113 28 78
113 28 78
113 28 78
113 28 78
113 28 78
113 28 78
113 28 78
113 28 78
113 28 78
113 28 78
113 28 78
113 28 78
113 28 78
113 28 78
113 28 78
113 28 78
113 28 78
113 28 78
113 28 78
113 28 78
113 28 78
113 28 78
113 28 78
113 28 78
113 28 78
113 28 78
113 28 78
113 28 78
113 28 78
113 28 78
113 28 78
113 28 78
113 28 78
113 28 78
113 28 78
113 28 78
113 28 78
113 28 78
120 32 35
120 32 35
120 32 35
120 32 35
120 32 35
120 32 35
120 32 35
120 32 35
120 32 35
120 32 35
120 32 35
120 32 35
120 32 35
120 32 35
120 32 35
120 32 35
120 32 35
120 32 35
120 32 35
120 32 35
120 32 35
120 32 35
120 32 35
120 32 35
120 32 35
120 32 35
120 32 35
120 32 35
120 32 35
120 32 35
120 32 35
120 32 35
120 32 35
120 32 35
120 32 35
120 32 35
120 32 35
120 32 35
120 32 35
120 32 35
120 32 35
120 32 35
120 32 35
120 32 35
120 32 35
120 32 35
120 32 35
120 32 35
120 32 35
120 32 35
120 32 35
120 32 35
120 32 35
120 32 35
120 32 35
120 32 35
120 32 35
