120 587 233 220
83 46 71
83 46 71
83 46 71
83 46 71
83 46 71
83 46 71
83 46 71
83 46 71
83 46 71
83 46 71
83 46 71
83 46 71
83 46 71
83 46 71
83 46 71
83 46 71
83 46 71
83 46 71
83 46 71
83 46 71
83 46 71
83 46 71
83 46 71
83 46 71
83 46 71
83 46 71
83 46 71
83 46 71
83 46 71
83 46 71
83 46 71
83 46 71
83 46 71
83 46 71
83 46 71
83 46 71
83 46 71
83 46 71
83 46 71
83 46 71
83 46 71
83 46 71
83 46 71
76 54 63
76 54 63
76 54 63
76 54 63
76 54 63
76 54 63
76 54 63
76 54 63
76 54 63
76 54 63
76 54 63
76 54 63
76 54 63
76 54 63
76 54 63
76 54 63
76 54 63
76 54 63
76 54 63
76 54 63
76 54 63
76 54 63
76 54 63
76 54 63
76 54 63
76 54 63
76 54 63
76 54 63
76 54 63
76 54 63
76 54 63
76 54 63
76 54 63
76 54 63
76 54 63
76 54 63
76 54 63
76 54 63
76 54 63
76 54 63
76 54 63
76 54 63
76 54 63
76 54 63
76 54 63
76 54 63
91 40 56
91 40 56
91 40 56
91 40 56
91 40 56
91 40 56
91 40 56
91 40 56
91 40 56
91 40 56
91 40 56
91 40 56
91 40 56
91 40 56
91 40 56
91 40 56
91 40 56
91 40 56
91 40 56
91 40 56
91 40 56
91 40 56
91 40 56
91 40 56
91 40 56
91 40 56
91 40 56
91 40 56
91 40 56
91 40 56
91 40 56
