156 587 233 220
87 28 33
87 28 33
87 28 33
87 28 33
87 28 33
87 28 33
87 28 33
87 28 33
87 28 33
87 28 33
87 28 33
87 28 33
87 28 33
87 28 33
87 28 33
87 28 33
87 28 33
87 28 33
87 28 33
87 28 33
87 28 33
87 28 33
87 28 33
87 28 33
87 28 33
87 28 33
87 28 33
87 28 33
87 28 33
87 28 33
87 28 33
87 28 33
87 28 33
87 28 33
87 28 33
87 28 33
87 28 33
87 28 33
87 28 33
87 28 33
87 28 33
87 28 33
87 28 33
87 28 33
87 28 33
87 28 33
87 28 33
87 28 33
87 28 33
87 28 33
87 28 33
87 28 33
87 28 33
87 28 33
87 28 33
87 28 33
87 28 33
87 28 33
87 28 33
87 28 33
97 57 70
97 57 70
97 57 70
97 57 70
97 57 70
97 57 70
97 57 70
97 57 70
97 57 70
97 57 70
97 57 70
97 57 70
97 57 70
97 57 70
97 57 70
97 57 70
97 57 70
97 57 70
97 57 70
97 57 70
97 57 70
97 57 70
97 57 70
97 57 70
97 57 70
97 57 70
97 57 70
97 57 70
97 57 70
97 57 70
97 57 70
97 57 70
97 57 70
97 57 70
97 57 70
97 57 70
97 57 70
97 57 70
97 57 70
97 57 70
97 57 70
97 57 70
97 57 70
97 57 70
71 38 57
71 38 57
71 38 57
71 38 57
71 38 57
71 38 57
71 38 57
71 38 57
71 38 57
71 38 57
71 38 57
71 38 57
71 38 57
71 38 57
71 38 57
71 38 57
71 38 57
71 38 57
71 38 57
71 38 57
71 38 57
71 38 57
71 38 57
71 38 57
71 38 57
71 38 57
71 38 57
71 38 57
71 38 57
71 38 57
71 38 57
71 38 57
71 38 57
71 38 57
71 38 57
71 38 57
71 38 57
71 38 57
71 38 57
71 38 57
71 38 57
71 38 57
71 38 57
71 38 57
71 38 57
71 38 57
71 38 57
71 38 57
71 38 57
71 38 57
71 38 57
71 38 57
