98 587 233 220
119 28 34
119 28 34
119 28 34
119 28 34
119 28 34
119 28 34
119 28 34
119 28 34
119 28 34
119 28 34
119 28 34
119 28 34
119 28 34
119 28 34
119 28 34
119 28 34
119 28 34
119 28 34
119 28 34
119 28 34
119 28 34
119 28 34
119 28 34
119 28 34
119 28 34
119 28 34
119 28 34
119 28 34
119 28 34
119 28 34
119 28 34
119 28 34
119 28 34
119 28 34
119 28 34
119 28 34
119 28 34
119 28 34
119 28 34
84 48 69
84 48 69
84 48 69
84 48 69
84 48 69
84 48 69
84 48 69
84 48 69
84 48 69
84 48 69
84 48 69
84 48 69
84 48 69
84 48 69
84 48 69
84 48 69
84 48 69
84 48 69
84 48 69
84 48 69
84 48 69
84 48 69
84 48 69
84 48 69
84 48 69
84 48 69
84 48 69
84 48 69
84 48 69
84 48 69
84 48 69
84 48 69
97 78 82
97 78 82
97 78 82
97 78 82
97 78 82
97 78 82
97 78 82
97 78 82
97 78 82
97 78 82
97 78 82
97 78 82
97 78 82
97 78 82
97 78 82
97 78 82
97 78 82
97 78 82
97 78 82
97 78 82
97 78 82
97 78 82
97 78 82
97 78 82
97 78 82
97 78 82
97 78 82
