126 587 233 220
100 40 60
100 40 60
100 40 60
100 40 60
100 40 60
100 40 60
100 40 60
100 40 60
100 40 60
100 40 60
100 40 60
100 40 60
100 40 60
100 40 60
100 40 60
100 40 60
100 40 60
100 40 60
100 40 60
100 40 60
100 40 60
100 40 60
100 40 60
100 40 60
100 40 60
100 40 60
100 40 60
100 40 60
100 40 60
100 40 60
100 40 60
100 40 60
100 40 60
100 40 60
100 40 60
100 40 60
100 40 60
100 40 60
100 40 60
100 40 60
100 40 60
100 40 60
100 40 60
100 40 60
100 40 60
89 34 67
89 34 67
89 34 67
89 34 67
89 34 67
89 34 67
89 34 67
89 34 67
89 34 67
89 34 67
89 34 67
89 34 67
89 34 67
89 34 67
89 34 67
89 34 67
89 34 67
89 34 67
89 34 67
89 34 67
89 34 67
89 34 67
89 34 67
89 34 67
89 34 67
89 34 67
89 34 67
89 34 67
89 34 67
89 34 67
89 34 67
89 34 67
89 34 67
89 34 67
89 34 67
89 34 67
89 34 67
89 34 67
89 34 67
89 34 67
89 34 67
89 34 67
89 34 67
89 34 67
92 38 80
92 38 80
92 38 80
92 38 80
92 38 80
92 38 80
92 38 80
92 38 80
92 38 80
92 38 80
92 38 80
92 38 80
92 38 80
92 38 80
92 38 80
92 38 80
92 38 80
92 38 80
92 38 80
92 38 80
92 38 80
92 38 80
92 38 80
92 38 80
92 38 80
92 38 80
92 38 80
92 38 80
92 38 80
92 38 80
92 38 80
92 38 80
92 38 80
92 38 80
92 38 80
92 38 80
92 38 80
