96 587 233 220
95 46 92
95 46 92
95 46 92
95 46 92
95 46 92
95 46 92
95 46 92
95 46 92
95 46 92
95 46 92
95 46 92
95 46 92
95 46 92
95 46 92
95 46 92
95 46 92
95 46 92
95 46 92
95 46 92
95 46 92
95 46 92
95 46 92
95 46 92
95 46 92
95 46 92
95 46 92
95 46 92
95 46 92
95 46 92
95 46 92
95 46 92
95 46 92
65 40 60
65 40 60
65 40 60
65 40 60
65 40 60
65 40 60
65 40 60
65 40 60
65 40 60
65 40 60
65 40 60
65 40 60
65 40 60
65 40 60
65 40 60
65 40 60
65 40 60
65 40 60
65 40 60
65 40 60
65 40 60
65 40 60
65 40 60
65 40 60
65 40 60
65 40 60
65 40 60
65 40 60
65 40 60
65 40 60
65 40 60
65 40 60
103 59 62
103 59 62
103 59 62
103 59 62
103 59 62
103 59 62
103 59 62
103 59 62
103 59 62
103 59 62
103 59 62
103 59 62
103 59 62
103 59 62
103 59 62
103 59 62
103 59 62
103 59 62
103 59 62
103 59 62
103 59 62
103 59 62
103 59 62
103 59 62
103 59 62
103 59 62
103 59 62
103 59 62
103 59 62
103 59 62
103 59 62
103 59 62
