101 587 233 220
90 63 70
90 63 70
90 63 70
90 63 70
90 63 70
90 63 70
90 63 70
90 63 70
90 63 70
90 63 70
90 63 70
90 63 70
90 63 70
90 63 70
90 63 70
90 63 70
90 63 70
90 63 70
90 63 70
90 63 70
90 63 70
90 63 70
90 63 70
90 63 70
90 63 70
90 63 70
90 63 70
90 63 70
90 63 70
84 28 78
84 28 78
84 28 78
84 28 78
84 28 78
84 28 78
84 28 78
84 28 78
84 28 78
84 28 78
84 28 78
84 28 78
84 28 78
84 28 78
84 28 78
84 28 78
84 28 78
84 28 78
84 28 78
84 28 78
84 28 78
84 28 78
84 28 78
84 28 78
84 28 78
84 28 78
84 28 78
84 28 78
84 28 78
84 28 78
84 28 78
84 28 78
94 39 85
94 39 85
94 39 85
94 39 85
94 39 85
94 39 85
94 39 85
94 39 85
94 39 85
94 39 85
94 39 85
94 39 85
94 39 85
94 39 85
94 39 85
94 39 85
94 39 85
94 39 85
94 39 85
94 39 85
94 39 85
94 39 85
94 39 85
94 39 85
94 39 85
94 39 85
94 39 85
94 39 85
94 39 85
94 39 85
94 39 85
94 39 85
94 39 85
94 39 85
94 39 85
94 39 85
94 39 85
94 39 85
94 39 85
94 39 85
