90 587 233 220
91 33 52
91 33 52
91 33 52
91 33 52
91 33 52
91 33 52
91 33 52
91 33 52
91 33 52
91 33 52
91 33 52
91 33 52
91 33 52
91 33 52
91 33 52
91 33 52
91 33 52
91 33 52
91 33 52
91 33 52
91 33 52
91 33 52
91 33 52
91 33 52
91 33 52
91 33 52
91 33 52
91 33 52
91 33 52
91 33 52
87 63 81
87 63 81
87 63 81
87 63 81
87 63 81
87 63 81
87 63 81
87 63 81
87 63 81
87 63 81
87 63 81
87 63 81
87 63 81
87 63 81
87 63 81
87 63 81
87 63 81
87 63 81
87 63 81
87 63 81
87 63 81
87 63 81
87 63 81
87 63 81
87 63 81
87 63 81
113 45 79
113 45 79
113 45 79
113 45 79
113 45 79
113 45 79
113 45 79
113 45 79
113 45 79
113 45 79
113 45 79
113 45 79
113 45 79
113 45 79
113 45 79
113 45 79
113 45 79
113 45 79
113 45 79
113 45 79
113 45 79
113 45 79
113 45 79
113 45 79
113 45 79
113 45 79
113 45 79
113 45 79
113 45 79
113 45 79
113 45 79
113 45 79
113 45 79
113 45 79
