88 587 233 220
96 63 82
96 63 82
96 63 82
96 63 82
96 63 82
96 63 82
96 63 82
96 63 82
96 63 82
96 63 82
96 63 82
96 63 82
96 63 82
96 63 82
96 63 82
96 63 82
96 63 82
96 63 82
96 63 82
96 63 82
96 63 82
96 63 82
96 63 82
96 63 82
96 63 82
96 63 82
96 63 82
96 63 82
96 63 82
96 63 82
96 63 82
96 63 82
74 59 63
74 59 63
74 59 63
74 59 63
74 59 63
74 59 63
74 59 63
74 59 63
74 59 63
74 59 63
74 59 63
74 59 63
74 59 63
74 59 63
74 59 63
74 59 63
74 59 63
74 59 63
74 59 63
74 59 63
74 59 63
74 59 63
74 59 63
74 59 63
74 59 63
74 59 63
74 59 63
74 59 63
74 59 63
74 59 63
74 59 63
74 59 63
74 59 63
86 43 60
86 43 60
86 43 60
86 43 60
86 43 60
86 43 60
86 43 60
86 43 60
86 43 60
86 43 60
86 43 60
86 43 60
86 43 60
86 43 60
86 43 60
86 43 60
86 43 60
86 43 60
86 43 60
86 43 60
86 43 60
86 43 60
86 43 60
