100 587 233 220
78 37 69
78 37 69
78 37 69
78 37 69
78 37 69
78 37 69
78 37 69
78 37 69
78 37 69
78 37 69
78 37 69
78 37 69
78 37 69
78 37 69
78 37 69
78 37 69
78 37 69
78 37 69
78 37 69
78 37 69
78 37 69
78 37 69
78 37 69
78 37 69
78 37 69
78 37 69
115 58 90
115 58 90
115 58 90
115 58 90
115 58 90
115 58 90
115 58 90
115 58 90
115 58 90
115 58 90
115 58 90
115 58 90
115 58 90
115 58 90
115 58 90
115 58 90
115 58 90
115 58 90
115 58 90
115 58 90
115 58 90
115 58 90
115 58 90
115 58 90
115 58 90
115 58 90
115 58 90
115 58 90
115 58 90
115 58 90
115 58 90
115 58 90
115 58 90
115 58 90
115 58 90
115 58 90
115 58 90
68 20 53
68 20 53
68 20 53
68 20 53
68 20 53
68 20 53
68 20 53
68 20 53
68 20 53
68 20 53
68 20 53
68 20 53
68 20 53
68 20 53
68 20 53
68 20 53
68 20 53
68 20 53
68 20 53
68 20 53
68 20 53
68 20 53
68 20 53
68 20 53
68 20 53
68 20 53
68 20 53
68 20 53
68 20 53
68 20 53
68 20 53
68 20 53
68 20 53
68 20 53
68 20 53
68 20 53
68 20 53
