133 587 233 220
75 69 73
75 69 73
75 69 73
75 69 73
75 69 73
75 69 73
75 69 73
75 69 73
75 69 73
75 69 73
75 69 73
75 69 73
75 69 73
75 69 73
75 69 73
75 69 73
75 69 73
75 69 73
75 69 73
75 69 73
75 69 73
75 69 73
75 69 73
75 69 73
75 69 73
75 69 73
75 69 73
75 69 73
75 69 73
75 69 73
75 69 73
75 69 73
75 69 73
75 69 73
75 69 73
75 69 73
75 69 73
75 69 73
75 69 73
75 69 73
75 69 73
75 69 73
75 69 73
75 69 73
75 69 73
75 69 73
66 40 56
66 40 56
66 40 56
66 40 56
66 40 56
66 40 56
66 40 56
66 40 56
66 40 56
66 40 56
66 40 56
66 40 56
66 40 56
66 40 56
66 40 56
66 40 56
66 40 56
66 40 56
66 40 56
66 40 56
66 40 56
66 40 56
66 40 56
66 40 56
66 40 56
66 40 56
66 40 56
66 40 56
66 40 56
66 40 56
66 40 56
66 40 56
66 40 56
66 40 56
66 40 56
66 40 56
66 40 56
66 40 56
66 40 56
66 40 56
66 40 56
66 40 56
66 40 56
66 40 56
66 40 56
66 40 56
66 40 56
66 40 56
66 40 56
66 40 56
66 40 56
66 40 56
66 40 56
66 40 56
66 40 56
64 41 51
64 41 51
64 41 51
64 41 51
64 41 51
64 41 51
64 41 51
64 41 51
64 41 51
64 41 51
64 41 51
64 41 51
64 41 51
64 41 51
64 41 51
64 41 51
64 41 51
64 41 51
64 41 51
64 41 51
64 41 51
64 41 51
64 41 51
64 41 51
64 41 51
64 41 51
64 41 51
64 41 51
64 41 51
64 41 51
64 41 51
64 41 51
