139 587 233 220
101 20 69
101 20 69
101 20 69
101 20 69
101 20 69
101 20 69
101 20 69
101 20 69
101 20 69
101 20 69
101 20 69
101 20 69
101 20 69
101 20 69
101 20 69
101 20 69
101 20 69
101 20 69
101 20 69
101 20 69
101 20 69
101 20 69
101 20 69
101 20 69
101 20 69
101 20 69
101 20 69
101 20 69
101 20 69
101 20 69
101 20 69
101 20 69
101 20 69
101 20 69
101 20 69
101 20 69
101 20 69
101 20 69
101 20 69
101 20 69
101 20 69
101 20 69
101 20 69
101 20 69
101 20 69
101 20 69
101 20 69
101 20 69
101 20 69
101 20 69
108 54 66
108 54 66
108 54 66
108 54 66
108 54 66
108 54 66
108 54 66
108 54 66
108 54 66
108 54 66
108 54 66
108 54 66
108 54 66
108 54 66
108 54 66
108 54 66
108 54 66
108 54 66
108 54 66
108 54 66
108 54 66
108 54 66
108 54 66
108 54 66
108 54 66
108 54 66
108 54 66
108 54 66
108 54 66
108 54 66
108 54 66
108 54 66
108 54 66
108 54 66
108 54 66
108 54 66
108 54 66
108 54 66
108 54 66
108 54 66
74 33 62
74 33 62
74 33 62
74 33 62
74 33 62
74 33 62
74 33 62
74 33 62
74 33 62
74 33 62
74 33 62
74 33 62
74 33 62
74 33 62
74 33 62
74 33 62
74 33 62
74 33 62
74 33 62
74 33 62
74 33 62
74 33 62
74 33 62
74 33 62
74 33 62
74 33 62
74 33 62
74 33 62
74 33 62
74 33 62
74 33 62
74 33 62
74 33 62
74 33 62
74 33 62
74 33 62
74 33 62
74 33 62
74 33 62
74 33 62
74 33 62
74 33 62
74 33 62
74 33 62
74 33 62
74 33 62
74 33 62
74 33 62
74 33 62
