182 587 233 220
64 26 42
64 26 42
64 26 42
64 26 42
64 26 42
64 26 42
64 26 42
64 26 42
64 26 42
64 26 42
64 26 42
64 26 42
64 26 42
64 26 42
64 26 42
64 26 42
64 26 42
64 26 42
64 26 42
64 26 42
64 26 42
64 26 42
64 26 42
64 26 42
64 26 42
64 26 42
64 26 42
64 26 42
64 26 42
64 26 42
64 26 42
64 26 42
64 26 42
64 26 42
64 26 42
64 26 42
64 26 42
64 26 42
64 26 42
64 26 42
64 26 42
64 26 42
64 26 42
64 26 42
64 26 42
64 26 42
64 26 42
64 26 42
64 26 42
64 26 42
64 26 42
64 26 42
64 26 42
64 26 42
64 26 42
64 26 42
64 26 42
64 26 42
64 26 42
64 26 42
64 26 42
64 26 42
92 52 58
92 52 58
92 52 58
92 52 58
92 52 58
92 52 58
92 52 58
92 52 58
92 52 58
92 52 58
92 52 58
92 52 58
92 52 58
92 52 58
92 52 58
92 52 58
92 52 58
92 52 58
92 52 58
92 52 58
92 52 58
92 52 58
92 52 58
92 52 58
92 52 58
92 52 58
92 52 58
92 52 58
92 52 58
92 52 58
92 52 58
92 52 58
92 52 58
92 52 58
92 52 58
92 52 58
92 52 58
92 52 58
92 52 58
92 52 58
92 52 58
92 52 58
92 52 58
92 52 58
92 52 58
92 52 58
92 52 58
92 52 58
92 52 58
92 52 58
92 52 58
92 52 58
92 52 58
92 21 85
92 21 85
92 21 85
92 21 85
92 21 85
92 21 85
92 21 85
92 21 85
92 21 85
92 21 85
92 21 85
92 21 85
92 21 85
92 21 85
92 21 85
92 21 85
92 21 85
92 21 85
92 21 85
92 21 85
92 21 85
92 21 85
92 21 85
92 21 85
92 21 85
92 21 85
92 21 85
92 21 85
92 21 85
92 21 85
92 21 85
92 21 85
92 21 85
92 21 85
92 21 85
92 21 85
92 21 85
92 21 85
92 21 85
92 21 85
92 21 85
92 21 85
92 21 85
92 21 85
92 21 85
92 21 85
92 21 85
92 21 85
92 21 85
92 21 85
92 21 85
92 21 85
92 21 85
92 21 85
92 21 85
92 21 85
92 21 85
92 21 85
92 21 85
92 21 85
92 21 85
92 21 85
92 21 85
92 21 85
92 21 85
92 21 85
92 21 85
