140 587 233 220
74 32 60
74 32 60
74 32 60
74 32 60
74 32 60
74 32 60
74 32 60
74 32 60
74 32 60
74 32 60
74 32 60
74 32 60
74 32 60
74 32 60
74 32 60
74 32 60
74 32 60
74 32 60
74 32 60
74 32 60
74 32 60
74 32 60
74 32 60
74 32 60
74 32 60
74 32 60
74 32 60
74 32 60
74 32 60
74 32 60
74 32 60
74 32 60
74 32 60
74 32 60
74 32 60
74 32 60
74 32 60
74 32 60
74 32 60
74 32 60
74 32 60
74 32 60
74 32 60
74 32 60
74 32 60
74 32 60
74 32 60
74 32 60
100 43 50
100 43 50
100 43 50
100 43 50
100 43 50
100 43 50
100 43 50
100 43 50
100 43 50
100 43 50
100 43 50
100 43 50
100 43 50
100 43 50
100 43 50
100 43 50
100 43 50
100 43 50
100 43 50
100 43 50
100 43 50
100 43 50
100 43 50
100 43 50
100 43 50
100 43 50
100 43 50
100 43 50
100 43 50
100 43 50
100 43 50
100 43 50
100 43 50
100 43 50
100 43 50
100 43 50
100 43 50
100 43 50
100 43 50
100 43 50
100 43 50
100 43 50
100 43 50
100 43 50
100 43 50
100 43 50
100 43 50
100 43 50
100 43 50
100 43 50
95 42 74
95 42 74
95 42 74
95 42 74
95 42 74
95 42 74
95 42 74
95 42 74
95 42 74
95 42 74
95 42 74
95 42 74
95 42 74
95 42 74
95 42 74
95 42 74
95 42 74
95 42 74
95 42 74
95 42 74
95 42 74
95 42 74
95 42 74
95 42 74
95 42 74
95 42 74
95 42 74
95 42 74
95 42 74
95 42 74
95 42 74
95 42 74
95 42 74
95 42 74
95 42 74
95 42 74
95 42 74
95 42 74
95 42 74
95 42 74
95 42 74
95 42 74
