122 587 233 220
106 38 55
106 38 55
106 38 55
106 38 55
106 38 55
106 38 55
106 38 55
106 38 55
106 38 55
106 38 55
106 38 55
106 38 55
106 38 55
106 38 55
106 38 55
106 38 55
106 38 55
106 38 55
106 38 55
106 38 55
106 38 55
106 38 55
106 38 55
106 38 55
106 38 55
106 38 55
106 38 55
106 38 55
106 38 55
106 38 55
106 38 55
106 38 55
106 38 55
106 38 55
106 38 55
106 38 55
106 38 55
106 38 55
106 38 55
106 38 55
106 38 55
106 38 55
106 38 55
106 38 55
106 38 55
106 38 55
69 48 50
69 48 50
69 48 50
69 48 50
69 48 50
69 48 50
69 48 50
69 48 50
69 48 50
69 48 50
69 48 50
69 48 50
69 48 50
69 48 50
69 48 50
69 48 50
69 48 50
69 48 50
69 48 50
69 48 50
69 48 50
69 48 50
69 48 50
69 48 50
69 48 50
69 48 50
69 48 50
69 48 50
69 48 50
69 48 50
69 48 50
69 48 50
69 48 50
69 48 50
69 48 50
69 48 50
69 48 50
69 48 50
69 48 50
69 48 50
69 48 50
69 48 50
106 57 63
106 57 63
106 57 63
106 57 63
106 57 63
106 57 63
106 57 63
106 57 63
106 57 63
106 57 63
106 57 63
106 57 63
106 57 63
106 57 63
106 57 63
106 57 63
106 57 63
106 57 63
106 57 63
106 57 63
106 57 63
106 57 63
106 57 63
106 57 63
106 57 63
106 57 63
106 57 63
106 57 63
106 57 63
106 57 63
106 57 63
106 57 63
106 57 63
106 57 63
