154 587 233 220
51 44 46
51 44 46
51 44 46
51 44 46
51 44 46
51 44 46
51 44 46
51 44 46
51 44 46
51 44 46
51 44 46
51 44 46
51 44 46
51 44 46
51 44 46
51 44 46
51 44 46
51 44 46
51 44 46
51 44 46
51 44 46
51 44 46
51 44 46
51 44 46
51 44 46
51 44 46
51 44 46
51 44 46
51 44 46
51 44 46
51 44 46
51 44 46
51 44 46
51 44 46
51 44 46
51 44 46
51 44 46
51 44 46
51 44 46
51 44 46
51 44 46
51 44 46
51 44 46
51 44 46
51 44 46
51 44 46
51 44 46
51 44 46
51 44 46
51 44 46
51 44 46
51 44 46
51 44 46
51 44 46
51 44 46
51 44 46
51 44 46
51 44 46
51 44 46
51 44 46
51 44 46
51 44 46
51 44 46
51 44 46
95 47 92
95 47 92
95 47 92
95 47 92
95 47 92
95 47 92
95 47 92
95 47 92
95 47 92
95 47 92
95 47 92
95 47 92
95 47 92
95 47 92
95 47 92
95 47 92
95 47 92
95 47 92
95 47 92
95 47 92
95 47 92
95 47 92
95 47 92
95 47 92
95 47 92
95 47 92
95 47 92
95 47 92
95 47 92
95 47 92
95 47 92
95 47 92
95 47 92
95 47 92
95 47 92
95 47 92
95 47 92
95 47 92
95 47 92
95 47 92
95 47 92
95 47 92
95 47 92
95 47 92
95 47 92
95 47 92
116 23 39
116 23 39
116 23 39
116 23 39
116 23 39
116 23 39
116 23 39
116 23 39
116 23 39
116 23 39
116 23 39
116 23 39
116 23 39
116 23 39
116 23 39
116 23 39
116 23 39
116 23 39
116 23 39
116 23 39
116 23 39
116 23 39
116 23 39
116 23 39
116 23 39
116 23 39
116 23 39
116 23 39
116 23 39
116 23 39
116 23 39
116 23 39
116 23 39
116 23 39
116 23 39
116 23 39
116 23 39
116 23 39
116 23 39
116 23 39
116 23 39
116 23 39
116 23 39
116 23 39
