# MHKP instance for submodel V0 of Deplano et al. (2019)
# BINS:  length width height priority
# ITEMS: length width height
# beta (gcd of item sides) = 1
BINS
120 120 120 5.78703703704e-07
ITEMS
26 28 37
49 70 45
65 45 45
59 57 44
72 48 70
44 72 53
70 42 66
38 31 28
68 64 69
72 52 47
55 45 61
57 42 52
58 63 71
27 32 42
53 47 62
32 19 24
22 25 21
52 62 66
59 69 54
32 41 34
54 59 59
42 57 71
64 72 52
27 23 24
51 48 59
27 19 25
46 45 44
32 18 41
54 51 59
67 56 52
69 63 59
18 39 32
22 33 38
57 50 52
58 54 60
65 65 42
46 52 49
70 45 57
42 42 49
46 59 54
61 61 59
20 33 36
35 34 20
49 67 48
60 58 72
54 46 52
34 40 41
24 38 38
45 51 48
60 59 51
45 52 57
19 34 39
61 68 64
39 20 23
62 46 55
52 66 48
70 62 55
25 37 21
61 55 58
26 32 39
72 52 72
45 60 46
45 57 43
55 59 57
50 65 45
52 68 43
58 51 44
40 23 18
52 63 61
64 53 70
69 47 58
53 49 72
61 46 61
44 58 45
35 27 32
43 59 63
36 22 19
55 42 54
24 31 19
62 51 54
71 53 50
66 49 48
40 30 41
43 56 43
42 66 59
29 22 24
47 69 72
69 50 63
57 62 48
52 45 56
27 33 42
50 69 70
57 72 71
39 25 30
61 62 66
54 54 57
60 66 44
35 21 20
53 45 49
30 18 18
72 56 62
70 52 48
49 59 45
44 72 56
58 50 47
54 44 47
46 69 52
19 36 19
58 67 66
53 69 63
38 33 19
39 22 25
42 36 21
50 69 60
50 62 54
52 67 64
68 45 46
53 45 61
43 48 58
72 43 56
47 47 55
61 42 44
26 28 36
44 70 71
63 53 42
54 43 56
41 21 28
48 54 43
58 62 64
69 60 62
