# MHKP instance for submodel V0 of Deplano et al. (2019)
# BINS:  length width height priority
# ITEMS: length width height
# beta (gcd of item sides) = 1
BINS
120 120 120 5.78703703704e-07
ITEMS
62 68 46
56 57 57
42 39 29
71 55 71
30 30 42
56 72 66
70 53 58
53 70 60
59 64 55
59 65 47
42 62 50
59 52 47
67 67 57
45 44 56
67 61 54
51 64 67
63 72 69
66 43 49
47 61 72
69 67 60
29 26 21
65 61 50
64 46 48
63 66 70
56 53 57
20 41 36
48 66 48
23 41 41
68 71 58
59 54 63
50 53 72
60 43 67
68 60 61
52 57 71
45 57 45
48 59 68
49 46 45
29 42 40
28 27 35
42 63 62
59 48 69
57 45 71
42 63 68
72 60 59
63 49 64
49 66 67
43 54 61
51 53 57
47 56 54
45 52 67
51 48 64
60 53 42
59 45 42
64 66 72
46 68 72
64 68 50
42 45 43
39 26 31
43 47 61
52 43 64
44 47 64
27 21 21
61 49 54
58 51 71
22 20 31
56 58 59
48 57 42
53 60 68
53 71 68
42 64 72
42 30 30
18 18 39
50 53 61
71 70 60
47 66 65
62 71 45
55 53 60
29 32 35
43 47 71
44 56 66
32 28 25
55 56 57
34 21 25
53 69 45
67 44 47
30 40 29
53 50 60
34 27 31
62 64 68
26 31 23
67 72 72
46 60 52
42 46 56
31 40 35
42 66 58
41 22 21
48 59 56
53 44 67
50 56 51
51 56 54
48 49 63
19 26 30
72 62 44
42 71 53
53 66 67
53 51 45
48 70 43
32 42 39
44 48 47
66 52 61
38 19 32
40 39 42
41 27 23
40 26 23
40 40 34
63 43 49
59 56 67
52 44 48
44 54 48
55 71 44
55 46 46
44 70 60
49 53 59
49 65 64
52 55 45
58 49 68
68 72 64
50 65 64
63 46 43
48 51 43
