# MHKP instance for submodel V0 of Deplano et al. (2019)
# BINS:  length width height priority
# ITEMS: length width height
# beta (gcd of item sides) = 1
BINS
120 120 120 5.78703703704e-07
ITEMS
19 27 41
47 62 66
53 72 52
60 49 43
20 32 30
43 48 63
70 65 62
51 72 42
72 45 53
66 54 48
58 71 61
61 52 64
42 46 68
53 48 59
48 56 46
35 26 29
34 19 35
49 66 45
35 26 42
53 60 53
30 30 23
53 64 56
61 45 43
67 64 64
50 65 48
30 27 19
21 38 35
48 62 52
20 21 39
57 42 62
38 25 42
42 59 62
63 59 67
46 56 55
68 49 61
66 46 72
50 66 49
61 53 49
42 47 70
51 69 59
72 43 59
43 57 65
52 44 67
67 52 65
30 30 26
48 42 68
65 62 64
23 19 28
27 42 30
69 72 43
57 52 68
36 42 25
30 36 28
66 54 43
33 29 33
47 46 66
37 25 18
42 38 39
66 61 57
42 68 50
61 71 61
42 25 38
42 21 41
68 51 52
50 68 56
32 24 25
59 68 49
66 64 42
64 63 57
54 60 44
48 44 46
27 40 19
42 38 23
18 32 36
54 70 71
31 40 18
30 40 18
57 52 44
45 61 54
30 37 18
43 64 54
70 50 60
69 67 55
27 34 28
50 70 65
28 23 37
70 44 42
67 60 68
72 67 54
20 35 33
65 57 58
64 60 71
58 55 72
44 72 62
59 49 43
25 25 24
35 40 38
40 22 33
69 45 48
66 44 59
31 39 33
37 18 18
68 68 56
50 72 51
25 28 40
40 38 28
23 42 33
29 19 29
65 52 51
49 44 61
56 53 52
52 48 69
54 56 68
30 31 41
72 71 48
70 54 53
62 59 66
53 52 63
42 33 18
66 53 69
43 68 71
66 44 57
43 50 56
24 29 36
44 63 52
71 42 46
52 68 71
65 62 49
65 56 68
50 42 52
