# MHKP instance for submodel V0 of Deplano et al. (2019)
# BINS:  length width height priority
# ITEMS: length width height
# beta (gcd of item sides) = 1
BINS
120 120 120 5.78703703704e-07
ITEMS
63 51 55
42 37 29
28 42 36
36 26 29
60 72 55
41 24 25
55 72 52
57 57 55
58 68 58
36 37 23
40 20 20
53 42 46
56 44 51
35 22 27
56 54 53
31 34 20
29 20 33
52 64 65
63 55 65
24 39 39
55 44 47
26 22 36
24 39 22
54 43 70
61 65 49
55 68 71
52 61 53
66 72 55
71 50 49
58 58 63
47 42 71
70 54 45
42 28 22
44 66 57
68 53 61
61 67 44
68 48 67
64 57 61
42 61 65
53 72 53
25 19 29
40 37 19
45 43 71
47 70 45
52 71 48
30 26 25
64 72 61
60 47 50
55 58 46
51 70 66
45 65 53
60 42 71
49 63 62
65 69 47
30 26 30
45 64 66
72 62 47
47 48 53
55 72 51
54 42 69
50 58 47
67 59 57
64 52 54
32 37 29
24 25 35
43 49 50
21 26 18
69 64 57
22 36 41
60 71 57
24 25 30
46 61 54
48 43 60
61 68 60
51 70 47
18 20 41
41 31 23
53 55 64
30 40 27
31 24 24
66 42 66
57 60 48
52 50 53
44 64 56
20 20 40
33 21 33
50 51 65
55 50 45
64 60 72
28 30 35
18 19 19
35 40 18
72 59 68
42 71 44
60 51 72
54 62 56
43 62 68
55 67 44
60 50 61
45 63 65
48 47 62
63 46 51
71 51 48
51 52 70
52 48 51
27 23 31
61 45 64
48 71 54
57 51 56
71 51 42
60 48 58
39 38 24
52 55 64
40 25 35
18 36 34
36 27 26
53 68 63
68 63 60
36 30 19
37 40 38
54 66 46
56 66 69
45 54 50
48 54 65
67 42 66
39 33 34
52 67 51
43 48 68
65 53 53
60 51 50
