# MHKP instance for submodel V0 of Deplano et al. (2019)
# BINS:  length width height priority
# ITEMS: length width height
# beta (gcd of item sides) = 1
BINS
120 120 120 5.78703703704e-07
ITEMS
21 36 30
59 48 42
71 72 65
65 51 49
67 52 42
46 61 65
61 51 62
56 71 66
66 72 43
53 54 50
50 53 57
42 69 64
64 61 46
58 66 50
46 62 62
56 51 66
68 59 53
44 51 47
62 68 72
58 44 43
27 27 37
47 45 45
32 24 31
63 59 65
27 41 39
45 64 63
55 46 47
70 44 59
70 63 44
33 19 34
19 22 29
53 69 43
71 69 69
19 31 27
63 65 44
54 61 49
69 70 45
47 53 51
40 19 23
27 21 30
51 60 49
71 58 62
55 66 45
69 44 68
49 65 58
70 46 64
27 22 37
69 67 42
72 63 45
54 54 66
59 67 45
28 38 32
46 42 45
21 29 42
26 31 25
31 41 36
61 54 62
45 42 53
21 37 18
69 45 46
40 20 42
58 59 48
72 59 44
66 66 43
47 65 51
67 61 46
62 43 64
22 24 36
67 57 58
61 70 46
41 25 33
72 45 72
33 21 20
58 70 52
60 67 54
34 29 20
69 71 53
25 18 27
30 39 31
31 40 37
26 20 18
48 51 61
56 49 47
49 51 69
38 19 26
45 59 65
48 69 58
68 66 63
20 29 37
64 66 51
59 53 52
24 42 18
69 71 52
47 53 71
22 28 36
51 58 56
58 44 42
72 56 51
21 26 29
72 56 72
19 21 34
72 58 53
30 39 18
67 43 68
52 61 71
25 34 37
28 23 24
32 30 19
53 54 56
29 33 18
56 49 66
71 47 57
63 66 72
57 45 69
27 36 26
37 36 35
41 29 36
62 53 66
48 60 58
69 64 53
45 50 70
66 72 64
20 24 21
29 23 29
72 67 61
46 47 57
25 39 31
54 56 55
68 43 48
54 42 54
