# MHKP instance for submodel V0 of Deplano et al. (2019)
# BINS:  length width height priority
# ITEMS: length width height
# beta (gcd of item sides) = 1
BINS
120 120 120 5.78703703704e-07
ITEMS
72 56 58
42 57 62
68 44 55
20 39 20
66 45 57
68 42 66
67 67 53
47 50 66
33 21 22
64 53 51
65 70 63
31 19 34
64 55 69
68 46 71
29 26 29
61 64 71
30 26 26
55 67 58
48 58 55
68 48 70
32 30 36
57 60 52
60 49 67
46 63 47
36 19 18
32 22 27
47 50 51
36 42 31
52 58 55
58 65 61
45 52 61
63 62 62
67 64 65
57 56 45
60 45 65
34 41 42
38 42 19
70 67 71
53 66 64
68 46 68
59 53 64
26 35 26
59 63 43
69 62 59
64 72 61
42 27 33
45 72 58
23 22 26
64 48 59
56 42 49
26 25 42
72 69 70
53 69 46
43 70 64
56 62 51
51 54 70
46 53 42
20 29 25
58 47 42
53 68 44
71 52 53
71 58 67
20 28 38
57 46 42
48 55 48
72 45 42
33 23 31
64 45 52
42 47 44
49 52 57
62 65 66
35 32 37
61 60 51
46 46 63
45 59 63
43 48 72
32 26 34
58 56 53
27 41 23
56 72 57
44 72 64
59 51 49
26 21 28
59 65 68
61 61 62
51 62 64
42 72 42
29 28 28
53 54 48
58 71 61
58 44 44
72 58 49
49 50 64
51 68 61
28 38 34
29 20 28
44 72 67
57 63 62
58 60 62
64 47 47
56 52 48
69 44 47
57 58 46
37 35 33
37 23 19
34 38 31
49 43 59
68 65 58
45 57 64
57 65 44
26 23 33
54 71 64
43 51 50
63 68 66
31 25 42
25 42 39
42 32 37
32 40 35
64 43 55
68 44 46
39 24 31
56 62 52
52 57 65
67 55 53
33 39 39
70 46 61
51 48 51
61 70 54
28 36 27
47 67 59
