# MHKP instance for submodel V0 of Deplano et al. (2019)
# BINS:  length width height priority
# ITEMS: length width height
# beta (gcd of item sides) = 1
BINS
120 120 120 5.78703703704e-07
ITEMS
49 56 45
38 20 34
27 32 18
29 31 21
22 35 40
44 45 54
45 69 72
43 62 47
47 67 70
67 53 63
66 67 67
37 25 36
42 54 58
62 53 53
55 59 70
68 45 51
56 68 59
68 44 52
60 49 67
69 71 69
54 47 50
19 24 34
48 57 67
21 38 42
65 55 52
61 52 53
69 70 43
31 32 31
19 34 38
24 42 34
51 43 68
69 44 65
37 18 23
42 47 58
34 42 41
68 47 62
42 62 43
58 45 69
60 62 53
62 47 59
43 72 48
61 57 70
47 42 71
69 54 42
52 45 63
45 62 47
53 72 45
35 26 41
31 30 36
53 69 70
50 45 65
37 36 33
33 36 33
70 50 61
71 61 56
20 28 21
44 72 44
56 51 56
32 35 37
21 33 27
28 32 38
51 43 51
47 42 62
47 68 61
63 42 43
53 58 55
67 60 69
49 42 62
33 19 40
27 21 29
59 48 47
36 21 23
39 28 39
30 31 27
31 38 33
42 61 60
58 46 50
45 61 70
59 59 57
59 47 68
30 31 40
55 62 61
20 39 18
71 63 54
52 59 66
64 65 64
57 57 68
45 58 53
49 66 56
55 44 60
45 47 63
53 60 72
19 22 30
53 45 48
57 59 69
45 53 69
64 56 44
18 18 23
21 38 37
44 69 63
67 45 47
43 69 49
60 61 63
24 26 20
45 69 63
46 67 52
49 51 64
48 60 47
72 50 57
43 55 57
54 70 59
71 68 72
49 58 71
46 58 49
71 69 54
52 42 44
34 34 31
68 64 63
55 55 60
49 62 69
55 72 67
71 50 63
49 58 49
22 19 38
40 41 28
55 60 49
32 20 33
68 59 46
18 27 29
44 46 50
