# MHKP instance for submodel V0 of Deplano et al. (2019)
# BINS:  length width height priority
# ITEMS: length width height
# beta (gcd of item sides) = 1
BINS
120 120 120 5.78703703704e-07
ITEMS
70 59 42
25 26 28
59 46 57
24 27 40
69 48 66
48 60 71
67 49 52
54 71 45
26 41 23
37 21 40
48 67 56
49 43 57
18 22 20
55 63 63
60 66 52
71 71 47
49 72 52
43 65 51
70 48 53
23 34 27
53 50 62
57 64 48
50 54 66
50 60 45
63 54 50
63 56 56
33 41 21
60 44 52
42 22 33
52 42 68
66 67 44
49 62 58
27 34 23
45 48 50
56 55 43
52 62 47
52 45 58
71 60 61
52 56 60
27 19 31
46 44 50
20 39 28
32 26 24
68 64 71
51 45 53
39 39 29
31 24 18
71 66 67
69 43 69
42 21 27
49 51 52
37 19 24
61 63 48
67 51 45
66 70 55
68 64 65
49 65 48
44 67 53
22 27 39
53 71 51
35 29 31
18 31 33
42 69 47
55 68 51
69 61 64
64 71 57
72 45 64
58 46 70
37 35 41
59 45 49
54 50 54
34 39 23
56 68 45
55 66 45
36 40 23
25 21 27
61 59 57
45 72 42
32 33 27
48 72 44
63 59 49
34 37 28
32 21 39
46 62 58
63 53 71
35 27 38
56 51 56
64 47 42
37 40 24
55 46 63
38 25 29
49 46 60
28 41 23
57 63 43
21 21 20
20 41 21
46 46 63
52 54 64
31 24 34
59 66 43
41 33 34
72 47 64
33 24 34
72 56 59
53 66 55
39 21 24
56 71 46
72 49 59
49 62 69
68 66 69
53 60 68
56 50 44
20 42 37
52 70 45
71 55 70
59 47 54
62 61 69
45 64 52
47 44 60
67 45 49
53 67 66
25 40 20
53 54 57
41 36 41
51 52 66
51 57 59
70 44 44
45 64 46
66 46 72
30 37 40
