# MHKP instance for submodel V0 of Deplano et al. (2019)
# BINS:  length width height priority
# ITEMS: length width height
# beta (gcd of item sides) = 1
BINS
120 120 120 5.78703703704e-07
ITEMS
33 20 28
49 48 54
41 22 18
67 67 50
69 60 44
31 29 23
26 20 30
24 37 30
61 67 49
48 46 64
58 59 58
72 70 61
43 43 48
44 43 62
66 67 57
36 34 37
46 43 53
43 56 67
52 43 46
61 55 46
63 66 51
44 60 71
60 56 43
49 69 69
63 62 48
69 58 53
46 65 62
56 48 48
60 67 68
49 42 72
20 29 26
35 36 38
64 61 54
72 71 47
28 34 23
18 23 28
51 55 57
56 62 69
47 51 71
61 46 42
41 24 18
64 69 63
69 60 64
32 20 24
19 29 37
57 68 49
44 57 60
57 72 50
44 49 62
24 26 39
29 33 35
55 53 47
71 44 59
23 31 34
54 57 60
57 48 56
59 47 56
66 56 54
38 26 41
46 45 46
64 63 49
61 42 59
59 72 47
58 59 68
34 29 37
63 52 50
67 47 67
50 70 61
49 61 58
61 56 67
71 58 42
52 54 61
30 42 23
20 28 24
51 68 72
44 61 58
62 72 56
56 57 60
50 65 54
36 18 24
51 59 66
40 30 39
40 41 34
61 56 46
59 49 58
71 68 64
54 42 60
68 43 66
44 52 63
18 25 25
61 49 44
50 52 69
46 45 71
63 60 49
33 24 23
70 59 67
58 72 69
64 66 52
46 43 49
41 18 36
71 53 43
19 40 38
60 49 52
60 68 50
50 62 57
67 61 64
61 54 60
58 65 56
61 64 60
38 27 32
50 50 46
42 37 36
50 44 65
60 69 66
47 53 44
46 55 54
61 50 63
23 40 36
55 59 60
69 61 72
43 66 48
66 42 66
70 52 45
20 35 38
43 57 70
52 42 46
22 18 21
66 48 48
31 21 38
20 41 29
