# MHKP instance for submodel V0 of Deplano et al. (2019)
# BINS:  length width height priority
# ITEMS: length width height
# beta (gcd of item sides) = 1
BINS
120 120 120 5.78703703704e-07
ITEMS
54 54 58
65 49 59
44 72 43
58 52 58
49 62 49
43 61 58
64 72 43
33 23 34
46 59 48
33 40 35
49 64 58
46 54 48
64 57 54
20 18 27
65 50 53
56 47 66
70 58 58
43 46 56
48 48 60
43 49 62
50 51 53
18 33 29
65 61 66
46 43 49
42 68 46
64 60 70
36 23 37
61 63 61
57 42 59
43 51 60
42 61 70
41 34 18
72 58 48
42 72 49
58 44 56
53 56 49
40 40 36
38 42 29
69 63 57
45 66 50
42 54 66
51 45 58
42 69 53
21 28 19
48 59 50
32 27 25
36 23 36
46 44 51
19 21 41
42 46 51
36 27 22
29 42 35
35 24 27
24 24 23
32 25 38
48 70 45
70 53 71
67 42 60
56 44 44
58 60 47
37 23 22
62 66 42
42 62 67
48 60 65
54 68 65
68 54 67
42 60 42
52 66 72
56 54 44
21 33 29
50 67 46
44 65 68
61 66 55
50 59 70
38 20 23
69 48 51
70 53 50
34 31 20
32 24 31
62 62 55
62 55 55
25 38 34
56 43 47
55 53 59
56 59 55
71 50 55
38 36 18
34 22 29
42 57 60
23 24 18
52 66 49
55 53 61
67 54 42
42 29 26
55 67 50
67 42 68
50 56 68
48 51 57
62 49 50
72 61 48
48 62 46
26 37 38
46 70 61
68 57 47
64 50 48
56 53 44
70 45 57
30 27 41
30 34 41
31 18 21
66 51 67
45 67 56
46 59 53
71 55 54
67 42 59
39 38 25
66 56 58
72 72 45
45 47 68
58 45 49
53 57 67
38 32 20
64 61 67
28 19 41
42 72 72
63 61 51
67 57 49
49 53 60
50 46 65
34 38 22
