# MHKP instance for submodel V0 of Deplano et al. (2019)
# BINS:  length width height priority
# ITEMS: length width height
# beta (gcd of item sides) = 1
BINS
120 120 120 5.78703703704e-07
ITEMS
48 44 44
46 72 56
63 61 64
44 70 63
57 60 50
63 61 47
22 23 39
55 45 44
57 59 70
21 22 24
59 64 55
50 69 49
72 45 69
42 69 61
65 68 57
39 31 27
19 19 41
22 22 18
41 24 36
23 40 20
44 44 55
24 21 18
58 62 62
39 39 21
70 48 46
64 64 69
46 69 56
54 56 67
71 47 44
68 64 51
54 71 45
70 63 71
52 52 56
49 59 54
58 62 54
64 54 61
46 58 47
43 62 56
63 51 52
65 55 49
34 37 19
52 64 65
21 30 23
50 50 62
53 60 54
71 65 60
70 56 47
44 64 55
47 43 70
65 70 54
64 54 56
61 45 72
56 55 63
55 55 51
63 44 71
34 31 33
71 59 51
67 50 60
49 60 42
40 30 38
72 64 49
63 67 58
50 62 66
55 64 42
54 72 70
39 26 37
28 32 18
44 67 68
62 54 65
44 63 69
64 65 59
70 52 48
43 66 48
43 55 45
72 44 68
59 61 59
59 46 62
68 51 55
19 40 26
72 49 54
22 20 42
50 66 44
48 60 55
37 31 29
34 40 42
22 27 23
70 66 50
29 37 22
20 30 32
48 67 46
27 31 39
54 51 68
71 43 71
53 68 44
56 63 52
51 46 48
58 53 67
43 71 66
61 45 45
18 29 23
68 48 68
45 64 66
30 23 20
72 52 59
53 70 65
35 36 30
26 29 21
53 62 45
57 71 61
70 51 67
27 31 32
58 51 43
25 28 37
43 69 65
32 36 34
50 60 61
51 44 52
63 70 60
45 71 45
43 53 52
54 60 63
43 49 64
67 44 54
67 54 65
24 29 20
65 51 59
52 60 53
53 45 72
29 42 29
41 31 40
34 39 38
46 66 72
54 50 63
53 46 58
68 57 44
27 38 36
27 31 19
61 52 48
45 48 47
44 43 70
