# MHKP instance for submodel V0 of Deplano et al. (2019)
# BINS:  length width height priority
# ITEMS: length width height
# beta (gcd of item sides) = 1
BINS
120 120 120 5.78703703704e-07
ITEMS
33 20 24
56 50 55
62 72 53
23 40 37
35 39 40
46 64 61
38 20 31
57 47 53
65 46 68
50 68 66
47 52 66
53 61 50
58 59 62
39 41 19
30 30 29
41 37 31
26 31 31
69 44 47
59 56 53
36 18 23
57 63 49
45 68 52
61 70 42
53 65 55
47 56 43
29 25 20
35 42 37
22 21 31
41 33 30
42 52 56
71 48 53
60 64 71
62 71 60
43 54 60
58 65 61
50 50 45
62 67 51
36 32 27
35 21 36
35 21 19
52 66 46
63 52 45
29 22 42
31 41 33
45 52 56
56 60 63
58 65 70
42 72 48
61 54 47
27 38 40
36 19 25
52 45 64
66 45 72
18 41 35
55 45 63
67 60 42
65 65 46
42 55 52
53 52 61
30 33 34
56 57 44
25 22 37
47 44 63
44 46 60
30 41 27
58 52 71
61 43 46
68 42 56
64 53 51
43 48 68
53 45 48
58 53 51
21 41 24
27 34 42
57 71 55
27 28 30
49 66 47
34 25 22
32 38 35
43 52 56
66 67 47
44 55 63
26 32 29
63 55 48
39 24 32
44 72 47
49 50 49
55 66 55
62 43 57
60 55 62
21 41 38
59 66 62
51 45 69
42 72 51
41 30 29
36 36 25
56 53 65
65 69 42
51 62 55
50 52 45
63 42 43
60 51 65
57 50 46
56 71 52
44 47 70
22 28 37
72 63 44
29 32 24
68 68 62
61 72 61
44 62 70
60 43 71
54 63 47
52 59 64
56 49 45
44 45 52
21 32 21
38 31 32
60 54 45
57 68 71
43 44 63
52 71 47
45 59 72
47 60 71
31 20 23
34 22 21
61 54 49
42 51 51
20 34 26
50 42 48
64 46 42
71 67 67
62 50 54
67 49 55
65 45 65
53 66 51
36 37 40
49 72 52
52 54 53
19 36 41
