# MHKP instance for submodel V0 of Deplano et al. (2019)
# BINS:  length width height priority
# ITEMS: length width height
# beta (gcd of item sides) = 1
BINS
120 120 120 5.78703703704e-07
ITEMS
42 58 66
39 41 42
66 58 43
62 48 67
51 61 54
38 27 27
62 55 68
51 46 60
55 46 61
54 57 52
69 66 51
71 70 60
67 46 51
18 36 23
27 18 33
42 49 56
53 68 56
43 56 62
44 51 68
55 52 50
48 46 70
52 60 64
57 46 59
69 42 68
24 20 39
27 33 32
71 47 44
52 65 72
55 44 71
32 32 20
44 47 46
18 41 34
30 39 41
57 65 70
42 42 48
56 70 68
30 25 37
57 46 63
48 51 43
62 57 68
42 63 59
24 25 18
66 50 54
55 49 71
71 49 43
20 41 36
38 37 35
21 39 20
54 69 54
48 69 44
54 60 71
70 54 53
50 71 46
50 59 56
62 49 49
71 54 49
44 47 67
54 57 46
35 20 37
55 50 58
38 31 22
43 59 67
27 35 21
56 58 54
53 60 60
32 22 30
42 44 58
67 49 43
60 66 52
40 32 39
59 62 71
35 19 25
61 68 59
61 67 48
32 24 34
64 56 67
54 48 64
52 54 46
53 62 53
47 52 59
51 62 62
29 24 27
68 64 72
31 38 25
41 34 37
67 49 58
64 68 65
45 50 69
67 43 67
34 21 24
51 59 68
27 31 40
28 31 30
42 36 19
30 28 19
68 50 44
71 43 65
67 45 47
27 22 21
60 54 61
52 53 64
47 70 65
44 52 62
51 48 43
50 62 48
40 42 34
50 71 63
54 72 49
18 42 31
26 32 39
64 71 45
71 55 72
52 52 49
69 72 63
71 65 57
18 27 28
39 37 27
58 72 43
53 67 42
43 54 49
40 42 20
67 57 60
28 22 39
48 44 69
54 45 71
72 45 69
72 70 49
32 34 38
66 70 42
52 68 61
26 33 20
36 23 38
55 43 64
60 48 62
69 52 63
65 68 71
38 30 19
50 44 64
68 58 44
46 68 64
