# MHKP instance for submodel V0 of Deplano et al. (2019)
# BINS:  length width height priority
# ITEMS: length width height
# beta (gcd of item sides) = 1
BINS
120 120 120 5.78703703704e-07
ITEMS
57 45 68
54 50 59
72 68 45
55 70 68
70 67 65
71 61 51
71 71 44
32 20 36
26 30 41
35 33 36
45 48 45
62 66 72
70 59 56
36 30 26
52 50 52
46 56 72
22 35 19
72 45 63
46 71 46
62 68 69
50 52 71
40 33 29
42 37 37
60 49 66
66 44 67
38 40 32
44 42 66
21 32 29
47 42 59
47 48 70
33 20 35
22 20 36
42 63 61
25 24 38
72 53 67
20 26 23
58 49 45
27 30 30
65 46 54
54 52 53
54 72 67
34 31 34
62 50 46
59 44 69
67 53 56
42 43 53
51 47 62
28 31 39
35 34 27
54 52 68
32 25 20
53 43 61
35 29 40
38 24 30
64 49 66
31 26 27
41 37 29
44 59 69
23 37 27
51 43 43
47 67 43
29 31 27
72 44 72
36 20 30
37 36 39
20 26 32
43 61 69
24 30 25
44 58 72
64 62 46
69 66 70
57 72 63
19 18 34
18 18 30
70 65 67
37 41 42
44 51 52
62 68 69
49 53 57
68 50 72
71 45 53
46 69 71
48 58 62
70 48 49
36 24 26
21 28 20
72 62 48
60 70 63
42 32 21
48 52 59
32 23 33
42 55 51
54 67 56
62 63 69
24 33 22
52 42 46
54 68 48
54 52 64
45 58 45
60 51 62
32 37 27
52 50 57
45 69 69
45 58 48
30 21 30
19 42 39
69 60 54
55 66 60
58 45 53
54 58 68
46 67 67
52 54 49
23 31 19
65 63 65
54 42 61
33 27 25
62 42 53
54 59 61
37 36 35
57 65 67
50 55 55
66 65 66
67 70 44
45 67 67
57 52 45
33 25 28
38 23 32
52 61 57
60 45 58
52 51 45
39 20 31
46 45 56
64 46 57
61 58 54
44 63 42
47 64 65
20 21 28
59 69 54
34 41 42
39 39 40
