# MHKP instance for submodel V0 of Deplano et al. (2019)
# BINS:  length width height priority
# ITEMS: length width height
# beta (gcd of item sides) = 1
BINS
120 120 120 5.78703703704e-07
ITEMS
64 46 48
43 53 67
61 42 47
41 32 26
59 59 45
67 62 49
61 55 66
68 57 63
53 45 57
65 48 57
66 64 50
49 57 48
42 69 67
42 56 66
33 26 26
66 62 70
70 48 51
57 53 48
44 57 63
57 61 55
63 59 48
40 37 30
56 50 48
25 42 30
39 39 25
29 22 28
49 49 67
69 72 43
55 63 55
48 67 63
32 27 23
43 42 68
21 31 36
68 43 70
19 37 33
52 52 67
26 35 40
49 58 51
60 57 66
52 62 72
52 56 64
63 52 54
59 65 49
55 47 50
56 51 50
72 70 72
70 45 43
66 62 65
58 69 61
45 69 68
60 67 48
51 71 62
61 57 42
20 39 18
21 23 42
72 56 43
54 64 70
27 29 32
58 60 52
21 23 41
72 55 72
45 56 67
38 29 18
58 58 69
44 50 42
25 40 27
72 60 70
71 58 56
44 60 59
31 22 32
53 50 57
29 22 19
42 69 53
53 52 68
67 44 68
51 44 67
55 61 67
39 29 33
41 42 27
70 59 68
27 41 34
37 32 39
59 56 59
48 61 64
46 43 42
45 72 46
50 53 45
71 55 43
36 32 20
48 62 42
21 40 22
58 53 55
53 43 58
61 44 48
72 50 60
56 58 49
41 25 23
26 20 20
70 57 50
52 52 65
18 36 35
42 43 68
25 19 29
52 66 52
42 53 53
44 53 68
20 41 31
63 52 43
50 46 62
47 71 48
52 48 50
37 31 25
53 46 69
24 33 29
52 45 44
59 72 51
49 57 53
47 46 67
54 45 63
19 33 36
24 34 37
69 64 44
59 57 49
66 49 71
30 18 22
61 54 62
60 53 66
48 52 54
34 19 19
60 47 45
68 61 55
37 34 35
25 32 21
58 43 58
47 51 61
47 62 43
51 49 66
53 67 42
54 51 59
52 45 57
