# MHKP instance for submodel V0 of Deplano et al. (2019)
# BINS:  length width height priority
# ITEMS: length width height
# beta (gcd of item sides) = 1
BINS
120 120 120 5.78703703704e-07
ITEMS
61 72 56
27 29 21
18 36 41
60 44 49
22 21 30
21 29 39
62 70 53
54 62 69
24 19 32
49 69 42
64 52 66
61 50 64
31 32 37
42 54 50
51 58 62
54 58 58
55 64 44
71 72 47
66 69 51
60 47 42
61 49 57
65 48 59
61 61 61
65 68 58
24 29 37
27 40 28
32 39 18
67 62 43
62 70 63
50 69 55
18 42 34
41 34 25
48 55 59
60 51 49
45 67 60
43 44 61
40 20 31
48 71 62
29 23 42
50 51 47
19 33 20
52 47 65
33 28 37
46 51 62
31 21 23
54 53 42
65 66 60
49 66 65
48 44 44
61 66 49
69 62 72
70 63 47
53 54 48
53 57 53
54 66 53
64 65 53
21 24 41
18 29 19
64 44 57
18 39 40
57 60 53
67 69 49
65 57 71
53 57 65
30 19 19
48 71 52
66 50 48
46 67 67
60 49 65
52 58 64
18 41 38
57 59 43
42 19 23
46 72 61
31 33 19
24 35 23
52 42 47
57 70 56
64 46 57
34 38 18
59 71 56
24 23 40
55 72 58
61 42 49
49 70 72
43 63 49
54 72 51
22 23 29
60 50 53
18 34 19
56 53 61
52 47 61
44 44 52
27 38 35
46 50 44
24 40 35
45 50 68
61 68 69
52 68 52
70 54 62
40 30 40
25 25 34
36 19 42
71 52 52
53 61 49
33 23 27
53 71 69
52 59 61
27 27 40
50 46 65
56 71 62
50 71 57
47 54 43
51 55 68
21 29 21
42 34 29
59 42 66
36 36 33
29 24 41
65 45 42
62 59 68
57 72 58
58 57 52
51 55 60
57 49 62
49 47 63
53 69 63
62 67 58
20 18 37
18 35 33
34 21 28
46 69 45
28 37 19
70 69 44
68 69 44
47 43 61
45 63 54
42 72 58
41 29 41
50 49 48
