# MHKP instance for submodel V0 of Deplano et al. (2019)
# BINS:  length width height priority
# ITEMS: length width height
# beta (gcd of item sides) = 1
BINS
120 120 120 5.78703703704e-07
ITEMS
37 25 41
58 58 61
27 21 29
60 70 72
50 51 52
57 66 71
59 58 50
47 65 54
50 69 51
70 51 58
30 34 39
48 49 53
70 59 59
58 60 68
63 62 50
65 58 69
26 29 36
70 70 72
67 69 56
57 46 67
60 57 42
58 62 48
55 67 60
62 53 72
66 61 65
49 53 44
52 44 60
18 36 30
37 42 34
26 20 29
37 35 21
71 68 55
28 21 30
65 58 61
57 54 67
42 26 34
54 68 60
58 72 66
54 53 66
66 60 47
24 31 27
61 53 47
57 59 67
44 57 64
30 36 38
57 48 69
30 22 41
65 55 55
51 64 58
49 70 64
42 55 66
52 53 56
38 42 28
21 39 37
61 60 48
54 61 57
38 34 27
51 72 59
56 69 57
43 65 58
71 55 61
39 19 27
43 48 57
30 24 29
60 69 60
48 65 53
61 50 72
42 40 27
69 61 58
46 69 54
68 45 51
71 57 44
67 67 43
52 62 44
42 42 63
72 54 68
62 56 69
30 25 34
35 27 24
57 67 66
21 40 39
28 20 27
58 63 43
33 25 36
51 71 44
22 18 19
71 46 45
60 49 50
53 47 42
45 46 46
24 33 30
35 29 31
60 51 42
58 46 55
37 37 32
57 62 50
70 45 68
28 18 41
45 68 64
32 40 29
29 34 27
50 70 48
42 56 52
50 52 67
65 69 56
52 52 72
61 50 47
60 61 55
66 60 72
43 54 45
43 45 43
44 50 63
26 42 34
61 53 48
49 43 64
60 68 61
72 49 47
35 41 35
57 68 70
71 58 54
61 58 44
65 56 69
64 70 42
31 24 24
40 19 39
42 66 46
22 34 39
64 67 62
71 54 68
54 44 47
29 41 37
37 42 36
66 54 52
64 52 56
58 66 70
61 46 47
50 54 44
67 46 49
60 42 62
64 42 52
