# MHKP instance for submodel V0 of Deplano et al. (2019)
# BINS:  length width height priority
# ITEMS: length width height
# beta (gcd of item sides) = 1
BINS
120 120 120 5.78703703704e-07
ITEMS
49 42 47
53 71 70
54 59 61
24 39 24
36 25 18
57 44 70
60 53 44
60 47 68
44 44 62
32 25 41
58 66 71
28 20 34
40 41 28
44 52 60
19 36 31
58 65 66
68 42 44
55 69 61
51 52 67
63 66 49
36 35 20
50 64 59
24 31 23
64 46 53
48 55 71
56 44 42
44 51 47
66 59 60
51 72 49
58 56 54
24 18 33
49 47 52
68 68 70
33 37 33
60 70 53
26 28 30
42 26 18
46 47 52
20 34 33
51 43 72
69 57 72
34 24 27
52 65 68
47 61 59
70 51 67
44 43 53
71 48 59
52 52 58
29 40 37
35 40 24
48 55 62
52 60 64
44 63 45
72 56 48
59 67 43
46 48 62
19 19 39
46 72 62
53 55 59
55 49 48
48 55 53
67 68 52
72 54 47
23 39 21
63 69 42
70 47 54
69 70 66
55 46 57
25 18 30
66 42 65
32 42 36
24 32 41
46 66 65
41 31 21
54 49 67
45 51 50
69 67 60
65 70 54
50 63 51
52 58 46
52 61 42
70 46 69
42 42 72
32 27 42
71 48 46
64 72 55
43 48 47
69 42 69
67 72 45
55 62 68
70 57 66
61 42 72
61 47 69
20 18 40
48 70 71
65 56 43
52 69 50
49 49 67
30 28 37
30 38 25
46 42 52
42 19 25
54 47 66
64 52 55
49 49 72
33 30 32
18 22 29
53 56 66
62 67 56
67 64 52
57 69 55
34 28 28
64 47 53
42 42 22
66 44 42
72 51 60
26 20 35
69 68 50
23 41 31
50 43 60
65 66 52
47 64 62
66 67 49
29 36 35
41 34 42
46 47 52
23 36 39
42 68 50
35 26 18
19 36 31
56 45 53
56 55 53
54 57 66
49 69 70
70 57 64
72 63 61
52 61 55
70 69 44
42 71 65
71 47 71
