# MHKP instance for submodel V0 of Deplano et al. (2019)
# BINS:  length width height priority
# ITEMS: length width height
# beta (gcd of item sides) = 1
BINS
120 120 120 5.78703703704e-07
ITEMS
66 60 53
56 54 52
35 41 32
69 69 60
61 67 69
41 25 35
59 59 47
62 44 65
26 29 38
55 52 51
65 68 45
67 60 63
56 66 49
40 39 37
71 67 54
51 64 59
22 19 21
58 53 42
69 57 65
26 21 35
70 69 62
28 36 40
59 60 51
38 20 23
61 57 53
46 50 65
44 46 57
63 51 50
48 58 64
44 57 70
51 65 71
34 26 19
50 66 50
43 53 45
57 48 58
28 21 26
25 34 42
62 61 44
51 57 72
45 48 56
54 69 72
63 59 68
48 46 53
42 23 20
57 45 54
50 61 56
72 56 49
66 65 67
58 47 61
59 58 68
63 53 72
57 44 52
30 42 30
70 52 72
46 55 71
56 69 51
32 39 40
64 62 47
64 65 56
44 70 68
52 70 67
68 69 59
27 23 28
22 27 29
65 51 66
42 42 71
55 45 62
60 51 58
42 59 51
36 34 18
66 63 70
46 53 51
63 65 48
41 30 18
42 22 39
42 43 54
65 46 66
68 47 71
53 46 65
67 71 70
34 35 35
69 66 66
59 45 64
27 34 26
47 66 47
42 47 51
50 42 44
55 71 42
70 52 63
52 62 63
36 29 31
66 58 60
22 41 39
42 52 52
25 30 27
53 47 44
66 49 55
42 53 58
44 51 42
65 68 72
28 42 23
51 65 48
30 18 42
72 53 65
69 64 45
28 19 19
40 22 35
23 30 34
67 70 43
54 55 72
55 52 59
41 24 22
41 41 31
53 69 68
32 29 42
50 42 64
53 65 62
22 21 23
59 47 69
64 42 68
58 60 50
44 48 52
48 56 64
61 68 62
61 69 71
61 60 46
42 30 40
69 66 56
66 64 65
47 50 69
66 43 67
69 58 45
37 21 21
31 28 33
52 67 43
56 44 46
25 27 42
72 58 46
42 35 38
57 53 72
