# MHKP instance for submodel V0 of Deplano et al. (2019)
# BINS:  length width height priority
# ITEMS: length width height
# beta (gcd of item sides) = 1
BINS
120 120 120 5.78703703704e-07
ITEMS
42 69 48
53 59 51
44 52 49
50 46 47
72 62 68
37 20 26
66 47 57
58 45 66
65 56 57
51 54 54
44 58 43
21 18 22
23 19 37
55 44 58
37 32 32
65 60 65
51 65 58
45 70 58
71 43 63
63 51 63
64 57 56
60 60 59
58 61 57
56 59 69
64 47 57
40 30 42
19 21 29
64 58 44
61 71 67
42 48 64
69 57 49
22 28 25
44 72 62
48 56 49
38 20 28
43 54 70
59 65 50
32 34 18
34 25 37
25 29 20
45 50 60
70 65 49
53 70 49
29 28 29
46 52 60
34 27 31
49 57 58
26 29 41
60 57 68
23 27 36
33 30 21
44 42 51
65 53 47
23 30 41
53 52 46
44 64 54
62 64 58
22 40 40
35 19 18
37 22 41
57 65 59
71 65 43
70 50 54
62 46 70
54 55 60
26 36 40
66 52 44
61 64 70
67 54 63
28 31 24
55 52 43
55 42 61
55 71 55
43 71 64
43 69 46
69 43 59
42 46 48
28 18 33
47 66 57
66 49 43
39 21 24
59 68 72
27 18 21
42 50 51
42 37 32
66 62 59
42 44 45
46 72 42
52 56 57
56 45 61
64 60 53
59 54 57
61 56 55
46 43 61
71 64 59
18 34 26
22 22 36
27 38 36
55 66 62
61 46 61
52 68 61
51 44 57
26 33 26
63 46 68
71 51 50
59 50 46
26 33 23
70 43 60
55 44 50
64 54 45
44 67 72
71 48 70
69 68 65
68 63 44
54 54 42
19 26 18
59 65 71
63 47 52
45 68 67
64 53 60
65 50 54
36 41 31
65 68 52
51 42 44
23 36 29
47 52 72
70 44 45
44 55 67
46 55 46
18 31 25
35 28 31
25 26 42
55 66 44
50 71 44
53 49 52
48 45 68
65 69 42
57 71 57
49 48 53
50 46 53
