133 587 233 220
100 37 44
100 37 44
90 55 78
65 42 57
65 42 57
85 41 58
81 50 69
84 51 78
84 51 78
109 73 73
109 73 73
73 52 58
73 40 49
73 40 49
120 39 60
111 68 80
111 68 80
71 53 70
71 53 70
71 59 70
93 33 78
93 33 78
93 33 78
83 43 71
83 43 71
49 23 48
94 44 49
94 44 49
94 44 49
66 27 30
66 27 30
66 27 30
66 27 30
77 40 54
79 61 73
79 61 73
79 61 73
120 50 58
36 33 35
36 33 35
36 33 35
67 42 65
91 31 80
75 40 49
112 43 64
82 56 70
99 55 88
99 55 88
99 55 88
59 26 53
59 26 53
59 26 53
93 59 90
93 59 90
73 40 50
87 40 41
87 40 41
94 58 60
94 58 60
108 63 69
54 27 36
78 47 55
78 47 55
108 29 60
87 79 79
91 64 87
108 37 70
63 25 62
63 25 62
52 45 47
52 45 47
72 36 51
72 36 51
72 36 51
72 36 51
93 41 77
58 38 53
58 38 53
118 42 58
118 42 58
81 26 42
114 23 37
107 32 39
75 49 66
99 49 62
82 67 78
82 67 78
82 67 78
74 30 38
108 43 72
108 43 72
83 31 45
70 21 50
42 35 39
89 31 55
89 31 55
89 31 55
104 63 64
80 34 35
80 34 35
73 39 58
73 39 58
55 51 55
95 43 70
112 65 82
80 43 43
56 25 52
56 25 52
100 61 96
100 56 72
104 56 58
104 56 58
104 56 58
94 36 54
97 26 69
97 26 69
79 33 54
79 33 54
79 33 54
116 27 40
96 33 47
96 33 47
110 29 32
110 29 32
110 29 32
94 37 71
117 54 54
66 33 37
53 31 38
53 31 38
53 31 38
53 31 38
80 32 66
