114 587 233 220
104 30 55
104 30 55
104 30 55
92 73 89
92 73 89
88 43 88
90 60 60
79 41 53
96 28 91
100 79 90
100 79 90
73 32 42
73 32 42
115 60 85
115 60 85
115 60 85
113 76 83
68 31 50
70 30 41
104 26 60
104 26 60
104 26 60
86 29 36
114 29 31
114 29 31
44 42 44
44 42 44
73 62 68
98 74 94
98 74 94
92 40 44
99 68 98
77 49 58
53 30 48
94 67 70
94 67 70
56 37 41
56 37 41
118 40 69
100 33 41
100 33 41
99 67 68
90 35 54
83 44 64
75 36 43
60 26 57
70 41 50
78 53 69
66 32 39
88 44 63
103 44 72
70 47 54
71 31 35
71 31 35
97 26 83
106 25 58
72 69 71
84 33 64
120 61 92
102 54 95
102 54 95
115 52 92
84 26 84
68 48 54
68 48 54
99 53 79
99 53 79
98 33 87
109 27 45
93 49 81
75 37 45
116 28 84
116 24 99
90 57 64
104 53 64
104 53 64
84 26 37
62 31 61
62 31 61
58 31 56
58 31 56
96 50 83
73 20 42
80 31 36
80 31 36
56 31 41
59 44 59
93 66 68
72 37 42
72 37 42
99 40 62
99 40 62
68 25 53
68 25 53
84 33 71
84 33 71
90 37 75
80 26 31
104 75 81
87 53 80
87 53 80
78 33 46
78 33 46
86 36 38
77 25 45
77 25 45
92 21 84
92 21 84
116 57 66
116 57 66
88 76 88
88 76 88
91 39 60
91 39 60
