130 587 233 220
100 31 33
84 42 68
95 31 84
57 30 39
57 30 39
76 60 71
76 60 71
71 46 68
109 26 51
109 45 54
109 45 54
84 29 55
84 29 55
104 20 66
104 20 66
119 39 76
75 43 74
84 26 36
77 32 45
77 32 45
75 42 57
75 42 57
51 42 50
63 41 59
63 41 59
71 34 70
71 34 70
74 66 71
74 66 71
74 66 71
74 66 71
38 30 31
38 30 31
80 60 67
93 27 73
93 27 73
93 27 73
78 44 63
68 63 64
116 69 70
120 53 77
120 53 77
120 53 77
75 32 67
90 28 67
73 36 57
73 36 57
95 47 62
95 60 75
95 60 75
75 55 59
75 55 59
75 55 59
77 52 68
77 52 68
77 52 68
104 38 48
78 63 69
55 25 42
55 28 49
103 54 79
69 52 60
98 75 92
60 34 43
60 34 43
110 72 100
80 74 77
66 33 54
81 29 65
91 46 75
91 46 75
104 28 45
104 28 45
54 40 42
80 58 62
80 58 62
86 30 58
86 30 58
112 39 88
63 27 32
63 27 32
120 41 72
120 41 72
100 61 74
100 61 74
62 37 53
62 37 53
62 37 53
62 37 53
111 34 79
111 34 79
85 38 70
85 38 70
85 38 70
85 38 70
53 46 52
53 46 52
53 46 52
75 25 39
75 25 39
111 78 99
86 52 60
86 52 60
86 52 60
67 20 31
67 20 31
71 22 30
79 29 57
106 30 76
113 44 89
113 44 89
84 26 28
68 30 42
68 30 42
78 24 61
100 65 68
103 66 67
89 26 67
58 34 47
58 34 47
78 35 72
101 58 74
76 40 69
76 40 69
76 40 69
78 55 69
74 23 42
67 45 56
78 48 51
78 48 51
