121 587 233 220
98 44 73
98 44 73
60 38 60
60 38 60
105 60 73
105 60 73
90 52 77
90 52 77
66 24 58
106 55 76
55 36 44
82 23 58
74 58 61
74 58 61
81 24 39
71 39 65
71 39 65
105 47 97
105 47 97
105 47 97
105 47 97
114 69 97
103 55 78
93 55 66
78 74 75
118 58 67
118 58 67
91 22 61
96 24 58
96 24 58
80 44 76
80 44 76
80 25 67
71 20 69
81 62 79
81 62 79
72 30 68
49 41 45
112 58 96
112 58 96
71 45 65
91 30 68
94 61 71
94 61 71
52 31 51
46 29 41
46 29 41
116 55 79
45 30 38
45 30 38
45 30 38
78 53 77
78 53 77
76 62 74
76 62 74
92 39 58
56 40 50
96 45 48
103 26 57
90 35 45
90 35 45
90 35 45
96 47 65
96 47 65
44 37 43
75 39 40
71 35 65
71 35 65
86 53 70
53 43 44
53 43 44
82 33 52
60 51 57
79 48 69
53 35 35
72 31 34
72 31 34
91 38 48
72 41 57
72 41 57
72 41 57
72 41 57
80 42 69
102 66 70
102 66 70
117 36 49
90 32 36
90 32 36
95 30 73
70 28 69
91 25 28
109 65 66
113 44 47
95 72 75
95 72 75
63 52 56
63 52 56
97 30 54
101 37 50
101 37 50
89 47 55
96 31 38
88 33 48
88 33 48
88 33 48
88 33 48
94 37 54
94 37 54
94 37 54
67 31 45
92 43 74
92 43 74
92 43 74
106 29 78
101 36 92
82 46 78
84 52 57
82 73 73
80 43 69
79 34 70
116 64 86
