122 587 233 220
76 50 74
86 29 40
86 29 40
66 48 55
66 48 55
75 37 57
102 29 83
74 52 58
74 52 58
89 36 65
89 36 65
99 67 68
80 66 78
65 45 57
112 30 59
79 68 75
79 68 75
97 30 48
73 31 70
90 44 83
90 44 83
101 64 93
101 64 93
89 78 82
85 26 54
85 26 54
85 26 54
57 29 34
78 68 71
112 58 72
112 58 72
63 33 60
63 33 60
83 35 47
99 49 81
63 35 56
63 35 56
63 35 56
91 28 40
67 40 47
105 46 68
71 53 63
71 53 63
71 53 63
100 26 33
105 26 78
105 26 78
69 40 44
78 48 59
78 48 59
99 26 29
88 26 41
88 26 41
93 20 30
82 70 72
82 70 72
82 70 72
86 32 54
52 23 50
52 23 50
86 31 69
86 31 69
67 50 57
67 50 57
105 29 36
105 29 36
105 29 36
98 63 76
98 63 76
53 39 46
92 48 58
88 36 72
58 25 34
110 44 59
110 44 59
110 44 59
105 40 41
110 67 97
71 50 65
71 50 65
57 38 53
57 38 53
79 26 72
94 58 87
110 37 78
89 69 87
89 64 79
108 63 66
76 53 58
54 29 42
77 65 76
77 65 76
93 38 55
93 38 55
93 38 55
100 55 67
83 25 62
106 37 69
70 28 50
90 30 69
90 30 69
32 31 31
105 55 74
84 27 62
32 25 29
97 42 56
97 42 56
92 76 80
92 76 80
87 36 39
87 36 39
91 28 79
91 28 79
119 53 66
119 53 66
119 53 66
119 53 66
98 58 70
63 56 63
63 56 63
68 31 61
98 28 75
