148 587 233 220
60 32 40
60 32 40
60 32 40
60 32 40
98 55 75
98 55 75
60 39 59
81 40 56
81 40 56
119 25 34
107 42 61
107 42 61
108 20 85
108 20 85
108 20 85
108 20 85
97 45 66
66 26 35
69 20 32
78 38 63
78 38 63
95 47 77
95 47 77
40 30 34
40 30 34
88 20 42
88 20 42
88 20 42
103 69 84
119 34 72
119 34 72
115 47 61
68 28 50
71 24 63
71 24 63
87 40 68
87 40 68
87 40 68
96 37 73
96 37 73
68 45 67
106 60 88
96 43 66
96 43 66
96 43 66
98 32 45
98 32 45
60 27 58
60 27 58
60 27 58
92 20 56
92 20 56
111 22 54
111 22 54
111 22 54
54 43 43
54 43 43
119 52 61
119 52 61
119 52 61
91 51 64
91 51 64
100 27 43
100 27 43
100 27 43
100 27 43
42 32 36
42 32 36
42 32 36
79 51 64
71 34 58
92 32 60
98 58 61
98 58 61
98 58 61
93 41 80
97 39 43
97 39 43
97 39 43
80 33 48
104 40 73
112 47 79
112 47 79
100 44 61
100 44 61
100 44 61
87 46 72
98 27 85
98 27 85
89 67 70
89 67 70
89 67 70
87 31 48
99 32 45
99 32 45
99 32 45
72 50 62
110 34 45
90 38 61
112 30 59
112 30 59
97 25 43
117 29 84
117 29 84
86 28 59
86 28 59
112 47 75
82 45 55
82 45 55
82 45 55
94 23 78
94 23 78
91 38 82
55 35 37
55 35 37
77 35 47
77 35 47
98 42 89
75 22 38
75 22 38
61 39 48
61 39 48
81 70 78
81 70 78
111 23 100
98 31 31
98 31 31
79 35 54
79 35 54
52 29 37
52 29 37
82 36 43
82 36 43
107 28 65
77 51 70
105 53 54
67 37 65
67 37 65
94 42 45
98 42 73
98 42 73
77 32 70
77 32 70
77 32 70
65 22 36
65 22 36
77 25 43
88 58 80
