125 587 233 220
96 31 72
96 31 72
75 47 72
75 47 72
80 20 25
114 61 94
100 39 40
100 39 40
72 48 51
36 24 28
36 24 28
36 24 28
85 35 58
85 35 58
85 35 58
85 58 84
85 58 84
95 24 48
115 25 70
115 25 70
108 42 49
73 26 64
68 35 54
83 60 62
83 60 62
57 43 56
101 56 57
101 56 57
56 42 48
93 38 55
93 38 55
53 53 53
85 63 83
85 63 83
61 41 46
89 33 79
100 71 85
114 71 97
114 71 97
66 45 50
66 45 50
82 34 59
69 44 62
69 44 62
69 64 68
69 64 68
57 50 56
95 30 42
95 30 42
99 48 70
99 48 70
99 48 70
85 25 82
85 25 82
56 43 51
56 43 51
82 32 51
82 32 51
97 66 88
70 29 56
70 29 56
86 72 85
78 37 41
78 37 41
78 61 64
78 61 64
77 49 72
77 49 72
77 49 72
91 45 80
62 26 40
98 47 77
106 67 70
98 66 66
69 36 65
119 29 61
61 22 37
72 42 69
72 42 69
83 29 51
83 29 51
83 29 51
81 79 80
81 79 80
81 79 80
74 34 55
37 26 31
37 26 31
93 35 41
93 35 41
118 76 94
102 50 87
62 43 45
62 43 45
112 33 95
112 33 95
46 35 39
100 40 61
100 40 61
70 26 53
100 75 80
99 56 75
99 56 75
120 24 69
120 24 69
120 24 69
98 61 77
92 52 69
82 35 76
47 38 38
47 38 38
110 32 62
110 32 62
44 28 35
73 38 53
84 49 62
97 37 78
74 30 49
61 30 55
61 30 55
72 28 46
72 28 46
42 27 31
100 46 75
65 35 62
