141 587 233 220
78 27 37
89 25 70
90 41 84
85 42 75
91 44 77
91 44 77
91 44 77
114 71 87
114 71 87
90 25 37
90 25 37
105 77 80
105 77 80
74 50 71
62 55 57
62 55 57
89 26 45
65 47 54
79 28 62
79 28 62
84 35 40
84 35 40
84 35 40
55 42 44
115 29 30
115 29 30
115 29 30
115 29 30
93 25 60
93 25 60
96 50 83
96 50 83
86 62 75
86 62 75
86 62 75
76 36 60
76 36 60
92 39 45
92 39 45
81 27 39
81 27 39
81 27 39
81 27 39
90 27 42
102 43 69
85 61 76
85 61 76
93 38 46
93 38 46
93 38 46
99 77 78
99 77 78
101 21 77
101 21 77
74 20 39
69 29 45
108 74 80
108 74 80
58 51 55
58 51 55
107 29 52
107 29 52
97 33 37
92 62 88
116 22 86
116 22 86
116 22 86
99 32 76
37 33 36
103 35 65
77 49 68
77 49 68
113 79 87
113 79 87
66 57 60
70 37 44
70 37 44
58 48 49
71 26 56
71 26 56
71 26 56
71 26 56
55 35 36
55 35 36
89 53 61
89 53 61
38 27 31
38 27 31
38 27 31
38 27 31
63 30 56
63 30 56
82 30 54
56 25 31
110 28 69
93 40 89
71 34 35
54 34 47
76 41 46
76 41 46
76 41 46
51 40 47
66 53 54
66 53 54
66 53 54
59 30 36
59 30 36
117 40 51
111 30 43
111 30 43
111 30 43
70 22 31
113 25 71
113 25 71
113 25 71
99 27 91
99 27 91
94 26 32
94 26 32
92 41 43
100 32 47
75 36 51
90 31 42
90 31 42
90 31 42
79 27 75
79 27 75
90 64 66
90 64 66
79 30 32
100 41 46
66 37 47
66 37 47
110 51 100
72 30 56
98 32 37
120 21 84
93 36 70
93 36 70
95 69 74
95 69 74
