140 587 233 220
100 28 94
81 66 78
81 66 78
81 66 78
111 21 49
111 21 49
111 21 49
119 37 63
119 37 63
119 37 63
72 30 50
72 30 50
72 30 50
58 40 58
58 40 58
108 29 55
108 29 55
54 38 49
54 38 49
69 44 46
88 61 71
83 35 58
108 37 77
108 37 77
108 57 62
108 57 62
108 57 62
108 57 62
73 31 61
73 31 61
73 31 61
92 43 46
92 43 46
62 51 53
62 51 53
79 20 69
74 38 39
92 28 70
78 61 73
105 26 70
105 26 70
60 20 35
91 45 60
105 36 47
105 36 47
105 36 47
92 39 62
92 39 62
43 35 37
78 56 67
93 34 61
94 45 54
94 45 54
97 34 35
59 40 48
115 32 78
115 32 78
115 32 78
76 46 60
101 27 73
101 27 73
99 60 85
83 55 62
83 55 62
93 27 38
93 27 38
119 28 79
46 33 39
82 76 80
82 76 80
58 22 43
82 39 72
82 33 36
68 50 54
68 50 54
92 28 66
92 28 66
92 28 66
64 33 33
49 31 36
49 31 36
58 24 46
58 24 46
58 24 46
107 23 45
76 31 67
83 78 78
78 44 49
78 44 49
120 44 70
79 40 53
94 60 67
94 60 67
94 60 67
87 48 82
87 48 82
98 41 56
107 38 74
66 25 62
97 42 61
97 42 61
47 43 45
47 43 45
83 50 78
66 46 63
66 46 63
93 54 76
93 42 47
93 42 47
93 42 47
80 36 78
80 36 78
80 36 78
80 36 78
72 32 53
72 32 53
79 36 72
109 51 100
107 25 77
107 25 77
109 44 65
80 33 55
80 33 55
80 33 55
90 41 55
96 38 61
91 55 88
91 55 88
80 43 44
80 43 44
111 27 55
111 27 55
115 41 47
115 41 47
95 59 59
77 29 70
77 29 70
77 29 70
77 29 70
77 29 70
