129 587 233 220
85 40 73
73 54 62
90 41 63
75 24 61
57 44 53
57 44 53
57 44 53
93 45 70
73 33 36
95 75 80
93 78 89
113 65 87
113 65 87
72 30 46
100 70 78
53 34 47
87 46 54
52 37 41
52 37 41
79 33 76
79 33 76
77 65 77
65 27 59
65 27 59
54 31 42
54 31 42
87 44 45
118 35 89
74 31 38
74 31 38
92 64 77
92 64 77
109 52 78
108 38 79
108 38 79
108 38 79
120 48 54
57 34 56
57 34 56
57 34 56
57 34 56
58 32 40
58 32 40
114 69 71
114 69 71
100 33 39
101 67 92
89 37 85
89 37 85
104 39 46
104 39 46
73 32 52
73 32 52
77 34 58
77 34 58
99 28 79
88 39 45
88 39 45
112 20 48
80 30 75
80 30 75
95 50 74
95 26 74
95 26 74
95 26 74
95 26 74
106 72 84
119 45 63
119 45 63
119 45 63
79 52 59
112 46 76
112 46 76
101 32 91
84 37 75
84 37 75
84 37 75
78 21 62
94 33 44
94 33 44
99 44 56
99 44 56
99 44 56
100 43 69
96 46 69
75 40 56
71 26 46
100 42 73
100 42 73
88 49 58
88 49 58
64 35 61
98 33 58
98 33 58
96 20 66
96 20 66
96 20 66
77 44 72
66 52 59
96 33 77
71 32 54
88 20 60
88 20 60
88 20 60
85 63 81
67 29 39
94 43 74
108 37 69
108 37 69
96 33 59
65 44 51
65 24 36
65 24 36
67 31 37
86 35 48
86 35 48
74 35 38
74 35 38
76 60 72
76 60 72
88 32 55
88 32 55
97 33 74
110 62 85
98 49 82
98 49 82
84 44 46
84 44 46
84 44 46
