123 587 233 220
82 59 76
60 50 51
60 50 51
104 61 66
104 61 66
104 61 66
71 28 36
89 26 77
89 26 77
89 26 77
89 26 77
108 66 84
108 66 84
108 66 84
108 66 84
90 45 51
48 33 35
89 52 57
89 52 57
99 58 77
99 58 77
92 66 86
93 46 80
72 39 45
72 39 45
73 24 46
73 24 46
73 24 46
112 37 71
112 37 71
70 69 69
112 27 64
52 39 42
120 23 84
94 36 61
65 49 50
65 49 50
96 54 65
96 40 58
120 55 65
76 44 64
95 34 63
119 29 67
78 38 39
84 25 37
116 53 69
116 53 69
73 26 45
84 30 37
80 34 53
80 34 53
81 48 51
81 48 51
68 53 54
119 68 69
75 64 72
89 33 55
98 59 92
69 21 60
69 21 60
112 39 92
112 39 92
89 45 50
105 21 84
110 56 74
110 56 74
84 45 67
84 45 67
84 45 67
98 28 34
98 28 34
100 63 92
73 33 46
76 46 53
77 34 54
77 34 54
108 44 89
108 44 89
97 41 69
97 41 69
91 47 70
63 49 50
63 49 50
70 49 51
70 49 51
107 45 53
107 45 53
79 54 75
93 33 50
93 33 50
95 67 78
95 67 78
109 42 49
67 27 44
82 37 59
81 30 55
81 30 55
81 30 55
81 30 55
90 40 71
90 40 71
107 48 58
107 48 58
73 30 69
75 49 49
102 39 59
63 25 55
53 32 37
93 23 65
93 23 65
47 29 35
103 27 80
39 33 38
39 33 38
106 39 72
106 39 72
89 32 37
89 32 37
82 68 73
95 49 61
107 75 77
59 30 34
59 30 34
