138 587 233 220
99 62 64
110 37 43
110 37 43
110 37 43
96 50 73
96 50 73
114 35 53
105 22 27
75 51 66
75 51 66
72 48 61
102 32 46
59 45 57
59 45 57
59 45 57
111 33 45
90 58 74
90 58 74
90 58 74
55 34 51
98 21 73
98 21 73
85 35 61
85 35 61
41 31 35
41 31 35
89 77 86
61 47 55
96 45 66
98 58 79
89 34 61
117 29 73
117 29 73
80 27 70
111 25 71
74 22 44
51 26 36
51 26 36
62 22 32
79 56 63
76 45 64
76 45 64
76 45 64
76 45 64
76 45 64
97 66 74
97 66 74
72 28 44
99 31 73
56 28 54
56 28 54
67 46 53
70 29 61
115 37 45
86 55 80
86 55 80
90 51 62
64 20 60
87 46 78
87 46 78
63 23 39
75 55 65
75 55 65
96 61 95
96 61 95
96 61 95
96 61 95
86 66 86
63 33 61
76 23 31
57 23 35
78 73 76
78 73 76
96 35 62
96 35 62
89 32 68
89 32 68
77 62 77
100 41 72
96 29 75
96 29 75
96 29 75
69 62 65
85 20 45
85 20 45
85 20 45
46 30 42
46 30 42
79 40 58
79 40 58
79 40 58
102 55 93
102 55 93
78 54 61
78 54 61
93 33 47
93 33 47
93 33 47
57 23 31
57 23 31
57 23 31
85 25 45
85 25 45
85 25 45
85 25 45
85 25 45
87 25 34
95 58 63
49 25 28
49 25 28
98 49 81
98 49 81
71 42 69
71 42 69
71 42 69
71 42 69
117 37 66
47 34 41
47 34 41
93 26 60
93 26 60
93 26 60
82 49 57
82 49 57
82 49 57
77 63 64
77 63 64
91 38 61
116 58 76
92 39 61
120 28 66
69 21 42
69 21 42
80 36 61
75 20 51
119 34 91
60 39 49
60 39 49
