# MHKP instance for submodel V0 of Deplano et al. (2019)
# BINS:  length width height priority
# ITEMS: length width height
# beta (gcd of item sides) = 1
BINS
120 120 120 5.78703703704e-07
ITEMS
60 43 69
28 29 33
47 62 68
35 26 25
35 24 26
46 62 56
53 59 58
66 52 44
52 53 58
29 36 26
45 62 57
62 65 61
44 48 65
45 50 71
24 18 40
31 19 40
68 43 55
68 62 70
65 58 67
70 48 68
18 31 19
62 59 70
54 68 43
50 58 44
42 48 61
68 53 45
50 63 69
68 66 61
34 35 34
55 56 58
60 71 69
70 63 59
68 45 46
63 65 69
53 66 58
64 59 59
56 57 71
60 69 45
56 67 67
36 29 40
70 65 60
70 57 61
53 58 59
19 19 30
50 54 47
70 64 60
25 40 40
26 39 31
21 24 26
38 38 20
71 43 65
50 71 65
41 37 34
66 70 47
50 47 59
62 61 64
69 59 54
25 22 30
18 22 29
32 23 26
65 46 45
20 22 36
42 36 20
52 67 62
71 42 61
51 43 49
45 60 64
68 49 50
55 50 55
60 47 67
22 25 36
65 71 42
60 43 49
60 63 46
54 54 68
72 66 62
66 52 65
59 59 65
64 50 43
53 43 51
64 67 49
60 64 48
59 67 57
25 20 20
46 42 49
18 37 33
25 30 29
46 57 72
36 36 32
55 56 51
24 25 35
68 45 67
38 29 25
38 19 40
69 48 63
19 40 23
65 57 57
68 64 56
64 65 62
27 19 33
55 53 49
60 57 48
72 45 59
28 42 25
33 34 25
42 65 58
33 26 40
46 65 48
19 39 35
21 25 24
58 60 71
69 61 67
19 33 35
45 50 69
59 68 66
27 38 32
71 57 72
23 32 35
58 71 71
21 32 32
28 41 27
60 55 52
52 72 51
58 69 66
70 50 58
57 56 59
37 26 18
71 65 47
34 36 41
50 66 56
59 61 45
36 30 21
66 53 55
57 70 61
30 33 40
47 71 45
56 65 61
58 71 52
47 52 61
43 61 60
38 18 28
52 71 69
43 65 60
35 33 39
32 32 33
51 67 54
23 31 28
60 46 60
54 53 58
31 38 27
70 64 69
59 58 69
47 59 72
22 32 33
29 32 35
48 62 46
59 51 55
47 56 47
54 43 72
66 66 64
23 26 38
31 39 25
62 63 70
64 57 72
48 45 57
60 52 53
47 72 45
53 50 69
34 39 42
50 64 58
