# MHKP instance for submodel V0 of Deplano et al. (2019)
# BINS:  length width height priority
# ITEMS: length width height
# beta (gcd of item sides) = 1
BINS
120 120 120 5.78703703704e-07
ITEMS
64 45 60
69 51 71
43 61 65
62 57 59
57 64 65
52 46 71
59 44 54
55 52 48
66 59 48
51 72 63
39 20 24
45 67 53
21 25 20
57 50 69
65 67 67
20 26 29
50 55 48
43 67 53
72 54 68
31 42 39
58 63 66
26 20 31
44 58 71
72 50 63
50 65 53
57 65 42
70 44 67
32 21 37
69 70 45
29 29 20
18 33 37
69 44 44
72 55 46
63 72 51
22 42 26
53 56 71
63 49 47
63 47 48
68 48 46
57 66 46
38 34 32
44 66 55
26 32 24
28 38 19
45 72 52
59 43 70
23 37 19
46 42 53
50 42 47
58 48 52
70 72 52
44 52 47
63 65 58
61 42 47
54 45 54
71 55 71
61 45 60
66 71 49
38 40 33
28 40 42
54 44 62
34 34 30
66 61 64
20 29 27
61 65 67
60 42 46
55 61 66
55 43 67
61 59 65
29 39 19
42 46 48
61 44 54
59 60 70
36 39 40
55 47 44
67 61 65
56 50 72
42 55 57
43 61 72
64 55 72
42 48 44
67 55 60
44 67 51
47 53 69
58 58 54
65 56 58
34 23 32
43 53 58
51 58 53
67 68 42
44 50 60
48 59 61
66 69 50
72 42 48
55 55 66
43 61 43
57 48 47
66 54 47
30 18 39
44 51 49
42 25 30
39 26 34
31 20 39
42 48 57
66 49 55
72 61 49
68 67 64
21 28 25
70 58 69
44 47 49
55 50 60
37 21 32
67 66 60
20 36 22
54 46 47
67 62 58
69 61 66
55 55 51
70 49 44
46 45 42
38 32 30
33 23 28
51 48 61
63 67 66
56 55 51
42 45 43
45 72 64
67 59 70
47 70 56
54 70 49
71 57 45
58 69 47
37 20 32
68 53 60
29 34 23
54 46 66
49 60 68
33 26 38
51 48 65
26 37 25
58 45 71
33 18 41
54 69 51
46 43 48
55 54 63
60 70 42
35 19 40
41 33 21
53 61 72
51 67 55
49 65 54
68 48 52
60 72 61
60 46 46
42 40 26
47 48 62
72 49 56
70 58 71
22 21 38
27 37 29
44 43 56
50 66 68
71 57 48
34 31 33
22 30 35
50 67 67
56 53 47
22 38 39
37 26 28
44 45 70
