# MHKP instance for submodel V0 of Deplano et al. (2019)
# BINS:  length width height priority
# ITEMS: length width height
# beta (gcd of item sides) = 1
BINS
120 120 120 5.78703703704e-07
ITEMS
62 56 66
38 21 30
18 18 40
27 22 29
49 60 53
35 29 20
49 67 48
59 53 57
44 72 71
62 50 52
57 53 65
58 56 70
44 64 56
49 67 50
43 51 64
58 64 51
71 53 65
19 42 39
28 26 39
59 64 62
56 68 70
59 66 66
69 42 71
41 37 29
70 66 43
30 19 35
65 54 42
53 60 68
42 37 26
29 41 22
22 23 40
52 65 68
72 62 47
34 21 42
72 71 56
66 50 54
26 41 29
45 46 47
50 62 53
62 51 71
40 35 29
30 37 21
54 59 44
54 63 43
66 48 60
36 27 21
72 70 56
63 46 47
54 57 45
35 35 26
68 53 45
53 61 68
49 55 47
35 26 37
43 45 71
60 68 51
36 34 27
19 21 28
68 62 55
53 47 67
46 55 59
53 69 56
32 23 23
70 59 51
47 61 64
57 49 45
48 54 50
59 53 47
48 45 47
48 48 42
57 71 56
61 59 51
20 25 33
37 20 42
22 41 41
65 42 43
49 56 72
62 54 51
63 71 56
53 54 72
19 34 28
59 53 59
29 35 20
62 47 50
19 34 29
50 65 42
44 67 58
66 48 70
46 51 63
59 52 49
56 56 49
57 69 55
60 61 58
54 62 47
71 71 63
54 65 54
50 69 69
19 31 24
43 48 52
53 43 51
18 35 19
54 64 42
45 43 66
62 66 62
25 19 25
33 41 41
24 38 42
52 62 66
33 22 38
69 44 65
42 27 22
70 47 61
63 59 68
49 57 57
44 56 70
20 41 33
63 51 69
59 51 56
44 69 59
66 50 65
68 53 42
55 42 71
49 69 48
51 48 69
52 61 69
33 37 29
41 28 26
66 43 46
66 70 52
45 61 70
71 56 72
38 24 35
48 52 42
70 45 62
24 23 40
44 48 69
42 71 51
72 50 70
42 67 50
53 64 51
56 64 65
72 72 50
35 34 33
58 68 52
41 18 23
70 71 62
65 48 60
66 64 71
60 65 60
54 67 42
72 46 63
51 49 56
25 33 30
43 45 49
33 30 38
55 63 51
46 59 69
33 29 22
64 50 53
44 51 68
50 71 57
24 36 24
50 47 49
72 58 70
40 34 28
25 26 19
31 23 21
72 56 62
70 65 67
18 35 37
