# MHKP instance for submodel V0 of Deplano et al. (2019)
# BINS:  length width height priority
# ITEMS: length width height
# beta (gcd of item sides) = 1
BINS
120 120 120 5.78703703704e-07
ITEMS
51 66 63
50 54 46
60 49 55
35 31 31
45 48 56
38 30 25
60 58 50
58 59 60
45 71 66
66 64 45
21 18 40
21 25 35
42 34 22
53 59 55
55 71 43
19 38 39
65 48 65
55 48 63
61 71 59
54 42 43
29 36 28
31 27 21
33 41 32
65 57 47
36 20 39
56 67 63
32 23 41
71 64 48
40 24 20
59 48 52
64 61 50
45 58 51
54 58 49
56 68 48
19 18 33
58 46 64
46 53 52
59 61 56
37 33 26
48 69 70
56 45 52
35 42 29
61 55 61
63 56 43
63 71 72
69 52 68
56 72 65
29 30 33
46 56 60
61 66 50
59 57 46
63 54 49
27 39 22
33 18 26
48 44 61
64 44 60
50 56 67
54 66 63
51 70 59
60 47 50
66 59 50
41 39 28
42 43 60
57 54 68
55 49 51
66 69 44
19 27 29
45 52 70
67 56 45
18 24 28
44 48 42
49 52 64
62 53 59
70 62 57
29 26 24
35 29 38
45 51 71
30 21 36
21 39 42
26 26 30
32 31 40
69 56 52
43 61 72
31 39 32
72 57 43
60 63 44
31 40 29
56 60 51
68 66 45
23 22 35
52 69 50
55 70 69
42 58 56
40 32 41
63 52 47
68 44 49
57 71 44
20 19 40
54 44 47
64 72 65
60 72 42
69 57 60
71 52 48
42 43 64
54 62 52
41 39 36
30 34 32
64 53 42
61 56 64
23 29 29
42 65 42
22 29 34
59 68 62
70 66 67
36 22 34
30 39 20
69 62 46
58 50 44
36 26 30
51 51 64
43 50 71
20 29 33
63 61 65
69 65 44
51 70 62
33 33 18
29 40 42
68 56 50
62 49 72
49 56 50
67 43 60
62 53 48
71 51 60
64 55 60
29 22 42
29 34 37
65 59 72
27 30 34
57 71 56
30 29 24
49 59 61
52 47 70
66 57 72
35 26 27
61 62 54
71 47 62
57 55 62
49 58 63
65 60 42
47 69 71
68 53 65
52 71 43
44 57 62
58 69 44
47 64 70
63 69 70
46 42 72
25 41 21
56 57 48
35 20 18
70 52 66
60 71 67
33 28 29
64 63 44
43 66 44
44 45 59
19 35 38
48 61 63
51 45 69
59 70 61
