# MHKP instance for submodel V0 of Deplano et al. (2019)
# BINS:  length width height priority
# ITEMS: length width height
# beta (gcd of item sides) = 1
BINS
120 120 120 5.78703703704e-07
ITEMS
42 58 43
71 62 56
60 67 71
18 35 42
57 43 69
41 18 42
35 19 30
56 55 67
43 46 56
67 64 63
34 18 19
66 46 57
65 67 47
62 51 53
46 69 61
46 66 56
62 49 59
64 58 58
66 70 49
66 56 65
57 42 45
28 33 21
42 42 35
64 43 72
45 58 53
29 30 27
42 61 52
49 60 42
44 63 55
61 56 44
66 63 64
62 48 67
48 48 63
55 57 46
37 42 22
67 48 57
61 68 52
30 25 29
66 67 63
47 54 47
49 55 66
52 47 49
33 38 22
57 65 51
30 30 29
69 48 56
55 71 42
24 24 23
50 70 70
36 24 31
61 68 67
20 34 33
40 34 31
55 51 68
70 62 66
52 63 55
72 50 53
38 32 27
62 55 55
66 49 72
56 47 61
66 47 52
61 68 42
26 42 33
43 63 68
53 51 53
37 29 30
71 61 52
22 18 26
57 56 42
59 46 58
35 38 30
66 67 65
48 62 65
32 26 33
35 30 35
72 51 60
69 56 63
68 57 53
57 65 48
51 60 58
59 66 53
50 45 67
53 72 56
61 69 54
61 63 68
54 53 67
64 56 66
22 33 42
64 50 47
48 59 71
60 72 47
46 51 66
47 53 49
59 50 50
31 22 21
53 46 63
48 62 51
36 28 19
22 40 34
68 44 60
59 66 45
42 34 24
49 67 55
68 45 67
46 46 62
51 62 57
47 53 64
66 70 51
64 62 65
57 70 72
45 49 72
70 70 57
56 51 44
42 61 42
22 24 39
71 58 53
62 42 53
49 58 55
58 62 72
68 45 62
63 64 60
59 65 44
72 47 53
54 55 67
22 42 22
35 28 22
36 22 37
55 61 54
21 21 33
54 51 72
55 48 52
39 22 28
39 21 36
36 24 31
21 26 25
48 58 71
51 69 61
63 59 68
20 24 30
38 36 42
71 65 56
56 45 54
49 62 49
59 45 45
60 64 64
38 39 35
55 58 44
48 46 47
29 21 37
64 61 71
38 28 18
21 30 35
60 71 50
44 45 63
55 47 46
66 49 50
48 52 52
53 45 51
32 30 31
23 30 38
32 38 39
31 39 34
42 44 55
40 28 29
22 19 24
59 49 71
53 59 47
57 44 67
29 33 26
