# MHKP instance for submodel V0 of Deplano et al. (2019)
# BINS:  length width height priority
# ITEMS: length width height
# beta (gcd of item sides) = 1
BINS
120 120 120 5.78703703704e-07
ITEMS
64 54 42
55 61 69
23 18 27
39 39 21
32 26 29
47 58 51
21 28 28
53 66 60
68 63 57
58 59 71
64 66 64
72 52 45
56 60 51
18 27 36
61 43 47
63 67 72
44 46 61
71 71 52
39 23 33
47 67 61
64 48 50
34 30 37
51 54 65
19 36 19
26 22 39
33 27 32
65 42 56
65 61 46
68 50 48
26 33 23
20 26 23
47 65 46
31 40 29
26 37 33
30 32 23
55 62 71
19 18 40
63 63 52
42 70 51
68 57 58
61 70 57
52 69 60
45 68 58
46 60 50
51 50 64
50 56 43
32 39 22
60 60 59
46 55 63
19 40 42
61 42 61
47 62 46
28 18 20
51 70 45
69 67 66
59 54 72
35 41 24
32 25 31
35 27 38
35 27 27
21 31 18
39 22 23
68 58 44
69 47 57
50 57 70
70 66 64
27 18 20
44 62 46
57 50 55
49 71 45
57 55 43
25 35 22
67 46 60
52 49 70
49 49 71
25 38 31
43 43 65
50 61 47
42 54 68
45 62 71
29 38 26
34 29 35
39 34 24
49 51 67
64 56 51
52 48 52
51 50 56
41 32 38
19 27 22
35 26 22
65 59 71
63 57 42
33 34 24
72 58 62
56 68 63
61 43 56
18 23 36
65 45 55
62 65 72
32 30 31
66 47 65
21 31 34
56 53 52
62 43 48
63 63 61
33 27 41
45 68 58
51 61 61
18 32 35
33 21 26
57 52 59
67 63 44
46 68 64
50 42 55
60 54 57
26 36 28
23 27 23
62 52 59
64 64 68
64 68 48
65 51 48
62 63 50
41 27 31
70 67 47
23 32 30
38 41 25
27 27 26
35 37 22
64 51 63
36 40 21
42 60 58
31 33 18
45 56 66
71 64 55
62 46 57
46 72 42
58 69 42
62 51 55
70 56 69
43 70 68
58 51 51
64 45 52
63 47 51
30 32 22
47 44 66
32 34 34
72 68 69
50 49 65
51 67 62
59 59 54
37 39 24
31 41 22
28 38 41
59 71 61
57 45 71
43 62 45
44 63 48
40 35 30
36 27 38
34 32 35
59 62 53
59 66 58
46 59 53
18 32 34
58 66 65
31 41 18
71 71 57
61 45 52
66 72 63
46 56 60
