# MHKP instance for submodel V0 of Deplano et al. (2019)
# BINS:  length width height priority
# ITEMS: length width height
# beta (gcd of item sides) = 1
BINS
120 120 120 5.78703703704e-07
ITEMS
69 51 65
52 62 65
53 59 43
33 18 35
50 65 53
32 38 40
56 46 64
18 39 27
39 28 30
33 19 25
42 50 49
59 56 47
66 53 65
39 39 33
30 39 41
67 60 52
64 66 70
55 62 47
47 61 63
34 39 41
52 48 42
32 33 18
63 68 67
44 56 71
59 70 42
54 46 44
67 59 60
72 70 61
55 60 64
34 19 26
18 33 25
60 48 47
48 43 63
27 20 27
67 57 69
61 63 61
61 45 60
24 27 23
42 38 32
54 56 46
61 68 50
58 62 63
50 64 61
62 71 58
43 63 54
27 27 40
49 55 49
18 33 19
53 54 44
69 69 67
38 39 28
58 68 57
72 56 59
70 62 59
68 65 54
49 57 48
61 46 71
63 62 70
57 43 51
61 51 68
49 57 72
65 66 52
45 72 72
41 38 39
50 66 63
62 64 47
27 21 19
42 51 46
34 38 32
22 25 32
50 54 57
45 49 47
59 49 68
44 68 65
53 57 53
66 49 52
36 36 19
68 53 65
50 50 46
28 19 23
67 56 68
46 67 57
23 35 41
36 27 27
49 55 55
65 57 72
58 62 47
55 49 48
59 61 47
45 63 45
48 70 61
38 25 39
29 31 28
62 63 51
24 38 31
54 59 42
37 32 41
24 40 30
64 47 42
22 36 21
19 41 19
29 23 32
37 20 34
21 34 33
28 21 19
20 32 32
60 62 70
23 32 26
70 60 42
40 32 28
35 35 23
61 62 44
68 63 70
45 69 49
52 44 66
22 34 28
72 69 47
51 53 55
56 58 43
24 41 32
20 33 27
65 71 69
60 49 56
61 60 50
54 67 62
26 35 23
66 65 66
26 36 39
63 55 65
69 64 65
59 62 62
65 63 68
63 54 54
46 48 50
60 51 61
60 66 72
50 48 59
46 54 50
25 23 29
19 38 39
51 51 67
21 26 35
60 67 55
64 61 52
38 34 35
55 67 48
62 69 49
62 51 62
49 45 70
29 24 38
54 68 59
57 49 58
29 39 42
48 47 47
42 40 38
52 51 59
55 47 43
59 48 69
47 65 64
52 51 55
48 61 60
58 54 50
65 50 49
70 61 44
20 18 41
26 35 27
53 48 58
35 40 41
70 66 63
32 37 38
