# MHKP instance for submodel V0 of Deplano et al. (2019)
# BINS:  length width height priority
# ITEMS: length width height
# beta (gcd of item sides) = 1
BINS
120 120 120 5.78703703704e-07
ITEMS
43 67 45
42 25 31
39 20 36
49 48 67
57 47 71
58 71 64
63 71 64
56 58 42
68 47 48
48 59 49
18 36 27
42 63 64
23 42 22
53 63 59
29 42 21
53 52 67
47 64 64
35 27 26
55 44 48
67 51 45
27 29 39
63 59 60
64 48 59
68 65 67
47 45 59
68 47 55
47 59 55
66 58 66
56 50 72
70 52 54
18 41 23
57 71 69
34 35 38
47 67 44
50 54 60
42 33 37
72 67 48
63 64 66
42 70 64
65 50 64
69 50 49
72 55 62
61 57 69
30 24 23
26 18 40
61 50 46
36 20 23
65 53 60
34 36 41
42 53 57
37 34 36
62 55 71
51 46 42
58 48 67
43 53 57
46 44 61
28 40 35
18 18 37
35 30 27
61 72 48
44 63 57
61 54 42
54 60 66
50 64 56
52 44 55
53 64 70
49 64 56
34 36 42
55 64 48
42 52 64
65 61 72
50 64 62
50 51 46
45 66 61
69 53 71
71 52 49
63 57 65
70 65 65
55 54 64
70 47 68
51 48 63
27 36 40
56 54 51
63 63 47
58 52 65
24 35 27
52 70 51
57 52 53
32 20 25
23 25 33
70 44 71
44 45 59
30 31 28
66 72 51
26 22 37
56 49 71
28 31 36
58 69 65
61 62 53
56 60 72
47 49 63
55 58 66
25 33 35
26 33 31
34 37 38
26 30 21
26 30 29
65 57 51
42 35 36
41 36 34
35 31 20
64 44 47
57 45 65
66 69 61
63 55 70
23 26 20
58 46 55
39 35 23
50 72 47
48 61 42
29 37 39
64 69 59
44 71 42
61 71 71
24 20 35
51 69 50
53 49 49
36 18 26
56 70 60
27 36 38
25 41 34
50 42 59
56 59 69
72 68 70
61 62 61
45 54 44
57 49 59
40 29 28
23 29 41
67 51 60
22 20 38
49 53 49
70 45 46
58 44 69
37 21 33
39 39 38
60 67 47
69 46 46
44 65 59
55 48 70
34 36 31
57 51 55
37 21 39
35 20 32
42 64 58
28 42 41
53 45 62
66 65 46
45 60 49
27 38 36
68 70 64
35 36 34
44 69 69
42 39 30
56 52 50
60 49 44
69 54 56
43 70 58
53 53 55
66 48 47
