# MHKP instance for submodel V0 of Deplano et al. (2019)
# BINS:  length width height priority
# ITEMS: length width height
# beta (gcd of item sides) = 1
BINS
120 120 120 5.78703703704e-07
ITEMS
27 42 35
72 48 46
38 29 25
63 55 50
53 71 69
69 57 64
48 52 48
64 44 57
28 19 32
50 46 57
58 65 46
56 54 57
60 52 50
59 64 63
56 50 65
29 31 26
26 41 41
27 42 35
20 25 21
35 37 33
65 45 64
69 47 70
55 44 67
64 45 62
61 61 46
63 52 42
39 26 29
55 59 46
68 43 48
53 42 53
36 37 18
63 56 53
19 18 35
61 57 50
43 63 54
67 42 45
49 49 66
43 54 58
59 54 53
59 71 43
38 30 32
63 61 55
51 68 49
37 23 18
48 51 61
61 66 59
28 30 40
44 71 64
46 51 56
59 64 42
63 50 72
61 48 70
37 38 36
67 46 56
51 63 63
61 65 47
48 55 65
64 50 69
51 52 59
62 71 67
44 58 65
70 59 68
45 44 63
53 45 54
27 30 39
48 72 47
31 34 42
51 50 52
63 70 53
66 61 48
31 30 30
65 43 48
59 71 51
70 52 61
45 70 59
49 43 52
28 30 24
19 39 33
57 62 46
29 24 30
30 39 19
23 36 32
60 64 51
38 20 22
44 55 56
49 44 52
64 48 47
24 25 22
68 43 48
72 42 53
50 46 53
44 44 58
59 64 62
69 59 54
58 63 64
60 48 52
59 48 55
58 68 60
70 52 44
62 50 61
55 50 58
55 67 72
66 49 61
51 43 43
72 65 53
58 67 48
29 18 26
23 35 21
71 47 61
27 24 34
50 58 69
66 56 49
70 47 71
50 62 43
29 29 30
55 51 62
44 53 50
43 69 63
64 66 71
63 68 72
65 44 59
30 39 25
61 71 63
19 33 29
54 46 51
71 50 55
36 23 22
54 44 67
52 45 51
30 41 34
69 68 49
37 19 37
63 44 44
53 67 43
29 30 31
42 46 57
42 30 23
36 29 41
71 51 52
72 72 65
66 61 45
24 35 39
66 59 50
63 70 47
63 70 65
63 72 48
50 50 62
54 67 69
43 66 68
30 24 33
67 65 46
69 58 67
67 55 69
60 44 68
50 68 56
58 51 50
68 54 55
55 71 59
23 36 26
19 31 39
60 68 52
61 57 46
48 56 63
37 18 30
42 46 66
69 43 43
58 70 42
19 23 22
72 52 69
38 27 33
