# MHKP instance for submodel V0 of Deplano et al. (2019)
# BINS:  length width height priority
# ITEMS: length width height
# beta (gcd of item sides) = 1
BINS
120 120 120 5.78703703704e-07
ITEMS
25 30 40
66 47 47
71 71 70
66 46 66
47 60 47
37 29 40
69 67 60
68 57 43
67 44 54
58 59 70
58 69 57
58 59 56
55 52 42
64 54 52
44 47 58
71 63 49
58 48 54
30 36 21
42 62 44
27 42 36
52 56 43
18 27 33
45 54 66
63 54 71
45 66 54
55 62 51
43 52 53
56 68 68
50 60 51
63 42 49
26 21 26
45 68 71
50 67 45
50 67 48
52 52 60
44 72 67
29 21 25
44 70 44
18 23 42
25 22 19
61 63 45
53 52 63
43 65 72
44 51 51
58 70 57
70 43 61
30 27 40
46 49 61
64 67 58
63 44 66
71 43 51
64 59 63
60 56 48
35 40 31
70 52 61
32 32 34
61 48 58
70 65 56
49 56 56
59 58 62
25 40 29
23 19 37
58 70 56
35 31 33
66 45 70
39 39 21
47 70 66
19 40 31
62 65 55
53 56 64
50 54 50
18 21 39
58 54 56
37 23 42
23 41 25
38 18 21
22 23 39
23 39 38
55 70 55
44 71 54
60 48 65
37 18 32
48 64 57
66 52 49
72 46 50
32 34 24
39 18 39
58 56 55
48 42 53
60 56 62
45 49 70
65 52 67
29 33 29
40 35 42
64 43 48
40 18 33
48 52 55
21 25 21
21 39 19
25 33 40
43 64 52
57 51 45
41 20 41
60 53 57
60 68 69
69 63 63
67 53 56
67 61 53
43 56 50
32 34 21
48 67 51
63 42 53
45 71 62
43 48 47
59 60 47
55 44 69
40 28 29
66 53 48
41 23 31
52 49 51
20 33 23
63 48 68
20 40 25
55 49 70
45 56 69
53 68 58
43 54 44
48 46 68
34 23 37
45 58 47
65 62 47
53 60 72
59 58 43
56 54 51
44 54 66
54 43 69
54 45 70
20 28 26
42 71 70
47 68 47
66 58 67
71 67 42
69 70 68
37 20 18
62 56 44
28 19 31
53 54 57
58 49 54
48 65 46
48 70 57
59 65 72
58 63 59
21 34 28
46 50 69
58 64 71
68 48 49
52 47 55
43 50 63
53 46 68
56 72 68
61 58 42
37 29 18
21 38 23
56 47 63
61 56 53
21 37 35
49 60 63
54 72 64
44 61 52
42 72 48
