# MHKP instance for submodel V0 of Deplano et al. (2019)
# BINS:  length width height priority
# ITEMS: length width height
# beta (gcd of item sides) = 1
BINS
120 120 120 5.78703703704e-07
ITEMS
57 52 44
46 69 49
69 62 64
68 67 44
43 71 61
38 21 36
31 36 21
64 64 65
45 49 63
49 52 71
63 61 65
50 65 65
67 51 63
67 56 69
71 58 49
43 60 50
65 70 59
58 42 52
67 62 68
27 32 35
69 49 68
56 63 65
38 33 34
52 42 56
55 43 58
60 71 58
20 36 26
40 41 37
55 47 55
40 35 40
62 42 57
67 58 58
35 32 22
55 65 57
44 43 46
58 68 52
18 20 27
71 58 51
41 39 27
45 53 64
65 45 62
32 29 24
72 70 64
32 27 27
33 32 20
19 30 18
65 72 49
53 49 46
57 66 59
43 51 64
70 53 49
61 43 48
34 19 37
41 37 30
29 18 38
42 55 61
57 65 61
46 42 68
44 44 42
72 48 71
