# MHKP instance for submodel V0 of Deplano et al. (2019)
# BINS:  length width height priority
# ITEMS: length width height
# beta (gcd of item sides) = 1
BINS
120 120 120 5.78703703704e-07
ITEMS
46 49 60
64 49 55
34 42 25
41 22 24
37 27 25
58 72 59
60 48 67
63 72 46
42 41 42
67 51 51
39 39 28
59 42 55
54 60 48
30 19 21
42 61 44
58 55 64
59 42 45
53 71 65
44 55 71
20 35 28
54 53 47
55 64 65
45 52 52
65 48 71
65 44 52
47 66 72
21 23 36
43 61 53
28 32 35
56 70 45
58 46 71
53 52 49
42 19 19
23 21 28
59 58 60
64 53 70
42 34 30
58 56 49
25 29 24
37 18 34
52 50 72
57 58 65
57 45 72
41 38 25
50 42 52
46 68 48
65 47 72
70 55 71
34 34 29
64 67 69
64 61 61
57 61 48
63 50 53
68 61 71
46 69 48
36 38 34
52 70 61
72 45 61
20 33 20
71 53 61
