# MHKP instance for submodel V0 of Deplano et al. (2019)
# BINS:  length width height priority
# ITEMS: length width height
# beta (gcd of item sides) = 1
BINS
120 120 120 5.78703703704e-07
ITEMS
54 70 67
55 48 66
25 35 42
39 32 37
48 71 57
32 28 22
61 50 69
31 21 21
23 32 31
68 55 70
64 54 42
51 59 51
61 55 43
64 66 61
34 20 40
34 27 19
42 22 41
48 69 50
42 69 52
28 18 21
18 25 20
66 43 71
71 57 62
52 63 66
59 48 60
45 64 68
27 26 36
46 43 49
67 47 59
31 21 18
28 22 41
39 24 30
64 47 57
72 69 62
58 55 45
60 65 51
52 63 53
26 38 33
71 44 60
26 18 38
38 23 35
46 42 64
56 58 64
30 34 22
62 71 59
21 30 29
43 62 49
72 67 48
52 55 49
24 20 31
31 29 26
61 46 60
59 68 55
43 50 46
44 43 59
57 43 48
60 70 58
48 59 52
54 49 53
59 65 72
