# MHKP instance for submodel V0 of Deplano et al. (2019)
# BINS:  length width height priority
# ITEMS: length width height
# beta (gcd of item sides) = 1
BINS
120 120 120 5.78703703704e-07
ITEMS
59 44 51
36 19 32
48 71 56
70 51 47
49 67 46
30 25 30
49 53 58
43 44 68
28 18 23
47 70 45
41 37 31
68 59 60
23 27 37
46 43 70
48 47 61
61 58 47
44 63 60
23 29 20
43 57 44
66 49 60
28 20 21
42 19 26
68 51 70
53 61 49
46 54 55
48 59 68
53 55 48
20 21 40
70 68 42
47 46 46
63 55 62
24 34 22
62 46 68
51 48 44
19 31 33
57 59 71
69 56 46
48 69 61
58 64 55
61 53 67
42 50 46
47 55 71
32 23 24
52 56 57
68 62 54
57 64 68
53 60 56
59 68 65
26 19 38
55 72 66
64 54 62
19 24 33
69 70 60
27 24 37
62 44 46
36 31 30
61 70 58
33 40 32
67 51 44
60 62 67
