# MHKP instance for submodel V0 of Deplano et al. (2019)
# BINS:  length width height priority
# ITEMS: length width height
# beta (gcd of item sides) = 1
BINS
120 120 120 5.78703703704e-07
ITEMS
47 57 63
48 45 53
25 28 36
42 57 65
45 71 60
58 59 48
71 48 60
45 63 61
69 61 42
60 61 66
52 61 46
61 64 44
24 18 23
47 69 44
56 49 62
36 35 29
27 36 42
52 44 68
53 49 63
69 50 47
34 42 23
47 63 70
42 25 38
34 26 35
34 34 34
48 65 65
29 23 40
48 55 44
40 31 30
60 60 50
49 63 64
20 18 22
42 22 34
66 51 47
72 46 59
49 55 45
36 39 22
24 20 38
21 28 19
36 41 20
42 65 64
28 20 26
72 63 47
47 54 55
48 57 58
62 69 43
49 60 49
59 49 67
31 32 34
69 63 53
51 69 50
67 64 54
68 63 45
67 62 55
32 21 27
67 71 48
64 47 51
54 46 63
70 59 69
55 50 43
