# MHKP instance for submodel V0 of Deplano et al. (2019)
# BINS:  length width height priority
# ITEMS: length width height
# beta (gcd of item sides) = 1
BINS
120 120 120 5.78703703704e-07
ITEMS
65 52 42
66 69 71
45 65 64
72 59 49
19 22 35
41 33 20
58 44 47
51 43 67
66 55 64
33 40 28
63 51 59
41 20 28
64 59 72
64 47 47
43 55 72
19 33 18
70 70 47
26 20 23
50 68 50
46 55 43
68 72 70
44 45 70
36 30 29
65 53 56
67 44 50
31 19 36
65 47 51
48 43 52
31 34 41
70 45 56
56 63 46
22 39 32
48 65 69
55 53 66
54 56 44
25 33 30
60 50 48
43 60 52
62 53 43
61 50 64
38 29 40
36 39 34
39 38 42
64 49 42
52 55 57
38 35 27
53 68 66
48 55 42
44 62 56
46 47 63
62 43 64
36 29 24
39 41 28
43 63 70
28 27 42
42 60 45
56 48 44
63 64 54
42 38 21
47 72 70
