# MHKP instance for submodel V0 of Deplano et al. (2019)
# BINS:  length width height priority
# ITEMS: length width height
# beta (gcd of item sides) = 1
BINS
120 120 120 5.78703703704e-07
ITEMS
44 60 67
29 42 30
61 55 56
28 22 22
45 47 44
49 45 65
72 64 64
52 66 53
40 36 28
62 63 70
55 47 65
49 46 69
41 19 35
68 52 51
24 28 19
71 70 64
66 43 71
68 53 43
64 43 44
43 58 60
33 41 39
49 64 45
58 60 53
66 55 46
56 65 67
42 52 47
48 57 70
55 65 45
50 51 51
35 32 38
53 58 52
52 59 55
27 31 30
38 28 23
69 56 65
63 59 54
50 67 46
64 70 63
70 54 65
39 39 31
27 39 40
55 51 54
61 52 61
53 43 65
33 27 37
68 45 70
65 47 61
50 63 68
57 66 70
57 44 48
30 19 41
61 66 70
64 67 62
64 48 44
58 45 47
68 69 47
26 24 21
66 65 44
69 67 56
53 43 60
