# MHKP instance for submodel V0 of Deplano et al. (2019)
# BINS:  length width height priority
# ITEMS: length width height
# beta (gcd of item sides) = 1
BINS
120 120 120 5.78703703704e-07
ITEMS
55 66 45
68 70 58
21 31 26
52 47 65
26 30 29
58 51 70
30 41 36
68 48 58
42 61 61
43 66 52
72 72 72
49 57 48
29 35 41
46 60 70
71 52 60
26 42 23
68 66 56
61 62 53
65 56 55
45 57 54
28 28 18
25 30 29
49 64 46
58 51 68
53 72 70
53 43 46
49 52 60
58 71 58
59 47 64
22 31 28
65 49 68
50 56 64
52 52 56
67 47 56
37 24 31
71 56 65
47 45 72
68 43 56
42 51 64
67 53 49
42 55 67
70 54 65
46 61 45
42 62 54
43 71 66
42 21 26
49 65 49
46 49 62
19 40 31
42 18 35
52 64 51
63 42 49
68 70 63
47 69 54
58 69 56
36 22 25
56 70 60
27 36 26
61 56 44
31 18 26
