# MHKP instance for submodel V0 of Deplano et al. (2019)
# BINS:  length width height priority
# ITEMS: length width height
# beta (gcd of item sides) = 1
BINS
120 120 120 5.78703703704e-07
ITEMS
21 24 34
62 43 69
60 61 42
34 40 42
47 50 51
21 20 24
60 59 45
36 19 34
70 46 47
64 72 62
67 54 42
69 68 55
70 55 63
36 25 39
67 58 66
51 56 62
55 59 52
27 34 33
24 27 19
58 49 51
51 50 48
41 18 35
19 33 22
54 42 57
27 42 42
23 37 19
47 62 46
33 30 19
34 38 22
22 19 40
59 49 71
42 24 30
38 36 30
41 21 42
57 58 45
57 69 52
54 61 69
27 25 21
25 27 26
28 25 36
27 26 34
37 34 39
52 60 53
54 48 63
59 70 48
65 52 67
38 27 28
45 63 49
56 64 68
28 21 19
46 51 44
58 45 68
43 62 56
49 61 65
28 35 30
56 45 53
25 26 25
59 43 67
61 56 71
66 57 70
