# MHKP instance for submodel V0 of Deplano et al. (2019)
# BINS:  length width height priority
# ITEMS: length width height
# beta (gcd of item sides) = 1
BINS
120 120 120 5.78703703704e-07
ITEMS
63 57 58
55 49 69
44 54 61
56 62 52
39 26 20
31 22 25
63 65 49
55 42 69
62 47 45
44 68 53
27 35 28
70 62 72
66 47 61
64 58 50
64 59 72
36 18 30
60 54 58
63 45 45
56 48 69
44 69 63
53 51 47
50 59 49
35 26 38
23 31 36
44 54 63
65 47 55
66 45 58
33 39 20
59 58 62
70 46 48
71 50 46
64 67 70
63 50 68
30 22 24
65 44 47
72 67 60
50 51 53
64 62 59
55 58 66
33 23 33
53 62 48
32 38 29
42 29 21
42 68 42
33 23 28
48 51 71
19 38 35
55 52 46
61 57 68
64 50 51
59 45 60
66 64 42
57 62 65
54 50 66
55 64 63
29 34 31
48 43 55
38 26 28
50 42 66
20 30 25
