# MHKP instance for submodel V0 of Deplano et al. (2019)
# BINS:  length width height priority
# ITEMS: length width height
# beta (gcd of item sides) = 1
BINS
120 120 120 5.78703703704e-07
ITEMS
39 39 32
63 42 53
30 30 34
59 56 65
49 52 51
52 66 60
24 38 25
51 63 62
45 48 46
71 69 65
46 47 48
68 68 46
64 44 43
22 34 27
65 65 66
62 72 56
27 35 31
64 49 66
46 68 63
44 65 51
54 69 60
52 54 63
22 32 22
52 57 42
35 22 19
72 64 64
35 31 19
68 48 50
48 47 57
35 20 18
54 51 65
61 49 60
70 42 54
46 68 52
27 38 38
32 33 28
50 47 62
25 33 31
63 42 59
70 62 60
66 71 46
21 22 30
56 59 70
55 67 69
44 55 68
43 64 51
22 39 22
28 32 39
18 28 42
61 42 49
47 63 59
60 56 61
29 24 23
63 67 48
50 52 47
53 60 55
27 37 38
45 43 56
64 47 52
21 32 36
34 42 26
54 52 52
32 36 24
35 39 37
24 31 31
45 63 66
31 33 27
69 71 44
33 39 40
63 53 51
70 44 50
54 46 58
66 57 60
61 57 49
59 71 45
25 23 20
30 29 42
46 62 71
20 31 40
68 47 58
63 51 57
35 29 29
42 54 50
70 48 63
53 70 56
65 60 43
65 45 51
65 44 48
48 51 67
64 53 58
53 58 45
63 56 55
63 44 66
44 50 72
45 52 65
22 36 23
30 28 31
54 48 64
25 37 22
42 48 43
