# MHKP instance for submodel V0 of Deplano et al. (2019)
# BINS:  length width height priority
# ITEMS: length width height
# beta (gcd of item sides) = 1
BINS
120 120 120 5.78703703704e-07
ITEMS
71 66 57
32 26 36
62 52 67
53 47 45
38 20 38
43 66 58
55 51 50
26 27 20
67 69 52
44 52 42
70 49 59
53 52 70
26 42 19
72 49 55
46 50 58
69 71 42
43 63 62
42 36 23
58 52 51
60 47 64
63 63 62
29 29 22
61 56 58
71 43 61
64 52 44
45 63 55
52 49 48
40 31 38
40 30 30
51 69 57
61 46 54
56 68 56
57 67 46
67 64 43
55 71 42
53 47 48
49 67 51
41 30 25
68 63 66
65 54 60
27 19 26
28 30 18
64 61 50
47 46 64
24 35 26
52 59 64
44 51 63
29 36 27
46 58 66
43 48 42
50 59 68
55 63 64
42 68 59
68 71 50
62 68 51
37 41 19
46 57 43
71 69 70
47 59 62
63 68 57
24 30 30
63 71 55
61 50 54
45 66 43
63 49 70
42 42 66
48 42 71
70 45 72
61 43 44
18 29 31
35 38 23
53 53 55
36 36 23
31 22 20
49 63 43
61 44 56
45 72 56
63 61 47
69 66 69
44 46 72
60 42 63
68 56 57
56 65 71
26 37 24
34 41 38
37 23 23
66 69 68
68 62 42
64 61 59
52 72 60
21 23 31
25 32 35
53 58 68
26 40 32
55 59 72
23 42 37
50 53 61
58 68 50
59 60 68
66 47 47
