# MHKP instance for submodel V0 of Deplano et al. (2019)
# BINS:  length width height priority
# ITEMS: length width height
# beta (gcd of item sides) = 1
BINS
120 120 120 5.78703703704e-07
ITEMS
66 46 71
41 22 39
44 58 57
21 20 39
65 47 51
22 23 23
42 63 67
43 65 64
23 19 20
42 49 67
65 49 71
48 66 46
66 59 51
56 68 64
42 62 54
69 50 42
42 26 29
42 45 62
57 71 50
42 54 70
68 57 70
57 46 50
55 55 55
48 71 53
20 21 24
60 49 43
65 53 58
32 38 22
70 58 45
46 52 53
27 42 36
19 27 20
38 41 35
25 31 29
63 62 50
29 22 36
66 63 50
43 63 68
64 43 58
37 32 24
56 69 60
52 65 49
22 35 30
39 30 25
65 51 49
47 68 71
19 33 28
64 46 54
41 25 21
21 29 28
42 55 58
51 72 52
36 33 35
63 45 66
46 44 45
31 41 33
51 57 70
32 35 38
47 66 48
69 72 59
42 52 66
71 59 42
65 70 51
47 70 69
27 33 36
59 51 54
51 52 60
47 48 53
56 55 70
57 65 64
57 67 69
56 44 70
60 68 65
72 65 69
20 29 39
20 22 40
42 57 43
32 32 29
55 61 72
52 53 64
41 28 21
58 54 52
39 36 23
64 65 58
66 72 45
51 52 72
43 58 66
52 52 45
64 45 67
44 55 44
25 18 28
40 34 26
48 63 66
48 49 59
51 51 56
63 48 72
53 67 49
59 59 63
62 64 54
22 38 25
