# MHKP instance for submodel V0 of Deplano et al. (2019)
# BINS:  length width height priority
# ITEMS: length width height
# beta (gcd of item sides) = 1
BINS
120 120 120 5.78703703704e-07
ITEMS
18 30 19
63 55 56
27 42 26
21 41 30
71 60 53
32 27 32
18 37 39
26 37 18
49 54 49
55 66 62
61 54 52
58 65 50
67 46 49
53 49 59
64 58 59
32 42 36
44 49 43
51 53 57
36 31 40
70 67 46
54 45 63
35 18 42
55 68 52
31 25 25
68 66 53
60 62 49
57 42 42
43 59 59
53 53 57
46 60 53
62 44 53
32 39 32
49 63 68
63 50 53
19 42 30
47 55 43
54 51 67
70 44 50
36 32 41
42 71 64
28 24 42
46 60 43
47 62 44
59 70 59
47 59 64
69 45 70
48 43 66
49 51 71
71 70 61
50 57 54
69 60 57
28 23 22
40 36 21
22 19 22
65 59 50
64 60 51
60 45 53
57 67 69
71 45 43
61 66 42
53 56 67
42 40 30
39 28 38
62 45 48
47 70 49
42 38 35
45 61 53
52 67 49
23 34 42
51 60 57
20 24 40
65 69 55
49 53 65
65 46 42
44 46 60
72 60 53
35 32 24
45 67 64
29 19 28
69 51 43
52 71 63
32 20 21
43 42 65
36 33 31
35 33 31
59 42 67
53 51 58
44 69 63
52 44 62
62 63 54
45 71 47
51 62 59
54 59 60
33 23 21
49 54 50
19 26 32
20 20 37
52 50 61
66 55 48
65 43 49
