# MHKP instance for submodel V0 of Deplano et al. (2019)
# BINS:  length width height priority
# ITEMS: length width height
# beta (gcd of item sides) = 1
BINS
120 120 120 5.78703703704e-07
ITEMS
25 28 37
24 39 37
50 65 46
53 60 46
71 66 44
47 63 42
48 69 61
42 24 41
59 67 62
35 33 34
36 29 30
67 44 53
25 18 38
42 46 63
54 71 51
44 55 72
34 20 23
26 32 20
60 51 42
44 51 60
29 33 29
68 53 68
34 36 22
31 28 29
43 58 55
66 49 65
61 72 66
20 41 19
55 47 62
72 68 54
30 41 27
57 49 52
54 50 71
69 70 45
63 59 65
28 27 22
55 44 48
20 26 23
55 61 69
19 34 37
68 45 43
58 44 54
67 60 50
55 42 67
71 50 52
56 62 62
65 52 65
59 51 44
33 41 27
28 33 37
71 70 62
70 62 52
62 57 65
69 54 65
27 29 36
70 71 61
55 70 50
40 34 22
69 62 49
50 69 61
61 44 57
47 46 44
68 49 58
42 18 27
50 60 72
60 45 52
72 49 44
66 68 67
54 44 57
28 36 39
35 40 27
48 69 66
36 26 39
43 54 57
20 32 35
45 46 47
19 40 21
43 57 61
32 32 20
66 57 42
24 37 35
44 71 51
22 20 25
64 54 45
55 56 67
55 49 72
26 24 25
62 56 55
20 35 38
69 66 60
41 30 31
55 69 58
40 33 30
54 56 59
30 31 21
35 25 18
53 65 59
51 53 69
51 43 46
21 26 36
