# MHKP instance for submodel V0 of Deplano et al. (2019)
# BINS:  length width height priority
# ITEMS: length width height
# beta (gcd of item sides) = 1
BINS
120 120 120 5.78703703704e-07
ITEMS
56 70 50
59 72 44
36 33 26
24 28 36
63 59 44
46 50 53
65 48 61
49 52 51
18 27 35
41 24 20
39 39 22
52 61 56
53 51 47
53 48 69
42 61 69
61 47 42
50 69 58
60 45 69
33 30 30
49 42 64
51 51 50
27 33 24
42 63 56
46 55 61
33 30 23
53 59 43
53 53 43
44 72 58
49 42 68
67 63 54
43 67 54
68 52 45
62 50 48
65 46 57
43 48 55
52 68 51
58 49 51
72 47 56
49 44 67
45 66 72
71 61 45
65 45 54
51 52 70
41 32 20
49 47 61
48 55 56
64 65 52
21 26 38
35 31 25
42 71 58
51 48 43
43 56 43
43 65 52
43 57 60
26 28 21
43 59 69
67 52 51
72 43 62
58 65 59
18 30 20
62 47 48
49 55 69
62 59 58
41 20 37
72 66 52
58 60 65
44 55 67
19 40 30
65 59 58
58 64 44
69 60 63
64 71 62
70 50 43
44 49 71
63 56 44
62 60 68
63 55 56
52 42 44
49 62 66
38 18 27
32 20 29
68 59 61
64 66 45
49 61 50
50 49 53
47 58 49
45 55 67
43 65 71
60 48 60
56 55 43
51 59 62
28 21 22
72 58 71
53 50 62
61 48 49
63 58 46
20 35 31
22 27 37
29 31 31
57 69 62
