# MHKP instance for submodel V0 of Deplano et al. (2019)
# BINS:  length width height priority
# ITEMS: length width height
# beta (gcd of item sides) = 1
BINS
120 120 120 5.78703703704e-07
ITEMS
64 65 57
31 34 42
59 57 44
20 29 18
21 41 22
59 61 70
63 56 59
67 70 68
44 42 60
51 56 61
65 66 52
18 18 38
33 18 22
32 35 19
52 58 47
31 35 34
32 18 34
47 45 71
33 32 26
55 49 47
54 71 43
46 53 56
21 18 28
27 20 28
65 63 52
25 26 20
57 65 63
48 45 61
56 68 68
29 25 39
51 56 52
48 45 60
28 28 38
66 67 61
56 43 46
50 71 65
44 69 71
70 54 56
61 60 63
29 20 30
46 65 66
52 50 43
44 72 69
20 20 36
37 39 30
61 64 59
63 47 67
31 28 37
53 60 72
21 36 32
57 47 63
56 60 59
34 35 35
50 53 45
72 52 67
72 62 58
60 49 59
30 41 27
21 32 41
64 51 70
32 25 30
45 62 65
42 26 34
34 22 26
68 44 59
47 53 59
62 61 54
44 49 51
18 32 33
67 56 48
52 57 44
57 65 63
56 50 62
65 45 45
57 55 43
42 29 21
45 62 45
18 37 35
48 49 54
67 51 42
26 29 20
53 66 58
25 25 20
46 66 66
59 45 46
61 65 65
32 40 19
37 42 33
70 47 61
56 54 64
59 48 67
46 54 48
71 64 47
48 52 68
36 39 29
25 30 26
51 58 54
59 44 57
21 29 26
58 42 55
