# MHKP instance for submodel V0 of Deplano et al. (2019)
# BINS:  length width height priority
# ITEMS: length width height
# beta (gcd of item sides) = 1
BINS
120 120 120 5.78703703704e-07
ITEMS
29 41 42
59 69 49
50 48 66
60 69 44
65 71 52
21 21 40
48 63 64
43 44 46
26 20 33
46 52 43
40 25 39
68 68 48
29 36 18
28 21 42
28 21 27
37 22 35
54 67 60
61 64 48
27 23 42
66 52 71
32 19 33
25 21 42
46 58 58
60 67 55
69 57 50
36 22 35
53 70 61
54 61 72
26 22 22
65 64 49
49 62 42
24 21 37
48 69 48
51 48 54
21 25 26
36 24 36
53 49 72
60 67 53
72 63 67
67 68 64
30 26 19
51 66 45
69 56 59
62 51 42
56 67 60
50 43 60
29 18 33
58 70 44
45 67 57
55 69 50
39 31 39
24 27 24
19 20 36
47 42 46
70 45 55
66 44 55
25 24 39
29 40 27
50 46 66
43 57 51
63 65 52
46 61 52
45 65 51
48 64 68
23 23 35
27 29 25
37 28 21
35 29 23
45 44 47
28 37 25
31 35 21
68 64 65
22 42 19
45 66 65
61 53 59
40 29 41
51 63 58
46 65 65
59 70 49
63 62 46
72 52 48
72 62 56
51 55 59
64 55 51
70 65 49
22 22 29
69 67 69
71 63 61
51 45 57
62 43 55
45 58 42
68 49 51
53 68 69
68 42 65
63 61 52
56 65 52
68 64 72
58 52 70
48 49 53
56 66 63
