# MHKP instance for submodel V0 of Deplano et al. (2019)
# BINS:  length width height priority
# ITEMS: length width height
# beta (gcd of item sides) = 1
BINS
120 120 120 5.78703703704e-07
ITEMS
57 69 50
57 43 61
45 45 50
57 48 47
42 67 59
70 63 70
34 20 30
66 67 59
39 41 37
29 22 26
47 65 65
21 18 23
60 61 47
27 30 28
72 58 49
44 51 65
39 36 39
66 48 69
61 65 58
71 49 51
56 54 70
72 62 63
35 37 23
22 21 41
48 49 66
55 70 49
64 47 43
36 27 20
47 51 52
23 35 34
70 50 65
53 62 63
29 27 25
64 46 70
57 52 64
58 72 61
65 65 62
63 49 51
48 58 49
72 60 51
54 45 51
32 42 19
31 23 39
29 27 36
21 20 30
72 66 69
52 59 43
42 72 56
38 41 23
49 49 44
70 59 62
28 34 32
69 64 61
50 49 56
70 65 61
53 54 57
58 71 66
50 62 43
34 42 35
43 68 48
24 20 41
53 48 42
47 62 45
64 43 44
64 48 58
61 51 64
40 36 29
56 52 63
19 21 21
33 36 24
65 43 57
27 35 35
45 42 52
30 27 23
51 60 68
29 40 22
70 71 62
64 47 63
61 54 70
64 58 68
42 71 50
44 49 55
47 66 64
53 55 55
46 70 72
58 45 54
45 44 52
64 45 56
32 25 24
37 21 35
28 36 40
57 42 68
60 54 44
36 24 33
50 58 61
49 58 52
34 34 36
71 72 46
48 52 66
23 34 25
