# MHKP instance for submodel V0 of Deplano et al. (2019)
# BINS:  length width height priority
# ITEMS: length width height
# beta (gcd of item sides) = 1
BINS
120 120 120 5.78703703704e-07
ITEMS
68 60 48
72 50 48
64 68 65
59 68 60
51 51 53
61 51 52
24 23 36
42 54 71
51 43 48
47 59 55
27 34 33
68 50 71
49 43 59
20 30 28
52 48 50
36 25 35
68 50 64
53 66 71
66 72 58
53 44 71
69 54 57
38 28 35
63 42 65
69 71 44
22 21 29
68 58 61
43 50 47
35 32 20
50 71 57
58 58 68
52 58 66
52 68 69
20 35 21
66 54 72
48 64 69
64 42 66
26 22 21
60 50 47
59 43 42
50 70 54
49 54 72
47 72 68
48 49 53
38 35 36
59 61 57
45 53 46
66 69 44
57 57 66
52 71 64
64 60 70
40 24 20
72 57 65
36 24 37
44 67 64
20 37 32
46 70 54
31 23 42
46 54 66
21 23 28
42 50 71
49 66 57
61 42 51
21 37 42
43 51 56
69 52 63
34 27 34
28 29 38
67 46 50
57 67 61
57 51 42
53 43 72
66 50 50
25 34 24
64 51 43
43 66 55
64 63 68
47 52 51
66 43 48
42 71 59
59 51 69
54 60 55
43 69 49
48 68 44
46 57 71
61 54 43
56 48 51
43 64 48
30 40 40
43 71 47
50 58 69
33 41 21
45 43 45
65 51 65
60 43 52
57 54 62
69 62 66
53 72 49
53 53 66
70 62 67
59 46 64
