130 587 233 220
78 47 49
78 47 49
78 47 49
46 43 45
98 36 44
100 31 89
108 47 76
75 28 36
75 28 36
108 56 82
45 24 41
103 38 48
74 46 62
74 46 62
96 44 56
117 42 64
117 42 64
73 50 71
61 47 48
91 27 49
91 27 49
78 28 77
119 34 78
106 63 78
82 62 68
100 53 73
74 30 62
76 20 25
97 34 44
97 34 44
98 49 56
66 38 46
64 32 36
64 32 36
118 45 79
75 45 60
95 47 68
95 47 68
78 29 51
96 47 68
88 44 67
88 44 67
56 44 47
115 32 36
115 32 36
115 32 36
51 47 49
51 47 49
79 78 79
111 32 55
87 41 48
72 41 47
84 39 76
84 39 76
84 39 76
100 53 63
87 24 85
87 24 85
109 57 74
109 57 74
87 75 76
80 59 60
78 36 74
88 55 57
80 51 57
99 35 73
99 35 73
58 44 57
58 44 57
109 72 73
97 20 44
51 51 51
79 44 77
74 47 59
84 47 69
115 32 47
57 45 48
103 33 35
110 53 85
105 30 34
105 30 34
80 30 56
91 60 62
91 60 62
106 31 50
106 31 50
83 30 56
73 33 34
113 42 66
113 42 66
63 38 49
81 53 65
80 53 71
99 30 41
86 34 67
72 41 50
96 43 82
70 29 41
72 49 56
72 49 56
100 41 92
93 37 39
93 37 39
115 46 61
91 65 90
91 65 90
119 48 55
52 29 35
113 50 79
77 20 74
77 20 74
110 57 99
110 57 99
69 22 46
80 58 63
116 32 48
116 32 48
103 28 55
103 28 55
107 37 72
107 30 96
78 33 77
68 36 40
65 41 56
108 67 87
55 36 53
76 51 74
53 25 48
103 40 60
66 28 42
