127 587 233 220
74 61 63
74 61 63
71 25 60
106 59 80
109 42 76
118 22 56
105 43 67
72 37 65
84 54 59
91 26 69
69 28 31
76 37 67
48 25 39
91 66 79
91 66 79
72 42 63
72 42 63
74 60 74
85 20 78
52 32 32
52 32 32
52 32 32
83 54 63
71 26 32
71 26 32
65 30 53
95 61 84
78 43 47
66 31 63
114 71 82
114 71 82
109 22 46
82 38 54
82 38 54
102 53 99
57 37 51
103 29 36
50 35 38
60 47 57
60 47 57
80 57 61
98 43 71
72 43 58
72 43 58
72 43 58
81 39 69
85 49 64
118 47 66
102 35 64
114 55 93
111 69 86
111 69 86
80 38 54
89 28 39
71 45 59
111 67 90
88 33 38
71 60 63
71 60 63
95 65 71
82 28 74
61 44 51
120 35 92
79 37 55
79 37 55
56 26 50
74 52 66
74 52 66
96 27 35
96 27 35
92 43 80
92 43 80
79 37 53
109 29 47
96 51 87
96 51 87
74 44 55
76 74 75
84 29 64
84 29 64
57 29 53
57 29 53
62 45 59
72 32 37
93 61 73
81 27 66
80 53 62
99 78 90
40 37 40
76 38 59
70 60 67
70 60 67
59 47 51
109 38 53
79 33 69
57 23 53
117 55 73
91 64 79
43 26 36
43 26 36
83 32 52
83 33 65
92 58 69
101 45 77
95 28 50
95 28 50
61 47 50
79 64 66
100 49 51
100 49 51
94 40 49
102 47 55
102 47 55
75 35 48
71 45 60
78 42 77
96 27 42
86 69 79
110 38 68
65 26 50
92 37 74
92 37 74
99 40 42
77 38 45
78 50 73
78 50 73
78 26 31
