136 587 233 220
52 25 36
63 21 37
100 36 61
79 36 52
99 36 63
97 30 49
90 55 69
90 55 69
90 55 69
91 28 33
111 41 76
95 35 44
74 29 47
74 29 47
100 20 48
75 30 38
75 30 38
86 44 68
86 44 68
86 44 68
72 33 52
112 25 52
112 25 52
109 40 48
83 42 74
101 40 93
76 31 66
107 25 71
57 40 40
64 24 49
118 48 75
99 33 61
100 30 59
92 31 77
77 72 75
61 32 44
65 25 55
89 23 29
117 20 61
89 50 65
89 50 65
63 23 45
63 23 45
92 37 62
101 21 81
113 54 78
113 54 78
95 27 33
95 27 33
95 27 33
90 29 57
90 29 57
110 39 100
116 59 70
116 59 70
116 59 70
113 40 72
41 25 33
91 30 72
91 30 72
108 74 86
91 49 59
91 49 59
53 43 49
53 43 49
97 26 94
97 26 94
72 30 50
72 30 50
73 41 52
73 41 52
89 70 77
89 70 77
110 31 47
94 43 83
102 35 54
102 35 54
82 32 49
99 20 43
75 34 41
72 47 71
74 59 69
78 24 54
107 44 69
107 44 69
100 24 42
70 28 51
118 38 97
52 27 41
68 59 64
40 33 38
118 75 100
117 47 49
85 65 66
78 47 69
50 27 46
85 33 67
108 33 83
41 27 38
106 25 63
106 25 63
104 36 59
104 36 59
75 38 46
75 38 46
42 30 35
42 30 35
42 30 35
73 50 57
103 38 82
78 52 64
58 31 50
87 30 34
90 58 67
83 31 44
77 59 76
58 38 53
115 71 96
82 26 50
62 38 60
62 38 60
88 39 64
88 39 64
112 20 51
89 40 53
103 48 59
103 48 59
103 48 59
65 31 33
118 36 57
118 36 57
91 38 58
99 42 99
99 42 99
100 46 100
100 46 100
