125 587 233 220
60 26 45
71 39 43
99 64 71
61 40 41
83 43 79
63 35 52
54 20 33
62 51 57
62 51 57
79 71 76
91 48 81
95 23 70
101 42 57
119 61 76
78 22 54
93 25 68
93 25 68
104 27 94
104 27 94
66 36 65
68 48 66
100 21 46
100 21 46
106 30 81
55 32 40
83 20 28
83 20 28
103 68 79
38 25 28
81 29 58
96 74 80
88 26 63
88 26 63
74 43 56
93 76 89
93 76 89
69 57 69
69 57 69
86 32 43
117 20 78
117 20 78
91 44 76
80 21 53
80 21 53
49 32 39
71 31 61
97 53 73
94 62 72
82 69 74
105 65 71
105 65 71
87 43 71
96 50 77
117 44 73
96 26 62
80 73 78
98 56 73
79 57 68
78 63 68
93 74 80
63 30 40
66 45 62
105 33 47
105 33 47
105 33 47
99 73 84
119 32 59
110 71 74
87 24 62
66 23 48
99 72 82
99 72 82
73 54 70
86 56 83
87 22 85
80 45 58
80 45 58
77 27 53
101 51 57
101 51 57
74 25 67
98 31 38
98 31 38
70 39 42
113 26 66
113 26 66
77 76 76
88 32 59
69 44 46
68 31 61
78 26 31
107 33 47
80 40 72
87 62 71
87 62 71
53 30 44
114 38 45
99 44 70
95 38 72
46 39 45
89 27 56
95 41 84
74 48 57
93 30 33
111 30 39
117 33 99
106 46 70
78 51 52
79 42 44
79 42 44
79 42 44
94 44 46
94 44 46
59 29 45
101 42 57
90 65 79
82 58 81
120 23 38
120 23 38
120 23 38
82 26 41
82 26 41
92 61 70
94 54 87
92 33 75
