127 587 233 220
97 27 81
102 39 78
113 36 46
66 42 50
101 26 30
100 35 56
91 40 50
91 40 50
106 56 61
103 58 63
103 58 63
75 41 57
71 64 68
71 64 68
85 39 67
85 39 67
97 56 63
97 56 63
61 30 48
61 30 48
80 35 54
80 35 54
80 35 54
73 62 66
73 62 66
90 69 74
90 69 74
118 40 61
94 31 43
90 30 49
61 20 43
74 59 73
58 51 53
100 53 62
64 45 46
83 34 71
80 34 51
71 46 60
113 46 56
110 31 76
71 35 61
87 41 82
105 37 85
92 36 66
100 36 47
99 37 98
99 37 98
97 49 79
70 33 41
68 28 35
68 28 35
118 32 67
118 32 67
117 38 65
82 28 54
74 64 69
83 47 69
95 55 74
70 28 65
86 31 51
95 40 85
98 29 29
120 68 69
103 44 51
103 44 51
87 67 78
81 48 75
74 39 57
66 28 34
104 74 95
104 74 95
87 61 70
111 30 75
106 33 40
68 33 61
83 45 47
70 49 54
70 49 54
48 31 36
48 31 36
99 25 54
99 25 54
119 72 97
39 31 32
85 36 57
85 36 57
97 30 67
93 66 74
108 31 59
108 31 59
108 31 59
76 27 70
71 32 49
71 32 49
71 32 49
96 60 81
92 32 51
67 26 43
67 26 43
98 23 73
85 37 66
67 34 63
112 34 66
93 28 36
93 28 36
91 49 78
113 34 51
96 76 91
52 36 49
99 34 66
94 59 83
94 59 83
90 53 66
99 24 64
99 79 93
77 47 62
63 38 49
84 43 56
71 20 40
71 20 40
64 57 62
109 46 72
64 34 51
117 42 54
96 31 75
83 41 59
120 20 36
