128 587 233 220
40 21 36
76 31 45
63 51 54
63 51 54
114 69 77
114 69 77
95 53 57
92 20 36
90 47 84
84 24 69
57 35 35
57 35 35
78 50 76
81 37 67
73 43 51
64 30 54
85 51 73
83 23 58
114 27 71
67 50 56
67 50 56
79 46 51
79 46 51
89 36 57
109 46 72
93 35 54
93 35 54
114 33 77
77 25 45
77 25 45
77 25 45
97 59 64
100 30 92
58 38 48
88 54 85
75 43 49
75 43 49
71 42 53
73 42 67
92 48 53
94 39 86
97 33 58
58 41 42
80 52 77
108 46 52
77 43 60
111 33 62
78 35 63
93 44 84
115 38 78
88 39 85
84 38 47
84 38 47
61 32 44
50 33 44
98 47 63
66 51 57
66 51 57
111 26 57
91 37 75
98 21 61
98 21 61
66 48 60
88 64 68
88 64 68
93 42 86
82 53 68
114 40 79
114 40 79
105 32 33
103 44 81
102 32 62
100 80 97
97 40 68
97 40 68
63 37 56
63 37 56
111 53 94
64 31 46
64 31 46
94 63 63
94 63 63
67 39 60
52 35 51
112 43 66
45 30 39
76 68 74
76 42 72
84 25 68
84 25 68
91 39 85
91 39 85
91 39 85
100 39 92
100 39 92
65 35 42
120 70 70
81 27 67
83 36 55
83 36 55
79 64 79
64 33 56
76 31 71
64 20 30
113 44 91
67 49 63
67 49 63
94 60 73
94 60 73
67 50 67
60 37 57
70 34 50
66 30 64
54 25 54
117 45 76
77 34 54
107 67 96
104 21 73
104 21 73
69 32 67
92 60 84
60 51 56
119 25 77
119 25 77
80 41 49
89 43 56
89 43 56
74 39 59
