128 587 233 220
68 27 35
68 27 35
118 43 57
73 36 72
85 50 58
86 33 56
99 31 44
93 49 54
89 26 69
98 74 90
58 46 48
56 22 55
104 59 63
80 66 69
110 58 59
110 58 59
96 63 79
96 63 79
82 57 77
55 34 48
120 40 99
97 34 43
115 55 68
78 48 61
75 58 60
77 34 54
80 31 66
80 20 63
34 20 30
34 20 30
80 74 77
100 69 83
87 23 63
87 23 63
81 68 75
119 31 76
71 46 49
55 25 44
118 48 83
118 48 83
118 48 83
119 49 58
69 36 44
103 22 46
62 27 56
97 61 65
97 61 65
93 29 91
93 29 91
94 40 87
94 40 87
98 25 56
96 30 82
95 33 33
100 70 95
100 70 95
86 77 77
85 21 40
72 30 55
72 30 55
72 30 55
85 69 78
110 40 74
43 39 40
94 76 78
61 25 26
61 25 26
61 25 26
91 27 71
96 42 46
64 55 63
64 55 63
64 55 63
45 41 41
54 32 42
115 61 78
98 30 73
82 58 75
89 63 67
85 26 58
106 76 87
73 41 68
119 33 78
73 46 53
99 30 43
80 35 68
80 35 68
71 41 55
48 29 45
42 33 41
79 32 37
102 34 35
72 64 65
75 34 64
108 43 46
108 43 46
76 44 61
111 44 50
109 70 75
70 35 41
89 30 85
89 30 85
72 34 71
86 40 52
86 40 52
108 31 63
108 31 63
90 53 58
90 53 58
80 41 47
80 41 47
59 29 43
74 35 56
74 35 56
95 58 61
95 58 61
90 27 44
65 46 51
65 46 51
65 46 51
72 28 59
94 54 55
73 21 63
70 28 47
83 37 63
107 38 70
56 25 43
73 23 48
