124 587 233 220
98 44 73
60 38 60
105 60 73
90 52 77
66 24 58
106 55 76
55 36 44
82 23 58
74 58 61
81 24 39
81 24 39
71 39 65
105 47 97
114 69 97
114 69 97
103 55 78
93 55 66
78 74 75
118 58 67
91 22 61
91 22 61
96 24 58
80 44 76
80 25 67
71 20 69
81 62 79
81 62 79
72 30 68
49 41 45
112 58 96
71 45 65
71 45 65
91 30 68
91 30 68
94 61 71
94 61 71
52 31 51
52 31 51
46 29 41
116 55 79
45 30 38
78 53 77
76 62 74
92 39 58
56 40 50
96 45 48
96 45 48
103 26 57
103 26 57
90 35 45
96 47 65
44 37 43
75 39 40
71 35 65
86 53 70
86 53 70
53 43 44
53 43 44
82 33 52
60 51 57
79 48 69
53 35 35
72 31 34
91 38 48
72 41 57
80 42 69
102 66 70
117 36 49
90 32 36
95 30 73
95 30 73
70 28 69
70 28 69
91 25 28
109 65 66
113 44 47
95 72 75
63 52 56
97 30 54
101 37 50
89 47 55
96 31 38
88 33 48
94 37 54
67 31 45
92 43 74
106 29 78
101 36 92
82 46 78
82 46 78
84 52 57
82 73 73
80 43 69
79 34 70
116 64 86
90 41 51
90 41 51
107 50 66
85 48 70
62 28 33
50 27 43
50 27 43
62 25 41
109 26 90
109 26 90
67 26 45
72 39 42
75 36 75
107 61 74
68 43 60
68 43 60
92 46 66
92 46 66
100 74 93
100 74 93
107 26 74
115 33 53
115 33 53
70 56 65
96 27 72
96 27 72
78 31 50
106 37 69
106 37 69
