131 587 233 220
104 50 94
102 36 87
102 36 87
115 33 42
61 32 58
70 48 62
91 78 79
90 53 57
78 25 68
77 39 44
77 39 44
97 56 89
58 26 38
64 33 44
57 25 38
70 28 65
93 61 73
61 46 47
111 26 72
102 63 78
102 63 78
88 62 65
63 38 51
98 68 86
106 47 68
90 71 80
90 40 74
94 33 38
108 30 67
60 30 34
60 30 34
57 27 37
57 27 37
104 41 74
47 23 45
47 23 45
47 23 45
112 24 89
101 28 83
101 28 83
72 52 61
94 63 67
104 45 80
110 37 75
93 46 59
71 47 71
74 56 74
74 56 74
74 56 74
89 30 42
81 49 69
81 30 56
97 23 73
116 36 43
51 29 39
74 41 56
71 58 71
70 27 50
63 41 59
64 48 54
64 48 54
83 27 53
58 26 30
116 26 87
82 42 51
82 42 51
87 31 72
87 31 72
75 67 72
75 67 72
75 67 72
65 29 54
116 22 98
116 22 98
84 68 68
82 26 33
82 26 33
68 30 35
91 61 88
108 71 92
108 71 92
95 56 69
95 56 69
119 38 55
119 38 55
95 31 64
95 31 64
87 27 44
65 31 37
65 31 37
55 37 41
55 37 41
97 31 49
86 29 65
69 49 68
94 26 85
71 36 61
117 40 80
117 40 80
52 28 50
52 28 50
43 21 33
66 23 62
117 29 91
117 29 91
89 42 58
89 42 58
97 57 62
83 36 60
89 41 71
92 20 53
92 40 67
55 23 37
118 39 81
45 25 40
62 20 27
110 49 93
110 49 93
84 52 72
98 58 73
78 34 52
80 60 72
80 60 72
89 48 53
89 48 53
39 21 29
119 30 33
99 32 32
109 64 74
95 22 68
95 22 68
