132 587 233 220
109 68 80
109 68 80
90 31 45
90 31 45
66 34 56
76 34 66
111 53 80
86 29 59
86 29 59
80 63 72
81 22 47
114 64 80
90 32 37
75 40 48
75 40 48
67 45 52
88 74 82
88 74 82
100 23 63
103 48 53
103 48 53
79 41 44
79 41 44
89 50 85
60 44 54
65 27 52
88 45 71
88 45 71
106 41 75
119 62 67
117 38 82
117 38 82
79 40 77
74 67 73
95 57 68
77 27 45
77 27 45
61 26 48
51 25 43
86 31 61
42 34 39
92 55 59
117 32 55
117 32 55
112 36 64
112 36 64
97 47 73
75 32 64
69 39 64
81 28 64
80 36 52
87 46 62
78 52 55
92 50 61
66 32 40
66 32 40
86 20 38
72 28 37
99 42 98
99 42 98
71 37 38
71 37 38
100 45 89
100 45 89
112 46 60
99 49 85
85 75 77
119 28 65
119 28 65
111 41 57
111 41 57
91 24 78
90 31 61
66 38 39
66 38 39
99 20 60
87 53 74
87 53 74
60 36 38
60 36 38
52 28 49
95 64 75
115 41 70
79 54 59
79 54 59
49 32 41
80 41 61
76 23 48
76 23 48
89 28 60
89 28 60
62 32 32
62 32 32
112 31 50
93 32 71
93 32 71
68 65 67
99 48 71
99 48 71
113 65 79
70 36 43
98 26 43
100 34 77
109 49 63
81 23 59
75 49 74
66 25 36
73 41 62
101 41 55
76 26 48
85 29 58
80 34 80
116 27 66
79 54 56
98 25 69
98 25 69
98 25 69
43 24 30
43 24 30
74 28 34
70 38 44
70 39 53
119 36 71
80 43 78
64 32 53
91 46 84
101 25 63
112 33 88
112 33 88
112 33 88
103 80 100
64 36 61
