143 587 233 220
114 25 67
92 25 79
89 36 87
95 36 71
95 36 71
90 43 83
93 28 39
69 31 54
107 37 61
107 37 61
107 37 61
98 40 52
98 40 52
83 60 69
83 60 69
83 60 69
98 58 63
98 58 63
45 26 40
45 26 40
63 36 44
96 43 56
88 35 42
40 36 37
97 67 74
76 42 45
64 42 43
91 37 53
59 22 34
56 27 42
56 27 42
84 53 66
85 53 66
85 53 66
51 35 39
83 45 47
45 25 30
45 25 30
45 25 30
84 25 38
86 28 74
92 37 38
70 44 56
100 25 28
100 25 28
92 49 52
71 34 66
81 38 39
54 26 40
54 26 40
79 21 77
115 45 56
115 45 56
115 45 56
86 48 59
85 62 83
85 62 83
85 62 83
85 62 83
99 61 87
69 38 42
60 42 59
58 41 56
113 28 30
113 28 30
113 28 30
71 63 65
97 23 79
97 23 79
97 23 79
74 39 41
74 39 41
91 30 61
46 42 44
46 42 44
117 63 72
116 28 58
107 27 56
107 27 56
99 30 66
58 35 50
58 35 50
94 60 71
94 60 71
94 60 71
73 55 68
59 22 50
59 22 50
59 22 50
83 53 80
114 31 65
99 21 79
99 21 79
51 21 49
51 21 49
92 47 65
85 28 78
54 23 28
54 23 28
65 43 57
92 29 76
59 28 33
92 63 84
92 63 84
90 34 76
65 29 51
73 29 59
71 35 49
71 35 49
69 25 36
69 25 36
69 25 36
79 32 60
79 32 60
108 66 74
93 76 83
51 22 25
51 22 25
51 22 25
84 34 58
73 30 36
89 61 62
120 74 99
116 38 50
80 34 78
67 31 43
105 31 78
85 27 57
94 72 93
94 72 93
89 27 59
67 49 54
87 68 78
67 48 55
113 28 70
83 38 81
76 58 67
78 37 71
78 37 71
96 78 83
102 35 77
96 25 59
119 50 61
