129 587 233 220
63 31 55
63 31 55
120 23 43
97 57 72
97 57 72
77 42 76
93 20 74
65 43 63
108 40 71
79 21 36
79 21 36
68 26 62
68 26 62
68 40 50
68 40 50
79 31 42
79 31 42
79 31 42
76 38 56
80 51 79
80 51 79
115 29 69
115 29 69
113 30 50
96 22 90
60 26 41
118 36 93
80 33 72
98 76 96
91 40 65
91 40 65
76 54 54
84 61 75
87 25 50
104 24 27
94 78 79
116 34 44
96 45 91
84 40 55
87 50 71
87 50 71
87 50 71
54 27 32
85 38 53
85 38 53
114 72 79
75 55 57
75 55 57
69 32 43
69 32 43
71 25 58
71 25 58
120 27 82
79 66 72
79 66 72
58 46 46
90 47 84
63 38 59
63 38 59
86 50 55
56 24 41
56 24 41
107 30 42
92 48 78
77 39 54
116 47 68
116 47 68
49 39 44
100 41 84
100 41 84
63 53 59
97 45 58
92 55 68
75 41 42
102 39 40
78 52 57
83 41 51
84 33 70
80 32 42
98 44 50
104 32 70
110 23 48
118 35 95
104 43 86
104 43 86
77 30 41
120 31 62
71 46 51
70 30 32
119 26 33
119 26 33
85 51 68
71 47 58
106 24 66
106 23 99
119 51 68
119 51 68
70 36 38
96 34 73
102 40 41
52 25 44
52 25 44
82 49 63
95 52 81
106 39 69
106 39 69
95 22 68
95 61 92
95 61 92
48 22 43
72 26 46
108 55 57
101 32 52
95 70 94
93 67 71
93 67 71
109 69 89
109 69 89
84 20 72
78 28 32
97 47 86
81 34 56
69 25 55
80 48 54
73 39 52
56 47 55
74 37 56
68 46 64
108 34 59
