115 587 233 220
86 36 58
71 22 69
108 54 78
104 57 58
96 58 65
58 26 37
73 49 72
98 56 67
117 23 89
109 73 76
109 73 76
95 34 61
106 49 73
106 49 73
66 35 39
82 43 76
93 26 87
93 26 87
68 63 64
70 30 53
68 30 65
94 26 57
94 26 57
104 38 79
104 38 79
47 46 47
47 46 47
111 20 52
85 23 70
89 33 58
92 66 74
75 50 65
111 64 99
99 62 65
94 25 53
94 25 53
81 43 64
98 38 71
82 48 70
95 45 45
45 40 43
73 38 49
99 26 77
85 33 72
108 26 37
120 33 45
97 32 83
65 32 54
63 41 54
99 54 68
66 42 63
78 43 68
91 43 69
72 44 56
90 38 59
95 20 78
71 20 65
94 54 77
85 79 79
85 79 79
58 25 43
105 48 74
98 63 69
98 63 69
100 30 72
112 67 73
101 34 43
113 48 83
94 33 75
94 26 31
96 48 64
96 48 64
116 31 38
72 55 70
95 39 94
95 39 94
45 26 37
64 50 61
88 25 34
94 72 78
94 72 78
117 60 65
70 28 45
77 49 63
98 65 67
99 37 38
67 36 41
96 78 82
97 34 88
64 42 46
47 31 37
48 43 47
100 42 74
86 47 71
71 47 54
104 64 79
80 59 70
97 61 74
105 23 85
92 48 62
50 38 44
119 33 91
119 33 91
88 39 68
45 35 41
49 41 41
118 56 72
41 30 33
69 67 68
102 32 92
77 64 70
77 64 70
77 64 70
50 32 32
97 58 80
