150 587 233 220
66 36 64
97 49 73
97 49 73
69 43 60
69 43 60
52 20 37
109 37 63
79 24 57
95 22 72
65 39 50
98 30 42
98 30 42
53 36 40
82 51 54
77 31 33
77 31 33
77 31 33
77 31 33
66 49 56
101 62 68
82 46 64
82 46 64
88 58 83
108 29 51
108 29 51
91 62 76
61 25 32
61 25 32
70 30 47
80 52 79
80 52 79
103 33 43
103 33 43
115 70 88
98 26 38
98 26 38
98 26 38
60 21 33
60 21 33
74 33 54
74 33 54
87 39 45
77 42 62
100 54 56
55 24 42
66 35 47
66 35 47
85 38 71
63 59 59
92 54 65
100 64 77
90 49 79
104 25 64
64 43 46
69 30 38
69 30 38
69 30 38
79 55 79
79 55 79
77 56 75
47 33 33
81 42 44
81 42 44
81 42 44
81 42 44
47 44 47
84 47 50
84 36 78
76 50 73
76 50 73
76 50 73
76 50 73
76 50 73
109 30 91
67 42 43
57 31 53
70 33 34
70 33 34
70 33 34
94 50 69
71 59 66
119 63 93
119 63 93
106 34 76
70 45 70
74 47 52
115 33 70
97 35 55
97 35 55
97 35 55
45 38 40
92 38 88
92 38 88
76 56 58
88 59 79
104 31 61
104 31 61
77 35 55
105 50 80
72 38 62
114 35 78
80 33 45
51 38 49
51 38 49
71 24 66
71 24 66
117 27 45
117 27 45
84 52 68
84 52 68
84 52 68
37 34 36
37 34 36
47 36 39
47 36 39
79 64 67
84 37 80
62 34 46
90 20 89
62 30 58
36 22 32
55 38 41
93 31 68
99 32 40
84 60 80
84 60 80
77 55 60
62 27 41
119 39 86
119 39 86
76 45 46
113 32 37
113 32 37
67 34 62
91 36 43
91 36 43
71 47 69
70 64 67
70 64 67
118 28 77
51 29 47
51 29 47
51 29 47
102 40 46
107 52 60
80 40 52
80 40 52
62 41 52
62 41 52
62 41 52
