125 587 233 220
90 34 41
64 28 32
64 28 32
42 31 31
94 44 90
68 53 63
55 21 30
72 31 64
75 34 56
62 31 34
79 32 55
99 27 74
99 27 74
89 48 54
89 48 54
93 32 78
119 59 80
119 59 80
80 42 72
111 27 47
73 49 72
115 32 87
100 61 66
100 61 66
80 23 61
80 23 61
111 52 57
94 33 47
91 55 69
91 55 69
91 55 69
107 80 95
54 29 50
82 33 76
76 62 67
100 20 92
104 58 99
111 29 67
35 23 32
100 27 60
99 73 82
87 63 67
35 28 29
35 28 29
81 72 80
81 72 80
45 33 42
70 26 55
109 27 31
89 65 75
58 24 31
94 25 40
94 25 40
80 30 63
80 30 63
119 26 51
90 26 56
112 63 77
95 56 74
92 23 68
92 23 68
100 39 64
88 25 43
73 51 63
107 32 59
88 55 59
62 43 53
114 67 84
79 35 40
96 35 38
37 23 30
81 23 26
81 23 26
87 43 67
90 50 55
63 52 56
87 59 59
87 59 59
68 45 67
107 51 55
74 58 63
103 33 63
70 36 48
102 55 67
75 38 71
75 38 71
75 38 71
72 27 64
81 74 80
70 38 69
65 29 38
82 36 57
80 38 46
72 62 64
112 21 28
70 51 54
103 68 80
65 63 64
65 63 64
102 30 100
116 70 90
61 51 58
109 50 80
58 46 50
110 32 72
98 76 81
98 76 81
53 42 47
107 42 50
65 28 36
57 28 45
90 41 52
90 41 52
107 55 83
107 55 83
115 45 77
100 34 51
100 34 51
100 34 51
102 47 75
102 47 75
59 33 42
72 48 50
72 48 50
77 45 45
