128 587 233 220
70 50 63
100 34 53
93 45 78
93 45 78
100 48 55
98 50 73
69 43 45
69 43 45
43 36 42
104 63 92
104 63 92
104 63 92
104 63 92
93 26 36
50 41 45
119 50 67
82 30 49
80 31 55
105 37 73
105 37 73
76 42 76
102 22 96
120 36 99
120 36 99
89 58 70
60 46 54
120 35 38
94 59 68
98 27 30
95 31 49
118 32 72
118 32 72
102 25 56
99 30 62
78 32 71
79 71 73
74 68 73
102 20 74
89 43 70
100 27 78
86 31 53
95 61 84
95 61 84
104 23 62
101 51 71
120 61 69
86 29 48
120 72 99
70 36 53
76 37 49
77 63 77
107 27 38
59 41 56
59 41 56
119 25 81
84 45 59
81 28 38
75 36 63
75 36 63
82 59 66
82 59 66
82 59 66
82 59 66
76 42 65
48 36 40
103 34 59
79 24 76
76 40 60
50 32 45
98 22 58
116 21 34
72 23 58
72 23 58
80 38 69
80 38 69
80 38 69
119 37 49
119 37 49
64 33 58
104 24 90
60 34 43
119 26 98
100 41 42
100 41 42
93 36 42
109 35 95
61 38 43
96 20 62
68 38 40
64 27 38
91 35 85
88 22 33
88 22 33
70 38 63
70 45 70
94 56 71
94 56 71
94 56 71
112 46 59
97 20 67
97 20 67
64 22 60
117 26 57
96 29 64
68 47 62
79 39 70
79 39 70
84 38 75
84 44 53
73 35 54
94 50 77
74 47 55
81 49 79
86 45 60
100 34 96
79 51 78
79 44 78
79 44 78
79 44 78
79 44 78
118 33 84
118 33 84
93 26 68
73 33 40
66 32 64
88 37 46
63 43 59
101 38 73
