128 587 233 220
55 26 50
55 26 50
48 37 42
47 26 34
104 50 74
83 40 70
53 38 52
108 49 69
78 72 73
78 72 73
77 24 62
74 21 34
49 37 38
49 37 38
79 40 50
75 35 44
98 57 69
72 36 62
98 41 93
98 35 60
62 31 40
62 31 40
68 37 59
60 45 49
60 45 49
78 36 75
92 43 47
97 58 77
98 33 69
97 54 80
87 52 68
109 45 68
94 64 78
104 50 52
104 50 52
59 52 58
59 52 58
87 42 53
87 54 57
87 54 57
97 73 80
97 73 80
54 30 53
79 47 51
65 40 65
71 26 67
82 46 79
95 33 35
74 52 68
74 52 68
74 52 68
57 43 47
113 22 58
113 22 58
113 22 58
100 47 47
120 58 79
105 24 39
102 27 50
70 48 51
71 49 66
66 39 65
99 72 79
99 72 79
68 35 36
68 35 36
101 29 73
74 39 46
68 58 67
110 64 82
110 64 82
113 54 92
113 54 92
111 73 79
54 34 44
81 34 62
90 51 53
71 42 67
71 38 65
80 22 46
74 66 67
64 49 55
109 34 63
109 34 63
109 34 63
111 34 35
56 39 40
56 39 40
73 34 42
73 34 42
80 21 64
111 64 65
87 51 77
75 58 61
75 58 61
63 39 52
87 27 77
77 44 45
77 44 45
87 25 77
90 20 87
110 66 98
51 34 38
112 49 65
65 27 43
54 47 52
60 31 51
60 31 51
117 56 93
114 58 85
106 29 67
79 32 71
95 49 53
95 49 53
66 39 59
117 50 67
94 49 74
77 36 73
53 33 47
80 31 37
80 31 37
77 60 66
77 60 66
97 24 48
97 24 48
117 48 77
78 53 69
68 26 34
