115 587 233 220
119 38 41
90 35 44
90 35 44
67 27 55
71 36 47
90 51 55
87 40 68
87 36 53
87 36 53
113 34 47
97 35 56
97 35 56
90 25 60
88 70 75
111 51 64
105 31 77
91 29 33
53 31 34
73 34 40
84 44 56
113 29 81
89 51 53
62 26 30
99 40 91
113 40 88
99 34 76
74 37 65
96 33 73
96 33 73
78 71 73
99 46 99
88 33 57
76 34 67
80 48 63
86 38 80
114 67 77
66 50 50
117 59 70
90 39 49
102 62 74
77 38 62
75 38 48
92 69 69
88 22 66
94 47 78
70 47 55
95 74 85
60 23 40
60 23 40
87 35 64
87 35 64
80 26 78
87 39 47
86 64 68
116 26 54
48 28 31
120 27 56
69 48 49
102 69 76
85 66 74
77 40 58
77 40 58
119 56 62
84 67 78
94 74 86
94 74 86
85 57 64
85 57 64
70 53 63
70 53 63
70 53 63
90 56 76
85 31 84
105 75 88
60 33 59
94 40 79
96 56 71
96 56 83
68 40 53
120 42 82
92 30 71
64 39 43
64 54 63
110 69 90
110 69 90
92 39 65
92 39 65
90 20 67
65 53 57
100 43 71
85 40 50
113 45 56
99 45 67
63 32 45
108 31 60
92 57 61
92 57 61
57 36 43
109 43 44
106 40 68
55 34 50
69 23 34
88 75 80
65 28 39
98 29 70
107 71 80
99 48 49
99 48 49
98 25 67
90 37 75
107 51 62
94 39 67
80 28 69
79 32 51
56 32 45
