130 587 233 220
60 36 44
76 40 42
65 48 49
109 51 92
109 51 92
93 31 42
83 59 64
83 59 64
96 55 90
52 31 42
98 61 72
118 57 98
48 25 31
75 50 67
75 50 67
120 32 66
120 32 66
91 65 76
102 49 71
93 59 89
93 59 89
76 23 48
63 23 53
83 27 59
83 27 59
85 53 69
85 53 69
97 22 55
86 56 67
99 44 85
48 39 46
61 22 58
74 42 45
74 42 45
94 66 88
94 66 88
77 41 54
77 41 54
44 27 37
94 35 43
104 63 70
99 26 96
74 33 72
103 60 100
96 78 81
60 30 30
60 30 30
105 44 81
116 64 71
91 41 56
94 65 68
94 65 68
94 49 66
59 38 41
93 57 66
91 56 61
91 56 61
91 56 61
91 24 73
91 24 73
91 56 69
106 36 64
96 34 66
109 48 67
67 40 43
67 40 43
100 23 29
98 36 59
98 36 59
98 36 59
92 54 70
94 39 77
78 23 56
78 23 56
78 23 56
85 26 77
85 26 77
107 48 64
107 23 85
79 49 54
69 54 60
101 25 79
101 25 79
62 45 53
62 45 53
117 33 71
117 33 71
103 46 51
74 26 68
90 22 52
114 36 50
52 37 40
113 47 49
66 43 61
94 26 63
102 57 89
89 29 66
89 29 66
62 34 39
62 34 39
103 22 84
95 32 60
61 31 53
82 20 31
69 50 57
49 41 45
69 37 65
84 25 46
115 28 65
115 28 35
68 56 60
102 62 97
68 41 44
103 68 79
108 35 56
108 35 56
78 46 74
80 40 43
69 35 46
67 35 54
67 35 54
85 39 72
91 36 71
46 30 31
46 30 31
77 30 54
107 49 66
75 38 47
75 38 47
41 30 34
