135 587 233 220
91 32 50
118 40 66
75 32 69
81 32 73
81 32 73
97 33 69
97 27 31
57 29 54
77 62 71
116 27 84
85 29 30
112 41 51
112 41 51
87 23 81
49 26 44
63 38 59
82 33 44
63 44 61
69 52 53
104 25 78
119 37 65
119 37 65
76 68 76
104 65 86
91 34 84
100 53 93
78 31 40
112 50 73
89 70 78
89 70 78
89 70 78
89 24 78
112 36 49
82 40 54
107 38 67
107 38 67
80 46 54
84 36 48
97 60 93
89 49 65
89 49 65
47 26 32
58 46 49
84 50 56
94 29 67
103 43 89
64 25 53
51 34 39
83 27 71
91 40 48
91 40 48
61 28 50
59 44 56
59 44 56
58 25 29
58 25 29
34 25 27
34 25 27
106 65 80
103 43 47
54 25 53
81 78 80
81 78 80
99 37 69
99 37 69
99 37 69
39 31 38
39 31 38
39 31 38
80 27 74
98 29 73
57 33 34
89 44 61
77 34 36
94 52 89
94 52 89
74 51 55
113 20 71
113 20 71
97 40 58
66 39 54
59 44 55
59 44 55
42 31 34
42 31 34
84 32 49
81 54 77
97 40 50
106 51 92
106 51 92
120 56 60
64 23 58
58 39 51
58 39 51
67 45 64
79 31 39
79 31 39
78 24 48
69 54 61
113 62 66
113 62 66
88 60 80
88 60 80
88 60 80
116 45 68
74 23 52
74 23 52
76 24 43
76 24 43
94 32 59
94 32 59
94 32 59
94 32 59
69 47 60
83 20 27
101 32 70
101 32 70
98 23 50
54 21 32
81 66 74
65 37 37
65 37 37
65 37 37
109 30 65
90 51 80
75 66 67
97 35 60
102 58 73
70 53 58
70 53 58
59 42 46
90 54 85
70 43 62
106 57 100
114 25 29
