126 587 233 220
56 28 32
92 39 68
90 29 86
73 52 54
114 45 100
114 45 100
94 36 51
108 38 59
108 38 59
89 61 82
81 43 71
61 37 53
85 58 70
111 39 98
66 59 62
117 49 87
70 40 62
70 40 62
36 30 30
80 57 62
73 54 72
89 41 67
82 38 51
110 42 47
82 35 61
102 62 100
91 42 50
74 38 62
66 50 61
84 44 67
78 56 56
64 52 53
39 30 33
55 29 38
76 46 69
76 46 69
76 46 69
115 26 44
75 30 39
75 30 39
75 30 39
77 31 73
67 56 63
99 56 87
99 56 87
109 41 55
88 30 75
88 30 75
63 32 38
63 32 38
103 49 53
84 51 74
88 22 29
88 22 29
101 61 62
111 45 64
55 43 46
89 52 54
116 50 63
96 27 37
96 27 37
65 43 65
65 43 65
65 43 65
76 51 61
87 66 80
97 23 46
83 36 47
118 36 90
118 36 90
83 27 56
73 53 58
69 44 57
109 49 53
79 41 56
79 41 56
40 22 33
40 22 33
109 65 72
74 51 62
97 36 73
97 36 73
107 42 65
89 76 77
86 36 57
86 36 57
86 36 57
86 36 57
86 36 57
66 41 49
100 56 59
89 54 69
113 26 43
105 44 65
61 46 60
91 39 47
84 26 72
48 27 45
75 26 71
77 40 69
80 39 72
80 39 72
80 39 72
107 56 62
83 45 48
88 35 79
74 31 69
95 50 73
83 51 56
94 44 79
99 34 63
70 58 65
96 57 79
84 43 53
116 62 100
116 62 100
105 66 96
94 66 83
73 45 60
79 34 48
79 34 48
61 27 37
50 31 49
69 30 58
87 39 73
103 28 70
