123 587 233 220
96 68 95
69 35 61
107 55 70
92 34 85
96 31 60
66 38 38
63 36 57
51 31 31
51 31 31
100 44 75
78 53 66
33 29 32
33 29 32
81 45 72
88 38 57
52 21 34
112 31 69
63 57 59
76 48 65
76 48 65
92 46 60
118 52 55
96 22 93
73 29 32
104 54 78
120 26 80
58 46 54
90 40 90
79 55 58
74 22 45
102 35 72
84 67 78
84 67 78
98 44 58
98 44 58
97 56 83
67 38 57
90 68 80
79 35 48
75 43 66
104 36 53
94 69 94
101 47 86
101 47 86
109 65 85
69 46 62
81 48 57
81 48 57
108 47 63
108 47 63
84 49 67
112 64 66
93 41 43
115 53 71
92 40 67
66 45 60
82 26 48
82 26 48
90 20 88
113 67 73
62 35 39
77 33 54
88 54 55
66 47 49
89 26 28
58 39 53
99 53 64
57 44 48
57 44 48
112 29 58
112 29 58
56 27 54
56 27 54
78 38 65
76 40 54
96 39 92
57 55 56
69 49 65
97 57 78
94 41 46
86 64 69
86 64 69
86 64 69
117 43 95
117 43 95
41 23 26
41 23 26
109 32 41
109 32 41
95 56 91
61 30 40
65 30 60
65 30 60
57 35 36
97 28 88
72 32 60
72 32 60
74 27 29
81 64 78
96 25 59
78 52 76
78 52 76
115 34 82
78 57 76
44 33 43
87 27 62
83 60 81
83 60 81
105 60 63
96 41 81
70 32 45
97 23 44
82 62 73
82 62 73
120 55 79
108 35 78
87 62 81
87 62 81
91 23 29
67 46 47
72 32 51
99 60 63
81 25 39
