121 587 233 220
86 69 79
53 31 46
96 37 51
119 54 55
77 37 74
96 24 73
75 54 67
88 61 71
120 46 93
120 46 93
104 69 70
72 61 69
68 43 51
118 53 71
78 54 57
72 22 67
84 34 82
74 33 72
48 36 37
69 36 57
109 59 68
92 37 45
83 47 74
47 27 38
100 50 59
100 50 59
106 67 80
98 49 60
99 60 64
87 35 75
105 43 81
88 49 85
51 22 48
99 26 37
99 26 37
112 61 73
111 41 58
73 54 58
73 54 58
73 54 58
69 49 50
69 49 50
100 20 89
94 38 56
83 40 52
83 40 52
60 39 59
84 36 61
80 42 76
79 30 76
71 31 66
65 23 62
98 52 92
44 28 40
44 28 40
81 57 65
81 57 65
91 68 69
111 39 57
95 59 74
94 38 60
94 38 60
60 23 32
94 63 73
106 62 80
95 30 73
95 30 73
97 47 62
50 24 37
77 39 60
92 39 60
79 32 69
111 66 91
101 46 82
101 46 82
86 66 81
94 47 73
86 53 62
120 38 82
42 32 42
78 73 73
54 32 45
63 26 59
63 26 59
112 80 93
53 47 50
74 40 60
48 35 46
116 43 70
116 43 70
101 47 91
80 67 70
80 67 70
79 50 77
71 33 56
71 33 56
70 34 66
120 24 63
120 24 63
91 37 69
102 42 62
102 42 62
60 32 35
60 32 35
79 45 70
102 25 63
61 50 60
67 45 64
103 35 82
78 46 64
68 41 59
56 26 30
86 50 51
50 38 45
50 38 45
120 20 96
120 20 96
85 43 62
85 44 53
35 27 32
99 58 69
