149 587 233 220
64 46 48
79 22 25
79 22 25
89 33 85
79 34 66
79 31 54
79 31 54
115 22 95
115 22 95
76 44 54
76 44 54
80 29 44
66 26 33
50 32 32
50 32 32
116 21 93
113 50 64
113 50 64
101 31 80
96 46 76
96 46 76
61 26 61
108 23 26
108 23 26
96 31 88
80 47 61
87 35 74
87 35 74
87 35 74
61 50 51
97 70 77
97 70 77
74 61 65
74 61 65
74 61 65
74 61 65
92 23 30
94 40 59
94 40 59
100 27 84
120 31 42
45 36 40
45 36 40
53 50 50
81 45 64
63 31 62
107 48 59
114 27 76
39 25 26
39 25 26
92 42 67
85 38 82
52 31 41
52 31 41
50 30 40
50 30 40
50 30 40
94 30 47
94 30 47
94 30 47
94 30 47
92 37 76
93 25 56
71 38 38
103 69 71
88 51 67
88 51 67
103 53 70
71 62 69
91 36 79
64 29 46
64 29 46
115 50 82
115 50 82
63 30 34
77 25 29
66 35 38
66 35 38
60 50 52
83 33 68
83 33 68
108 42 52
108 42 52
114 33 88
65 37 64
58 32 36
75 64 73
61 27 32
61 27 32
65 43 65
67 44 46
91 73 85
72 26 34
118 42 72
63 50 55
63 50 55
63 50 55
112 64 75
94 60 83
94 60 83
57 35 43
65 34 39
78 34 66
63 42 61
75 47 72
48 37 38
89 40 70
89 40 70
89 40 70
93 44 45
93 44 45
87 25 71
89 32 40
55 39 53
52 32 39
90 38 44
97 46 67
97 46 67
97 46 67
90 32 76
90 32 76
92 36 76
97 30 63
97 30 63
97 30 63
60 32 50
59 39 56
94 30 59
94 30 59
55 26 39
55 26 39
68 29 52
68 29 52
100 40 97
100 40 97
77 38 40
77 38 40
97 51 70
76 32 61
76 32 61
100 42 91
100 42 91
82 33 47
104 42 73
86 69 73
37 26 35
57 41 55
57 41 55
94 52 92
