134 587 233 220
83 46 71
76 54 63
91 40 56
91 40 56
61 34 42
61 34 42
84 47 67
84 47 67
95 57 79
95 57 79
90 23 80
69 28 43
72 48 69
83 58 64
99 24 94
99 24 94
96 53 69
71 36 70
71 36 70
57 45 52
57 45 52
99 43 71
72 27 71
59 22 37
86 44 56
80 41 55
78 30 58
103 60 71
103 60 71
57 31 47
60 33 36
66 27 48
45 37 40
103 52 68
111 53 78
111 53 78
98 71 81
98 71 81
105 35 35
118 40 41
118 40 41
100 52 61
64 53 56
74 36 42
77 26 27
70 28 34
70 28 34
70 28 34
37 33 35
110 53 74
106 30 33
70 46 69
70 46 69
53 26 44
111 25 80
93 61 77
93 61 77
89 43 58
73 33 63
111 21 90
111 21 90
82 71 77
82 71 77
95 32 66
64 38 44
98 41 71
98 41 71
74 32 43
79 21 78
87 29 78
94 47 68
120 68 78
102 59 79
77 54 66
77 54 66
82 21 45
56 41 55
78 30 39
95 25 69
96 54 92
93 35 67
93 35 67
70 31 41
70 31 41
70 31 41
107 65 87
45 20 42
88 61 62
54 37 41
54 37 41
114 29 44
103 52 84
86 43 44
98 63 63
98 63 63
98 63 63
100 22 83
45 26 35
96 41 57
96 54 69
64 35 42
116 30 68
79 45 53
79 45 53
79 45 53
78 30 45
78 28 77
118 67 94
118 67 94
84 21 83
92 21 53
92 21 53
92 21 53
82 32 64
69 26 43
80 21 44
98 22 59
68 41 51
75 39 40
99 31 55
78 24 39
44 33 41
51 25 38
68 48 50
72 60 63
72 60 63
73 35 55
73 35 55
66 31 38
66 31 38
87 53 58
107 45 63
107 45 63
87 49 50
