140 587 233 220
119 28 34
119 28 34
84 48 69
97 78 82
109 33 43
80 47 75
80 47 75
80 47 75
74 30 62
74 30 62
40 31 35
58 26 43
58 26 43
111 71 73
95 43 66
96 28 82
96 28 82
84 66 73
84 66 73
62 38 42
108 58 91
108 58 91
96 25 81
42 31 35
42 31 35
42 31 35
75 30 54
117 33 50
117 33 50
115 49 68
105 60 66
105 60 66
105 60 66
50 38 45
79 34 50
72 35 36
72 35 36
74 37 57
72 63 66
86 29 62
91 34 70
55 29 35
64 25 54
64 25 54
97 50 82
93 45 73
93 45 73
83 25 35
83 25 35
60 33 59
113 38 45
54 30 51
54 30 51
110 26 43
100 37 66
91 48 73
65 47 56
65 47 56
65 47 56
72 27 50
92 27 87
92 27 87
110 21 42
90 36 48
76 54 73
61 34 41
74 38 50
110 43 49
110 43 49
104 38 69
104 38 69
95 52 71
77 48 57
91 46 66
114 29 70
114 29 70
101 68 80
40 23 38
40 23 38
90 24 70
90 24 70
90 69 71
90 69 71
90 69 71
106 55 70
85 34 49
90 47 68
72 46 56
72 46 56
63 47 49
63 47 49
96 60 61
81 48 54
96 56 58
51 27 30
63 48 60
100 22 71
100 22 71
80 22 46
80 22 46
77 28 69
99 21 62
62 22 45
90 52 57
97 51 76
117 41 47
62 44 58
60 40 58
96 44 51
59 35 54
70 48 51
118 43 49
118 43 49
49 26 44
78 26 58
78 26 58
91 28 70
61 31 42
118 44 79
119 45 46
99 45 75
99 45 75
49 42 46
119 59 85
105 23 97
92 42 68
92 42 68
88 37 59
88 37 59
88 37 59
88 37 59
88 37 59
91 49 71
76 46 53
79 26 62
41 28 37
69 59 68
73 20 69
84 33 69
96 48 82
