136 587 233 220
100 40 60
100 40 60
89 34 67
89 34 67
92 38 80
90 24 81
84 38 52
77 46 54
77 46 54
90 33 49
90 33 49
78 27 45
78 27 45
76 28 57
102 27 38
102 27 38
102 27 38
55 39 45
115 29 78
98 53 58
98 53 58
75 44 64
61 20 57
94 78 92
114 42 58
98 27 67
85 45 79
111 22 49
76 32 44
76 32 44
114 48 61
81 36 45
81 36 45
96 29 76
54 34 52
82 34 76
99 28 86
113 43 49
64 34 37
96 22 91
69 28 58
68 45 53
82 26 54
99 35 79
96 56 60
60 25 37
70 43 52
71 39 41
109 43 63
79 49 73
65 27 29
65 27 29
65 27 29
86 31 69
80 46 71
104 45 77
117 61 96
117 43 64
67 38 38
113 36 39
89 32 64
89 61 76
95 62 72
93 53 80
95 52 69
95 52 69
57 43 47
57 43 47
110 30 86
94 39 47
95 43 67
77 45 70
105 65 87
105 65 87
73 46 51
95 58 66
75 29 74
93 50 69
71 48 48
95 59 61
75 40 56
102 55 63
49 21 46
49 21 46
74 70 71
77 67 75
77 67 75
77 67 75
100 42 100
78 46 50
73 30 37
73 30 37
92 41 86
94 38 64
100 35 35
100 35 35
104 53 55
38 32 36
38 32 36
97 60 64
60 27 47
54 47 51
54 47 51
73 51 53
114 60 74
101 53 99
92 68 69
115 68 74
90 27 55
111 44 45
48 40 40
48 40 40
49 36 40
79 37 52
79 37 52
89 36 43
59 55 57
59 55 57
108 39 63
108 39 63
60 41 48
60 41 48
57 33 56
95 32 46
95 32 46
95 32 46
96 41 69
96 41 69
96 41 69
96 41 69
96 41 69
76 36 71
76 36 71
76 36 71
85 33 81
85 33 81
