129 587 233 220
96 63 82
74 59 63
86 43 60
90 57 67
97 80 91
116 28 61
86 35 41
86 35 41
67 26 44
115 31 79
62 46 59
49 39 41
55 33 48
113 63 89
49 33 36
49 33 36
71 54 63
62 21 58
62 21 58
85 34 75
85 34 75
64 50 61
73 48 53
57 47 53
57 47 53
70 22 50
71 40 47
117 21 38
83 30 38
83 30 38
84 66 71
66 38 44
66 45 56
66 45 56
74 68 70
105 27 64
105 27 64
71 31 59
70 21 61
98 24 90
99 51 74
99 51 74
90 44 54
90 44 54
81 56 79
111 66 94
82 41 67
117 21 86
86 53 58
74 30 46
90 37 46
80 35 74
72 36 72
80 34 55
80 34 55
80 40 68
72 41 43
115 44 69
115 44 69
70 31 62
70 31 62
74 37 67
43 29 34
84 45 62
84 45 62
80 43 60
80 33 52
83 54 73
83 54 73
98 56 77
60 35 42
67 28 55
63 25 45
63 25 45
94 55 74
98 72 77
104 48 75
76 54 68
76 54 68
76 34 52
93 37 64
82 29 43
61 32 38
61 32 38
45 25 44
106 47 76
90 30 43
55 32 52
100 46 62
53 25 30
99 37 62
99 37 62
55 42 43
55 42 43
90 56 73
90 56 73
102 40 60
45 29 39
45 29 39
113 37 78
103 30 43
100 60 62
78 68 76
79 26 47
79 26 47
114 66 91
114 66 91
66 22 62
69 45 52
100 32 40
100 32 40
94 54 80
113 25 41
113 25 41
87 25 36
99 28 39
99 28 39
92 63 91
116 29 90
112 77 80
112 77 80
89 45 86
76 31 74
116 50 91
88 68 76
112 54 63
112 54 63
93 64 89
76 31 40
