# MHKP instance for submodel V0 of Deplano et al. (2019)
# BINS:  length width height priority
# ITEMS: length width height
# beta (gcd of item sides) = 1
BINS
120 120 120 5.78703703704e-07
ITEMS
60 71 53
46 68 61
57 70 68
61 60 72
50 69 53
49 70 68
38 39 35
18 41 31
68 53 60
19 40 41
72 51 49
56 68 67
49 49 72
62 67 66
57 64 54
70 62 61
64 65 46
24 32 26
58 67 54
43 56 56
47 67 51
60 46 44
54 53 64
46 48 69
45 62 56
55 50 67
54 64 56
66 43 57
26 25 20
65 44 66
67 46 68
53 58 67
65 56 67
26 42 26
49 64 48
30 26 19
54 44 44
38 30 40
58 72 72
51 49 52
63 72 43
30 29 28
68 59 46
51 65 56
67 59 51
71 53 47
67 45 53
67 64 72
71 43 61
62 43 67
55 68 55
49 49 67
35 28 29
41 31 25
63 62 47
66 45 58
51 58 69
62 52 60
53 47 68
71 43 50
58 65 64
49 61 65
51 61 54
29 22 42
42 33 30
52 43 54
62 67 67
22 32 23
46 72 59
49 55 46
58 60 63
67 49 50
30 25 24
69 64 67
62 57 67
36 34 24
63 51 71
68 55 47
64 48 56
49 54 63
44 54 65
26 27 20
26 23 26
24 31 31
51 65 67
65 46 53
45 50 69
49 67 46
50 53 58
51 72 50
69 53 43
62 42 56
19 21 24
61 44 62
59 54 45
61 67 72
58 58 48
47 66 55
61 66 50
34 30 31
48 47 65
51 62 58
64 66 68
70 59 43
42 50 60
50 54 71
66 49 50
64 53 60
46 69 56
21 34 25
60 57 48
55 54 53
36 20 39
38 20 24
21 42 25
59 71 68
36 35 27
43 50 54
42 46 64
40 42 19
65 66 54
35 22 37
68 55 49
52 58 65
19 25 19
63 68 62
54 61 48
33 20 27
27 28 18
70 48 55
51 46 42
63 51 71
36 29 29
69 47 67
63 57 70
70 58 60
43 42 62
35 30 37
49 57 68
36 27 23
28 36 24
65 64 72
52 72 44
44 66 52
60 52 62
62 65 49
59 64 68
54 56 62
47 63 55
72 67 63
64 55 66
43 60 63
71 43 61
34 27 35
28 37 38
71 64 66
24 42 36
60 46 62
29 31 33
63 59 68
70 72 44
54 67 56
48 68 65
53 47 71
65 45 67
45 55 54
69 50 49
42 60 56
72 47 69
69 63 65
39 19 41
68 72 53
68 42 50
47 64 55
18 24 41
68 48 58
48 47 59
62 67 43
47 57 58
51 65 63
22 38 19
22 26 34
63 53 60
70 59 58
66 64 51
52 53 42
49 67 62
42 58 70
49 58 45
57 46 55
68 69 59
53 48 54
54 62 52
67 46 69
64 60 47
61 59 52
70 56 61
67 57 50
56 58 53
71 56 45
