# MHKP instance for submodel V0 of Deplano et al. (2019)
# BINS:  length width height priority
# ITEMS: length width height
# beta (gcd of item sides) = 1
BINS
120 120 120 5.78703703704e-07
ITEMS
65 65 50
68 48 57
63 57 72
41 35 40
54 55 62
63 43 51
59 58 52
67 62 72
70 47 46
33 39 42
28 42 31
23 27 26
38 38 40
71 61 46
62 57 58
63 51 48
25 23 34
38 20 20
60 65 47
48 53 58
64 54 63
53 53 65
55 47 59
58 63 45
43 50 63
25 26 19
24 32 25
30 22 34
45 71 55
52 50 45
45 47 59
29 26 35
54 48 46
65 66 43
19 39 26
48 42 68
19 25 41
69 71 70
49 47 48
40 18 27
37 25 38
72 47 54
70 58 49
43 63 67
59 68 56
68 71 43
49 47 60
67 51 59
60 57 65
45 50 44
53 59 68
30 37 24
62 55 62
55 56 64
39 24 36
68 70 66
42 66 71
18 33 35
64 72 49
37 25 28
43 61 69
49 47 66
49 52 70
55 70 52
52 60 68
53 44 50
22 37 22
56 63 56
61 54 52
48 66 63
59 64 47
24 40 32
30 36 41
20 38 26
63 56 65
58 47 54
53 60 62
56 62 53
69 66 54
62 63 68
71 62 45
57 42 46
31 26 27
58 69 53
42 50 49
64 48 45
18 37 20
58 67 72
20 35 23
37 41 30
65 70 52
25 33 19
48 66 67
61 48 46
66 55 72
36 20 19
54 66 47
42 60 52
26 23 18
21 33 26
55 52 65
61 57 55
53 66 45
59 63 62
42 50 60
57 43 42
62 66 68
23 22 32
70 65 53
41 30 18
47 48 63
22 39 40
41 31 35
46 51 64
48 66 45
29 20 20
30 25 29
36 19 35
52 59 72
62 70 66
28 26 29
39 32 37
67 49 64
51 42 63
44 68 52
53 55 49
20 42 32
31 34 35
46 57 63
71 66 56
46 47 59
58 49 45
47 54 45
54 70 63
44 68 62
43 67 70
18 38 36
18 29 19
42 63 70
42 39 30
33 33 30
36 29 20
42 71 68
51 53 47
59 48 56
45 44 68
23 42 36
72 66 44
56 72 56
58 61 68
68 49 62
54 64 45
50 55 44
64 69 62
45 53 53
57 57 58
36 37 34
25 29 30
21 28 19
19 21 31
29 22 32
70 55 42
23 18 28
41 27 37
58 48 42
70 66 48
45 58 56
44 42 55
24 42 34
71 65 72
64 50 42
36 28 21
31 20 21
66 55 54
55 50 46
51 68 61
43 70 56
52 55 47
31 41 28
42 35 20
38 32 31
59 51 69
59 48 54
26 39 20
49 71 58
21 19 28
44 72 54
38 18 34
49 71 60
42 26 25
57 65 72
67 50 63
43 64 65
50 66 67
70 56 43
70 63 67
67 71 51
64 51 57
27 30 18
21 21 39
