# MHKP instance for submodel V0 of Deplano et al. (2019)
# BINS:  length width height priority
# ITEMS: length width height
# beta (gcd of item sides) = 1
BINS
120 120 120 5.78703703704e-07
ITEMS
22 40 41
54 49 68
37 23 40
68 68 48
57 57 55
31 18 33
28 23 28
20 34 32
31 41 37
45 57 49
50 48 44
49 60 60
56 64 49
27 37 21
51 67 67
42 53 57
42 47 47
46 64 47
66 66 49
69 70 45
50 68 70
63 69 57
56 49 50
59 66 72
54 69 53
66 47 44
64 72 61
72 47 53
22 41 39
47 70 58
48 45 42
22 30 23
43 68 57
45 57 68
47 56 65
49 60 45
72 47 47
62 68 47
27 20 27
62 61 65
21 40 34
63 44 57
38 33 37
27 37 36
18 22 20
20 21 25
56 63 70
29 34 28
72 59 72
29 30 36
30 38 39
48 48 50
45 54 62
60 72 47
31 36 22
25 21 24
47 55 46
41 27 38
44 66 48
49 69 58
22 32 40
67 69 72
49 62 64
71 48 44
65 70 64
65 52 59
62 50 72
65 45 68
25 24 24
42 41 23
65 52 68
61 72 43
57 49 57
24 39 37
29 19 19
62 59 71
26 31 37
57 62 59
59 59 56
37 34 40
65 47 60
55 62 68
62 69 46
65 66 47
51 54 42
51 52 43
45 57 53
53 52 66
63 54 60
64 51 64
59 50 46
47 61 52
47 71 70
65 66 54
18 23 35
22 26 40
53 47 43
67 48 58
38 19 20
59 42 65
69 69 46
25 39 24
53 55 70
71 60 51
40 27 42
21 39 41
54 71 55
61 68 52
56 63 56
34 39 33
57 60 53
65 43 52
59 42 62
61 64 60
60 71 42
25 34 28
62 65 57
50 50 46
55 51 43
69 51 48
62 44 71
37 25 20
58 50 65
61 67 62
37 26 23
38 31 39
59 61 43
53 51 50
32 36 28
68 70 71
70 61 55
18 41 37
51 42 44
46 42 71
42 42 48
18 19 19
53 43 43
54 55 57
70 53 62
34 39 28
50 55 72
62 70 65
54 43 48
33 34 33
19 27 23
54 64 60
56 54 51
50 46 68
49 60 45
35 31 20
45 46 66
55 43 50
62 70 71
21 33 26
61 71 61
57 53 53
27 34 20
57 42 60
21 41 28
51 67 42
52 50 45
56 68 64
42 52 64
39 22 35
57 70 63
55 46 63
53 60 45
70 58 58
43 59 48
58 47 52
64 70 56
48 65 72
47 68 48
67 70 60
63 47 68
67 56 43
47 51 65
27 42 36
66 69 50
51 53 56
48 61 52
55 46 49
49 68 42
64 53 59
58 67 48
58 55 67
70 50 70
36 41 29
65 57 48
24 22 23
31 32 26
72 50 57
69 47 42
40 32 41
18 20 33
38 30 27
27 23 21
22 36 33
30 33 28
47 46 66
