# MHKP instance for submodel V0 of Deplano et al. (2019)
# BINS:  length width height priority
# ITEMS: length width height
# beta (gcd of item sides) = 1
BINS
120 120 120 5.78703703704e-07
ITEMS
68 46 52
54 56 67
48 53 67
61 53 58
52 72 48
67 49 48
60 44 52
22 38 22
64 46 66
39 28 21
56 71 58
36 29 18
36 22 19
25 33 22
23 25 28
52 69 65
49 56 59
18 28 33
45 46 63
64 48 47
48 55 46
61 58 42
63 45 46
42 71 63
37 38 18
57 51 71
51 51 69
21 26 33
69 46 49
62 54 51
58 70 49
29 35 38
56 66 56
53 55 72
65 42 57
49 57 59
65 59 60
69 58 45
28 32 31
59 43 44
32 36 20
71 55 68
59 64 70
22 39 38
49 69 56
49 43 46
42 25 36
59 70 50
55 47 72
41 20 22
45 51 57
63 65 60
70 71 49
49 58 54
50 62 43
62 43 72
46 68 53
52 46 50
44 64 50
63 71 44
70 65 45
61 42 70
53 59 65
39 22 38
70 48 61
55 55 57
45 65 72
58 69 57
19 21 26
26 35 18
61 68 72
23 41 42
27 19 29
63 46 50
64 49 59
40 25 20
46 43 53
23 35 39
39 36 37
67 58 70
51 65 67
18 30 31
38 26 36
29 22 41
24 24 33
21 26 36
72 61 57
70 49 56
27 42 42
31 32 32
38 22 31
59 47 62
61 67 66
61 56 53
64 47 44
42 58 71
31 29 41
61 69 54
57 56 42
47 53 51
22 40 26
65 57 45
70 68 63
43 49 72
47 68 53
35 38 36
50 66 60
18 31 23
23 26 29
56 50 65
53 54 46
27 32 26
41 25 38
38 24 24
72 71 52
61 49 55
51 63 54
51 55 59
32 25 40
39 41 41
56 54 57
43 57 70
45 62 64
38 26 36
63 50 60
57 46 44
38 25 29
45 57 50
46 53 64
49 55 64
20 37 33
42 23 29
45 50 64
70 44 70
68 56 42
22 26 31
27 28 37
42 55 64
57 68 69
46 59 66
52 44 53
24 37 30
68 57 63
45 48 70
71 58 69
61 66 53
70 46 51
46 45 66
62 53 49
37 32 40
57 70 69
64 67 59
70 46 69
33 29 42
44 49 43
71 52 65
54 48 62
48 63 56
18 31 35
65 42 65
53 63 71
62 51 57
62 66 53
62 55 50
62 47 71
59 45 59
49 66 47
44 49 48
49 45 67
25 33 42
68 68 48
30 27 39
72 55 43
28 31 24
60 49 50
39 29 39
53 52 70
71 67 50
66 63 70
59 48 50
64 42 65
39 18 29
33 35 22
42 44 49
48 65 68
62 65 60
40 35 40
21 23 42
39 23 22
72 54 63
43 64 48
18 38 18
63 57 50
53 68 58
61 60 57
42 48 45
69 48 61
57 56 58
25 24 37
20 20 30
