# MHKP instance for submodel V0 of Deplano et al. (2019)
# BINS:  length width height priority
# ITEMS: length width height
# beta (gcd of item sides) = 1
BINS
120 120 120 5.78703703704e-07
ITEMS
35 33 26
61 71 64
54 60 68
43 63 43
38 30 23
32 39 23
64 71 54
37 21 23
62 47 44
66 69 47
63 49 50
59 61 65
29 42 34
66 70 57
51 72 61
48 68 72
54 43 50
48 52 68
57 42 66
42 55 53
21 23 19
50 47 43
58 52 45
55 70 49
23 27 30
45 50 49
26 19 29
68 54 62
21 36 32
68 67 53
38 33 24
65 55 59
67 48 69
38 26 28
55 72 69
54 48 70
59 55 52
42 48 61
65 53 64
43 44 60
61 44 44
34 25 27
39 27 29
62 63 57
27 25 22
56 66 50
59 43 57
56 59 54
45 54 63
54 55 68
21 31 38
47 65 49
21 39 29
23 21 29
24 22 23
43 67 51
52 65 53
44 46 50
69 52 44
59 65 43
43 65 63
40 31 25
47 48 58
42 56 46
44 60 45
72 50 68
48 55 55
65 44 42
48 48 53
52 58 42
45 59 67
60 48 44
25 34 26
39 32 21
19 33 37
25 31 22
70 58 62
32 32 28
70 56 67
26 40 32
19 28 25
42 21 25
61 47 51
39 28 18
42 50 58
22 25 26
54 68 56
45 48 65
37 21 23
58 63 67
34 42 24
69 57 63
29 38 24
54 50 72
45 45 63
33 22 31
62 51 49
31 40 30
72 71 62
60 44 47
18 42 19
53 47 42
64 58 59
63 64 71
53 67 63
71 72 45
67 47 47
41 41 30
30 38 33
42 61 51
24 23 24
34 27 27
20 40 40
60 62 61
44 49 53
58 67 55
54 53 71
49 53 71
20 40 27
70 65 69
70 67 54
57 63 71
24 26 25
56 52 44
37 26 26
62 69 66
67 61 69
50 61 53
69 63 63
52 59 53
29 40 34
30 42 34
63 70 44
44 54 65
48 68 55
20 42 39
33 42 25
61 45 70
55 60 58
45 45 51
61 67 64
66 45 54
67 52 61
27 35 25
22 37 33
45 60 44
46 45 57
69 49 42
61 56 67
50 67 63
28 36 20
52 56 55
58 66 49
64 61 64
49 59 71
44 56 56
59 63 54
52 42 64
63 45 46
59 47 64
70 66 46
68 61 68
67 61 64
47 53 56
69 59 65
52 55 64
18 36 38
19 33 35
45 65 56
34 21 31
60 71 70
26 38 37
32 21 29
29 42 26
52 62 63
57 42 48
47 70 64
19 29 37
63 57 63
46 63 43
37 28 30
23 33 21
36 26 35
67 71 72
71 46 56
60 48 62
45 60 61
57 69 60
21 33 26
65 64 49
57 62 58
44 58 44
53 66 64
55 51 72
64 63 62
50 57 46
22 38 37
42 54 43
72 57 44
44 64 67
