# MHKP instance for submodel V0 of Deplano et al. (2019)
# BINS:  length width height priority
# ITEMS: length width height
# beta (gcd of item sides) = 1
BINS
120 120 120 5.78703703704e-07
ITEMS
49 64 67
59 49 64
25 18 18
72 54 49
65 49 49
72 50 71
42 38 25
18 24 35
67 46 63
64 62 57
63 54 62
53 63 67
20 41 29
31 26 26
32 38 25
71 52 64
36 30 39
44 55 45
26 21 39
38 36 19
39 29 34
61 42 44
20 30 28
19 29 25
46 60 71
21 19 39
48 67 65
62 67 65
47 51 60
28 19 34
71 48 65
67 54 69
39 20 38
71 66 49
61 44 61
27 34 27
49 65 70
31 33 42
69 53 54
23 35 28
43 62 49
29 19 18
59 47 50
71 72 65
39 21 28
52 44 62
56 55 56
34 37 29
25 25 30
36 30 23
25 42 34
68 46 43
50 47 58
51 54 69
32 26 39
45 46 47
52 65 60
28 21 18
57 62 44
65 45 63
49 63 65
68 57 57
43 53 57
63 47 72
67 53 70
46 54 66
38 40 33
45 70 47
42 54 59
64 48 62
44 71 42
23 23 19
48 68 67
40 30 41
42 36 30
36 42 19
26 38 41
45 50 66
55 42 53
54 54 69
28 28 20
65 67 63
52 45 51
46 70 50
56 63 48
65 42 45
52 69 43
63 57 60
29 28 39
55 71 55
66 43 65
72 62 67
53 51 52
62 46 50
60 55 55
69 49 55
32 29 38
35 38 42
43 46 50
43 67 70
32 22 23
62 63 61
53 62 66
71 59 44
62 51 72
23 42 32
52 65 71
48 54 52
35 25 19
59 48 53
62 65 62
47 70 48
64 52 42
49 53 63
64 61 45
54 50 66
19 31 35
68 62 47
27 27 29
51 61 65
67 50 67
43 65 62
60 43 52
56 42 71
59 67 59
66 46 42
72 72 58
55 59 68
62 59 63
55 58 70
43 64 51
61 67 53
42 72 52
69 62 63
65 68 53
52 53 72
35 33 42
41 33 22
52 71 46
42 41 29
52 55 66
42 18 41
50 45 48
42 51 61
22 18 18
44 64 54
30 24 38
72 65 66
18 22 19
26 36 41
44 53 64
53 62 54
21 39 31
52 59 61
60 46 51
32 20 35
66 70 66
29 28 38
57 52 44
71 62 52
63 54 55
20 25 24
64 53 55
55 72 58
59 67 55
44 57 62
66 42 66
66 54 58
58 72 72
34 20 31
67 52 43
30 21 23
45 68 52
56 49 42
67 58 69
45 48 54
58 70 57
60 66 44
54 62 65
53 63 70
19 23 38
72 70 72
62 65 56
27 27 20
43 71 64
57 65 47
43 53 68
55 42 47
68 56 59
54 60 44
69 65 61
65 44 65
28 31 34
46 67 70
42 65 50
61 59 47
44 43 52
36 21 27
29 41 40
42 31 42
