# MHKP instance for submodel V0 of Deplano et al. (2019)
# BINS:  length width height priority
# ITEMS: length width height
# beta (gcd of item sides) = 1
BINS
120 120 120 5.78703703704e-07
ITEMS
62 46 45
34 19 29
48 50 70
27 34 34
31 21 33
61 61 55
60 47 72
31 19 30
25 36 30
28 18 37
53 56 47
37 35 37
70 43 60
70 72 44
66 47 44
42 22 23
50 57 57
42 63 57
31 27 38
32 41 29
35 34 18
42 21 25
55 45 54
20 22 28
57 48 70
27 26 33
48 72 71
72 72 53
53 46 48
72 61 54
46 59 62
43 62 54
52 48 58
66 61 58
68 71 51
45 51 47
64 56 61
64 70 42
37 36 42
48 61 57
58 57 72
26 39 20
29 36 29
22 32 42
56 60 44
47 71 61
30 41 35
59 45 66
29 32 39
19 37 20
22 18 19
33 28 23
56 48 68
30 39 31
43 54 53
64 50 42
61 61 63
51 65 64
55 45 67
72 54 63
49 56 70
61 64 69
51 71 47
63 60 69
28 28 28
25 32 25
62 61 45
63 49 63
28 31 38
65 59 61
61 42 52
46 50 42
43 70 60
18 20 37
58 44 44
45 63 45
42 42 35
69 45 64
70 64 62
62 51 57
70 54 59
32 19 42
48 68 66
63 51 55
53 70 57
53 49 55
56 58 65
26 37 18
54 51 69
65 66 70
45 64 63
69 69 60
70 42 69
32 29 25
35 23 34
21 41 37
68 68 58
23 35 26
48 71 51
70 63 46
20 42 23
72 42 58
58 42 45
47 59 66
60 62 60
66 72 49
52 51 63
66 66 64
72 51 60
41 30 38
72 45 59
34 19 32
64 45 58
34 40 35
58 42 70
72 49 54
30 21 41
38 36 24
60 52 65
55 55 57
44 45 54
45 44 49
44 51 49
71 53 44
27 35 29
52 54 48
25 40 28
52 52 70
62 65 50
69 54 55
43 44 48
35 30 29
28 29 40
65 52 55
25 28 25
52 44 62
49 47 44
65 47 63
45 45 64
71 42 42
61 62 50
51 48 60
44 45 70
64 58 71
39 37 42
38 29 31
47 61 59
34 30 31
21 22 25
70 43 49
55 55 43
61 58 70
40 30 26
49 47 43
41 33 25
52 42 64
63 67 58
59 57 54
49 59 54
32 25 27
37 37 19
58 52 61
55 62 47
53 55 49
72 45 59
69 43 43
60 63 49
63 65 69
30 22 27
66 48 58
32 21 31
46 53 43
59 46 68
72 52 53
44 58 54
44 43 72
60 55 65
56 62 53
66 61 68
64 43 64
21 38 18
47 44 49
43 66 60
24 22 36
49 45 70
35 35 39
67 51 56
31 37 27
53 49 48
19 30 23
33 30 22
64 63 42
70 47 72
54 57 52
59 43 59
47 51 60
51 46 63
51 50 67
68 64 64
47 52 48
