# MHKP instance for submodel V0 of Deplano et al. (2019)
# BINS:  length width height priority
# ITEMS: length width height
# beta (gcd of item sides) = 1
BINS
120 120 120 5.78703703704e-07
ITEMS
22 40 30
62 52 54
18 26 21
27 35 21
46 42 44
54 60 55
43 60 60
47 64 50
63 59 48
47 72 71
64 46 71
47 61 68
62 62 47
52 56 68
36 24 19
52 44 63
63 69 54
42 62 61
32 30 38
25 29 24
43 54 57
64 70 72
52 54 62
50 54 62
46 66 67
57 60 64
55 72 43
39 38 22
60 55 54
29 35 24
62 47 70
57 66 70
71 50 52
25 32 32
44 65 46
65 72 55
45 69 55
38 22 28
46 62 49
61 44 44
42 33 21
52 58 71
39 23 22
23 26 19
56 55 58
63 50 51
60 70 71
18 40 28
37 26 40
70 67 68
51 63 72
48 71 47
50 66 49
60 48 59
64 61 57
29 29 42
70 51 55
60 46 50
72 70 66
64 52 64
54 54 68
42 43 65
63 60 64
41 32 39
50 62 59
26 25 28
52 67 56
44 52 72
67 71 66
70 68 66
65 71 43
46 63 52
27 32 29
50 72 59
48 64 69
64 62 44
51 67 67
67 66 46
65 55 45
22 18 19
19 38 42
60 63 63
65 59 61
33 38 23
25 37 24
49 63 62
48 46 72
69 61 64
41 34 21
71 53 64
18 27 23
63 51 48
56 65 43
43 66 69
47 65 49
20 24 33
42 50 53
56 63 46
57 64 71
71 45 55
55 46 63
68 72 57
22 41 33
32 37 22
55 65 72
42 58 46
67 72 65
38 42 21
59 68 57
64 72 44
68 56 52
68 54 69
70 67 66
42 26 31
38 27 26
49 64 57
72 49 47
46 68 70
68 69 66
38 28 18
44 62 49
43 62 42
28 26 42
53 70 57
24 33 40
21 23 33
29 34 25
71 48 60
57 52 42
62 63 47
28 37 26
53 44 68
20 19 21
47 64 70
70 49 72
30 38 28
63 55 67
72 55 71
65 54 71
70 59 44
59 72 44
53 68 71
60 53 45
54 42 56
18 20 40
54 60 65
61 72 44
64 69 63
30 38 22
35 38 31
45 48 56
30 23 28
32 27 38
51 60 54
70 54 71
72 42 48
24 27 26
52 68 72
49 71 45
39 26 41
55 62 45
63 66 52
54 66 72
37 36 19
35 25 40
56 58 52
53 56 70
34 22 22
22 28 34
53 50 48
31 35 29
46 44 70
40 31 27
19 38 25
47 65 61
36 23 27
69 63 47
42 50 54
52 56 46
42 30 25
56 60 43
38 32 20
59 42 56
72 69 55
21 27 18
39 18 32
47 52 71
50 53 45
46 55 72
71 47 50
62 64 63
54 70 53
35 29 38
66 71 65
58 71 47
65 52 52
72 54 72
40 40 31
38 22 23
44 62 67
