# MHKP instance for submodel V0 of Deplano et al. (2019)
# BINS:  length width height priority
# ITEMS: length width height
# beta (gcd of item sides) = 1
BINS
120 120 120 5.78703703704e-07
ITEMS
59 67 45
51 69 56
55 45 60
21 37 37
54 67 72
54 51 66
54 61 56
30 38 23
46 43 52
68 62 65
22 42 40
67 68 57
40 40 42
43 70 42
55 42 46
67 50 49
61 64 58
56 42 52
53 54 67
29 37 27
69 58 59
47 67 71
69 59 68
62 50 52
48 46 45
59 60 42
46 48 63
51 62 42
25 22 33
56 57 49
46 67 53
72 58 63
39 41 41
27 20 37
72 69 59
64 60 45
68 48 45
58 71 60
32 30 24
70 50 44
66 49 72
47 69 45
52 51 56
53 67 72
59 59 57
69 72 42
41 36 36
54 49 64
21 18 38
30 36 31
57 72 63
59 44 42
62 71 44
38 23 26
66 47 69
40 25 18
64 44 72
58 63 62
49 72 61
34 42 33
44 53 64
61 68 47
38 39 19
46 47 62
38 21 32
26 42 31
54 72 47
43 49 56
49 52 50
51 50 65
22 30 34
27 26 18
34 32 42
42 22 34
21 22 29
56 56 68
20 19 19
53 57 42
28 19 35
25 23 30
23 36 29
31 28 41
54 60 66
70 58 57
20 42 34
45 43 65
43 52 55
24 21 42
20 35 39
61 61 63
71 57 47
37 20 21
66 70 66
44 58 70
69 56 63
42 71 49
51 66 70
63 58 59
69 66 69
61 50 49
57 62 49
69 68 69
53 69 51
36 31 24
44 56 57
54 50 44
64 46 46
59 50 58
19 32 33
32 30 29
61 45 69
23 22 18
21 28 39
71 59 47
63 55 62
58 48 58
57 66 47
40 30 19
40 20 29
71 56 56
46 58 51
56 66 70
57 47 56
58 63 55
42 57 65
63 60 67
63 64 45
43 42 42
68 48 43
21 25 40
61 60 72
61 63 62
51 45 67
56 42 49
59 67 67
34 41 19
49 55 56
25 31 34
68 50 54
22 38 36
20 19 21
55 68 72
63 44 65
48 67 55
42 61 66
36 33 22
39 38 32
59 42 71
56 68 52
62 43 43
33 34 35
33 32 20
61 47 42
53 69 44
69 44 62
23 29 42
40 42 42
51 69 61
56 53 48
64 63 48
34 28 26
51 65 72
56 72 66
47 51 71
25 19 40
65 63 43
29 42 30
44 69 70
20 41 18
55 63 69
57 47 66
28 40 34
20 24 24
34 21 19
72 65 71
45 69 64
45 68 56
42 34 28
51 47 63
66 65 61
25 34 35
71 49 69
48 46 63
49 51 43
28 34 27
66 63 50
71 59 60
58 67 72
61 43 42
54 62 59
42 72 72
33 26 30
28 33 19
59 52 72
42 72 50
65 60 64
55 70 70
47 47 56
23 20 35
26 24 28
