# MHKP instance for submodel V0 of Deplano et al. (2019)
# BINS:  length width height priority
# ITEMS: length width height
# beta (gcd of item sides) = 1
BINS
120 120 120 5.78703703704e-07
ITEMS
19 21 42
52 66 56
51 70 44
29 38 30
43 54 62
68 46 48
59 58 48
22 38 27
37 26 35
61 71 67
19 41 38
62 52 49
63 48 61
47 45 54
18 28 35
66 66 68
40 27 23
57 48 55
48 53 66
19 30 33
62 61 42
43 62 56
24 38 33
64 68 56
34 36 19
70 64 58
43 71 72
33 29 30
53 50 46
46 49 53
24 20 19
42 24 28
19 24 18
62 59 71
46 63 66
55 54 60
49 58 44
52 50 49
60 59 64
43 63 48
51 49 56
70 45 51
64 61 67
64 67 58
23 40 18
59 48 53
48 48 63
70 72 67
67 54 43
65 56 43
50 51 61
70 70 47
65 66 58
40 22 32
55 45 61
23 32 28
50 60 52
50 71 45
32 36 33
27 38 38
49 72 50
53 62 50
65 59 72
64 61 53
62 46 68
52 54 70
62 58 48
46 64 44
38 25 28
30 40 36
61 71 49
38 36 22
72 71 62
53 54 51
54 49 71
29 18 41
60 68 47
49 55 42
59 72 55
71 61 59
70 55 64
67 57 66
50 51 49
59 57 44
32 28 30
22 34 25
37 24 36
53 57 59
63 43 46
69 60 61
46 49 65
67 60 52
64 46 60
53 51 68
25 35 19
48 50 53
65 44 42
66 43 58
49 63 47
57 72 53
51 47 56
72 44 49
56 71 67
46 65 62
62 49 71
22 29 34
52 60 63
61 70 42
64 46 53
67 61 69
66 44 47
59 54 58
46 62 54
72 69 47
53 63 63
47 52 46
61 60 53
23 33 34
65 67 48
62 61 51
57 59 58
40 35 25
72 63 71
71 48 67
46 52 45
55 71 52
50 53 63
21 31 33
69 53 50
62 46 44
47 43 42
38 26 31
30 29 18
60 49 46
59 45 62
63 71 72
43 45 67
22 34 41
64 65 61
71 54 49
57 64 47
62 60 62
19 22 24
43 52 58
66 58 54
29 37 25
67 68 57
40 39 26
28 41 19
48 54 53
69 54 55
27 41 22
26 34 33
62 42 54
25 32 25
54 62 45
64 72 62
45 67 72
32 19 20
70 43 65
68 58 58
63 57 61
62 64 53
26 20 22
41 36 22
36 23 34
28 26 18
33 31 22
31 32 18
23 40 39
47 45 66
30 39 26
29 30 32
45 45 63
55 67 66
62 58 65
66 55 44
60 57 52
65 54 70
52 63 52
65 47 61
69 57 46
22 33 29
61 58 47
66 46 53
53 66 46
43 69 55
35 37 22
35 34 42
39 20 20
43 69 49
70 44 49
44 55 50
45 70 69
56 67 65
71 48 49
48 43 42
70 70 67
53 62 59
51 56 43
