123 587 233 220
109 72 93
95 32 67
95 32 67
95 32 67
95 32 67
95 32 67
119 36 45
95 62 78
95 62 78
95 62 78
116 32 89
98 38 65
72 24 51
72 24 51
102 26 88
102 26 88
99 44 47
99 44 47
99 44 47
106 31 52
55 32 41
55 32 41
55 32 41
71 29 65
71 29 65
71 29 65
71 29 65
71 29 65
58 48 57
79 25 56
79 25 56
79 25 56
77 53 67
77 53 67
60 40 41
60 40 41
75 31 51
86 40 56
86 40 56
86 40 56
39 30 35
119 48 76
119 48 76
95 66 68
100 62 74
100 62 74
120 36 69
120 36 69
120 36 69
68 32 42
97 37 81
97 37 81
97 37 81
97 37 81
99 79 88
99 79 88
66 53 65
80 53 58
80 53 58
80 53 58
113 28 41
113 28 41
113 28 41
84 59 74
74 54 70
86 40 59
47 38 44
47 38 44
116 61 85
116 61 85
61 30 31
61 30 31
61 30 31
61 30 31
68 34 67
68 34 67
92 65 80
65 53 64
65 53 64
103 49 79
103 41 78
103 41 78
79 43 75
120 22 89
120 22 89
113 35 70
113 35 70
113 35 70
98 31 72
98 31 72
101 49 52
54 49 50
54 49 50
106 34 67
106 34 67
84 75 83
84 75 83
81 34 66
81 34 66
64 40 52
64 40 52
113 37 88
113 37 88
84 67 73
84 67 73
84 67 73
84 67 73
112 43 54
112 43 54
112 43 54
67 34 50
67 34 50
58 23 31
58 23 31
58 23 31
68 25 57
68 25 57
79 32 53
82 31 33
103 49 74
85 66 66
85 66 66
85 66 66
