136 587 233 220
75 35 54
107 49 60
107 49 60
70 42 67
70 42 67
70 42 67
78 44 71
78 44 71
78 44 71
78 27 61
78 27 61
78 27 61
78 27 61
78 27 61
78 48 73
109 32 87
109 32 87
109 32 87
91 25 87
67 47 51
67 47 51
67 47 51
67 60 63
67 60 63
67 60 63
115 34 59
102 34 35
117 48 54
117 48 54
70 40 61
70 40 61
70 40 61
64 59 63
64 59 63
64 59 63
64 59 63
64 59 63
95 63 87
95 63 87
95 63 87
113 23 92
113 23 92
113 32 49
99 63 75
99 63 75
99 63 75
56 46 55
56 46 55
56 46 55
94 55 69
94 55 69
110 60 93
110 60 93
110 60 93
73 65 72
77 41 50
77 41 50
55 34 37
55 34 37
55 34 37
71 28 60
71 28 60
99 21 33
99 21 33
89 37 72
89 37 72
63 31 58
48 23 38
67 63 67
67 63 67
117 80 96
117 80 96
64 24 40
64 24 40
64 24 40
96 20 61
107 26 83
107 26 83
107 26 83
60 40 51
93 29 82
93 29 82
93 29 82
93 29 82
79 36 50
79 36 50
79 36 50
80 58 74
80 58 74
80 58 74
100 30 42
100 30 42
100 30 42
61 22 29
78 28 38
78 28 38
78 28 38
78 28 38
78 28 38
78 28 38
103 36 63
103 36 63
93 25 41
72 52 69
72 52 69
96 29 52
96 29 52
96 29 52
93 43 65
93 43 65
93 43 65
93 43 65
69 32 39
76 39 59
76 39 59
98 38 54
98 38 54
98 38 54
55 20 35
55 20 35
55 20 35
100 35 47
100 35 47
100 35 47
75 39 42
86 22 45
86 22 45
98 46 49
80 28 74
67 56 62
67 56 62
67 56 62
116 50 72
82 39 72
82 39 72
118 26 89
