142 587 233 220
86 41 71
86 41 71
86 41 71
75 58 58
75 58 58
100 27 81
100 27 81
100 27 81
100 27 81
59 24 42
59 24 42
59 24 42
69 30 37
69 30 37
69 30 37
69 30 37
63 36 50
96 34 72
96 34 72
111 29 71
111 29 71
111 29 71
102 53 67
71 32 34
71 32 34
71 32 34
88 53 75
88 53 75
88 53 75
88 53 75
50 42 46
84 41 70
84 41 70
98 44 48
98 44 48
98 44 48
98 44 48
98 44 48
54 25 43
54 25 43
63 49 61
106 51 96
106 51 96
106 51 96
97 26 64
68 29 39
68 39 62
68 39 62
100 25 38
91 26 53
74 22 72
74 22 72
74 51 61
74 51 61
98 44 91
98 44 91
98 44 91
98 44 91
67 31 61
67 31 61
67 31 61
119 40 88
97 31 95
97 31 95
97 31 95
97 31 95
97 31 95
73 27 43
73 27 43
62 33 55
62 33 55
62 33 55
51 43 46
51 43 46
51 43 46
51 43 46
101 29 48
87 51 62
87 51 62
70 47 61
70 47 61
89 56 58
89 56 58
89 56 58
69 57 58
69 57 58
69 57 58
69 57 58
96 33 35
96 33 35
96 33 35
92 26 62
92 26 62
92 26 62
72 45 52
72 45 52
72 45 52
99 27 36
45 24 33
45 24 33
45 24 33
91 75 82
91 75 82
101 46 94
101 46 94
74 26 53
74 26 53
74 26 53
108 31 55
108 31 55
85 21 42
85 21 42
112 54 68
112 54 68
112 54 68
112 54 68
85 42 67
85 42 67
56 32 54
56 32 54
109 51 73
109 51 73
106 28 77
98 39 58
55 27 43
95 48 56
95 48 56
95 48 56
66 38 55
66 38 55
98 38 59
84 26 64
46 21 42
86 37 46
86 37 46
86 37 46
86 37 46
108 31 90
108 31 90
108 31 90
108 31 90
108 31 90
