118 587 233 220
118 47 66
118 47 66
99 25 56
91 48 83
91 48 83
104 40 66
75 33 60
113 60 78
113 60 78
113 60 78
36 29 36
56 40 48
56 40 48
56 40 48
67 22 40
92 64 78
92 64 78
92 64 78
92 64 78
73 31 61
72 58 66
72 58 66
72 58 66
56 26 44
56 26 44
56 26 44
56 26 44
93 34 65
113 50 63
113 50 63
113 50 63
35 31 34
100 80 99
100 80 99
105 20 69
77 38 60
98 30 69
107 20 56
107 20 56
89 54 88
89 54 88
89 54 88
89 54 88
83 31 73
83 31 73
53 44 46
53 44 46
87 34 53
87 34 53
79 33 63
114 60 77
61 29 51
83 56 73
83 56 73
83 56 73
76 27 28
76 27 28
76 27 28
109 29 35
109 29 35
86 39 76
86 39 76
84 34 79
84 34 79
84 34 79
84 34 79
60 26 33
60 26 33
100 25 94
100 25 94
100 25 94
88 56 73
88 56 73
88 56 73
99 41 76
99 41 76
99 41 76
48 27 42
48 27 42
114 33 71
98 43 73
98 43 73
97 26 61
103 51 61
99 28 75
99 28 75
103 27 46
73 41 51
73 41 51
73 41 51
74 51 56
43 32 41
66 52 55
116 36 48
63 30 30
63 30 30
63 30 30
87 73 77
87 73 77
86 68 69
86 68 69
86 68 69
102 70 73
102 70 73
51 28 29
86 55 62
86 55 62
86 55 62
87 29 45
113 61 67
113 61 67
113 61 67
67 32 34
67 32 34
101 34 86
101 34 86
101 34 86
99 37 91
