122 587 233 220
62 52 59
62 52 59
62 52 59
54 50 52
54 50 52
54 50 52
54 50 52
54 50 52
102 65 69
102 65 69
102 65 69
97 46 76
52 37 50
52 37 50
52 37 50
93 23 85
90 38 38
90 38 38
66 40 60
66 40 60
38 26 31
86 36 60
86 36 60
86 36 60
92 34 47
103 22 69
103 22 69
103 22 69
79 42 71
79 42 71
66 20 33
66 20 33
100 45 93
100 45 93
91 21 84
92 29 47
76 40 55
76 40 55
98 53 90
81 53 75
113 63 88
113 63 88
87 20 32
87 20 32
92 40 74
92 40 74
78 28 55
78 28 55
78 28 55
78 28 55
106 23 75
106 23 75
106 23 75
66 50 58
66 50 58
66 50 58
66 50 58
109 66 79
109 66 79
109 66 79
119 36 71
93 42 69
99 60 90
99 60 90
95 73 85
95 73 85
71 29 49
71 29 49
106 45 57
106 45 57
110 49 67
110 49 67
100 50 54
100 50 54
107 29 55
107 29 55
107 29 55
119 27 47
119 27 47
84 53 71
86 20 70
86 20 70
98 50 58
98 50 58
76 28 70
76 28 70
115 47 95
96 56 72
96 56 72
96 56 72
79 28 63
71 27 37
71 27 37
80 63 70
80 63 70
60 31 56
64 25 62
64 25 62
64 25 62
110 43 76
75 41 49
75 41 49
75 41 49
69 50 67
69 50 67
69 50 67
98 74 78
98 74 78
98 74 78
85 57 71
85 57 71
64 37 54
106 68 72
68 44 60
68 44 60
58 31 51
88 26 42
88 26 42
116 32 49
92 42 89
92 42 89
92 42 89
