135 587 233 220
64 32 53
64 32 53
51 28 42
51 28 42
49 30 32
49 30 32
49 30 32
49 30 32
109 59 68
109 59 68
109 59 68
66 32 43
66 32 43
120 47 71
120 47 71
120 47 71
109 41 57
100 28 70
100 28 70
76 51 70
76 51 70
76 51 70
76 51 70
76 51 70
85 26 40
85 26 40
79 55 71
93 55 73
93 55 73
101 75 75
101 75 75
89 53 58
89 53 58
98 36 53
98 36 53
118 31 53
118 31 53
118 31 53
118 31 53
77 37 43
77 37 43
77 37 43
64 46 60
64 46 60
64 46 60
74 37 67
89 38 47
89 38 47
75 27 35
101 74 83
110 59 75
110 59 75
110 59 75
110 59 75
70 22 59
70 22 59
63 31 51
71 50 69
71 50 69
99 45 57
52 50 52
52 50 52
52 50 52
52 50 52
52 50 52
114 33 57
114 33 57
114 33 57
117 65 88
117 65 88
64 36 39
64 36 39
85 41 70
59 28 38
59 28 38
83 29 72
83 29 72
52 35 43
52 35 43
63 51 53
114 33 59
77 41 45
77 41 45
77 41 45
120 55 67
120 55 67
96 28 64
96 28 64
106 32 32
80 31 49
95 38 92
95 38 92
95 38 92
95 38 92
74 23 29
74 23 29
74 23 29
74 23 29
75 50 58
75 50 58
98 40 79
98 40 79
98 40 79
99 44 85
99 44 85
99 44 85
81 41 61
81 41 61
96 31 36
96 31 36
96 31 36
100 26 64
100 26 64
100 26 64
100 26 64
119 60 72
119 60 72
119 60 72
66 37 49
66 37 49
98 27 40
98 27 40
98 27 40
98 27 40
72 55 60
72 55 60
54 20 29
54 20 29
61 38 50
108 36 52
86 39 62
86 39 62
55 27 53
94 52 69
94 52 69
