128 587 233 220
113 33 92
113 33 92
52 28 37
57 29 33
57 29 33
57 29 33
99 30 37
99 30 37
99 30 37
92 33 64
119 39 59
54 49 52
54 49 52
54 49 52
75 35 45
75 35 45
79 44 68
79 44 68
116 47 49
116 47 49
83 23 44
98 56 96
98 56 96
78 57 72
78 57 72
78 57 72
78 57 72
98 47 88
41 31 33
59 34 35
59 34 35
59 34 35
59 34 35
83 37 78
83 37 78
68 33 34
68 33 34
68 33 34
103 49 69
103 49 69
97 32 53
92 50 63
92 50 63
108 40 57
62 58 60
101 25 46
101 25 46
101 25 46
99 36 53
99 36 53
67 55 67
67 55 67
99 38 46
99 38 46
103 79 80
103 79 80
103 79 80
91 32 69
91 32 69
71 33 63
95 36 54
95 36 54
72 34 51
72 34 51
72 34 51
64 32 35
64 32 35
78 55 77
78 55 77
78 55 77
78 55 77
76 41 50
76 41 50
116 53 97
91 24 25
83 35 56
83 35 56
83 35 56
40 23 26
40 23 26
117 39 52
117 39 52
117 39 52
117 39 52
90 40 81
98 75 94
98 75 94
62 50 57
62 50 57
62 50 57
119 80 84
75 60 60
75 60 60
59 34 42
76 51 74
76 51 74
95 39 65
100 70 91
100 70 91
81 26 40
81 26 40
93 47 83
93 47 83
116 66 77
108 59 97
108 59 97
108 59 97
77 30 48
77 30 48
77 30 48
86 35 51
86 35 51
61 42 44
90 51 67
90 51 67
90 51 67
90 51 67
67 41 41
67 41 41
67 41 41
67 41 41
67 41 41
80 30 30
80 30 30
80 30 30
80 30 30
80 30 30
69 38 51
