107 587 233 220
85 62 77
85 62 77
85 62 77
94 32 63
83 45 75
83 45 75
83 45 75
95 54 95
95 54 95
95 54 95
95 54 95
76 30 76
113 44 66
113 44 66
108 61 71
108 61 71
118 37 62
118 37 62
93 48 58
93 48 58
93 48 58
60 29 32
97 59 75
105 35 56
105 35 56
67 53 58
67 53 58
96 37 51
91 32 52
91 32 52
91 32 52
73 32 70
73 32 70
73 32 70
96 22 80
96 22 80
96 22 80
94 66 82
94 66 82
94 66 82
95 73 76
95 73 76
64 23 29
64 23 29
99 32 85
99 32 85
85 40 64
108 29 81
77 44 56
110 78 86
110 78 86
100 35 86
100 35 86
100 35 86
88 50 69
88 50 69
88 50 69
88 50 69
81 53 67
56 33 38
56 33 38
73 28 36
63 51 57
70 49 64
70 49 64
96 32 65
99 35 46
99 35 46
99 35 46
96 43 91
96 43 91
96 43 91
56 33 48
87 58 66
63 39 41
63 39 41
109 49 53
88 56 61
88 56 61
88 56 61
105 36 53
93 64 80
68 49 59
68 49 59
68 49 59
48 35 37
87 69 72
110 73 84
110 73 84
110 46 48
110 46 48
90 43 47
119 52 80
87 30 72
87 30 72
104 29 79
89 77 78
56 42 52
56 42 52
88 50 69
70 24 44
81 43 68
59 23 31
82 42 66
114 63 72
114 63 72
62 28 44
