135 587 233 220
118 42 54
112 20 95
118 37 38
118 37 38
118 37 38
76 38 38
76 38 38
100 34 56
100 50 73
100 50 73
100 50 73
100 50 73
100 50 73
100 50 73
75 36 58
76 41 51
76 41 51
82 39 75
82 39 75
82 39 75
84 44 76
84 44 76
80 50 68
80 50 68
61 28 46
61 28 46
80 51 75
92 49 62
92 49 62
72 21 48
72 21 48
72 21 48
54 33 37
46 34 37
46 34 37
46 34 37
109 24 37
109 24 37
109 24 37
109 24 37
63 33 56
63 33 56
63 33 56
63 33 56
111 61 62
78 30 53
55 47 50
55 47 50
55 47 50
55 47 50
86 33 79
86 33 79
92 29 90
92 29 90
92 29 90
120 64 80
120 64 80
71 22 37
71 22 37
71 22 37
106 22 88
106 22 88
120 23 31
120 23 31
120 23 31
104 66 70
104 66 70
104 66 70
104 66 70
78 75 76
78 75 76
99 54 74
99 54 74
58 34 55
58 34 55
58 34 55
73 42 67
73 42 67
120 35 81
120 35 81
120 35 81
115 54 67
97 43 95
97 43 95
114 40 88
63 48 58
63 48 58
92 20 44
92 20 44
82 27 78
82 27 78
95 67 69
95 67 69
95 67 69
98 28 75
98 28 75
80 51 51
80 51 51
80 51 51
80 51 51
117 34 43
117 34 43
117 34 43
117 34 43
99 27 64
99 27 64
99 27 64
38 29 31
38 29 31
38 29 31
64 35 45
64 35 45
64 35 45
64 35 45
69 36 60
89 61 71
89 61 71
83 39 76
67 50 58
67 50 58
67 50 58
67 50 58
114 28 67
102 71 73
102 71 73
108 48 57
108 48 57
118 69 85
57 42 53
64 37 50
64 37 50
64 37 50
53 26 31
47 37 45
84 34 80
