129 587 233 220
90 34 41
64 28 32
64 28 32
42 31 31
42 31 31
42 31 31
94 44 90
94 44 90
68 53 63
68 53 63
55 21 30
55 21 30
72 31 64
75 34 56
62 31 34
79 32 55
79 32 55
99 27 74
99 27 74
99 27 74
99 27 74
89 48 54
93 32 78
93 32 78
93 32 78
119 59 80
80 42 72
80 42 72
111 27 47
73 49 72
73 49 72
115 32 87
115 32 87
115 32 87
115 32 87
100 61 66
100 61 66
80 23 61
80 23 61
111 52 57
111 52 57
94 33 47
94 33 47
91 55 69
91 55 69
107 80 95
107 80 95
54 29 50
82 33 76
76 62 67
76 62 67
76 62 67
100 20 92
104 58 99
104 58 99
104 58 99
111 29 67
111 29 67
111 29 67
111 29 67
35 23 32
35 23 32
35 23 32
100 27 60
99 73 82
99 73 82
87 63 67
87 63 67
87 63 67
87 63 67
35 28 29
35 28 29
81 72 80
81 72 80
81 72 80
45 33 42
45 33 42
45 33 42
70 26 55
70 26 55
109 27 31
109 27 31
89 65 75
58 24 31
94 25 40
80 30 63
80 30 63
119 26 51
119 26 51
119 26 51
119 26 51
90 26 56
90 26 56
90 26 56
90 26 56
112 63 77
112 63 77
95 56 74
92 23 68
92 23 68
92 23 68
92 23 68
100 39 64
100 39 64
100 39 64
100 39 64
88 25 43
88 25 43
88 25 43
88 25 43
73 51 63
73 51 63
73 51 63
107 32 59
107 32 59
107 32 59
88 55 59
62 43 53
62 43 53
114 67 84
114 67 84
79 35 40
96 35 38
96 35 38
37 23 30
81 23 26
87 43 67
87 43 67
87 43 67
