157 587 233 220
86 45 84
86 45 84
86 45 84
81 34 45
81 34 45
81 34 45
70 37 54
70 37 54
70 37 54
70 37 54
70 37 54
70 37 54
71 52 61
78 40 73
78 40 73
69 46 63
69 46 63
69 46 63
69 46 63
72 56 67
72 56 67
75 36 75
75 36 75
75 36 75
75 36 75
75 36 75
75 36 75
75 36 75
75 36 75
94 50 88
94 50 88
94 50 88
94 50 88
94 50 88
65 50 51
81 46 56
81 46 56
68 27 44
68 27 44
108 45 52
108 45 52
114 44 80
114 44 80
114 44 80
84 22 39
84 22 39
62 30 58
86 33 68
86 33 68
86 33 68
59 22 52
59 22 52
59 22 52
42 21 33
42 21 33
110 38 74
110 38 74
110 38 74
79 28 62
79 28 62
86 33 53
86 33 53
86 33 53
78 20 60
78 20 60
78 20 60
105 29 88
105 29 88
105 29 88
105 29 88
115 29 75
115 29 75
115 29 75
73 59 72
77 36 77
94 36 59
94 36 59
94 36 59
52 30 33
52 30 33
52 30 33
52 30 33
52 30 33
68 60 61
68 60 61
68 60 61
78 20 63
78 20 63
78 20 63
78 20 63
91 42 71
91 42 71
91 42 71
91 42 71
79 58 79
79 58 79
79 58 79
82 35 50
82 35 50
74 43 53
74 43 53
74 43 53
93 26 62
93 26 62
93 26 62
86 31 36
86 31 36
76 26 26
76 26 26
76 26 26
100 58 74
100 58 74
100 58 74
100 58 74
115 22 52
115 22 52
44 35 36
44 35 36
44 35 36
119 35 47
89 23 57
89 23 57
85 24 39
81 32 55
70 33 37
70 33 37
89 52 64
89 52 64
89 52 64
89 52 64
115 36 81
89 30 78
89 30 78
64 30 63
64 30 63
44 39 39
44 39 39
44 39 39
84 36 41
51 29 44
51 29 44
82 38 66
82 38 66
84 35 47
84 35 47
89 45 67
61 56 57
83 51 61
83 51 61
83 51 61
83 51 61
84 25 60
84 25 60
84 25 60
84 25 60
71 32 48
71 32 48
