100 587 233 220
109 64 68
109 64 68
84 55 58
96 24 83
96 24 83
74 37 67
74 37 67
107 70 73
107 70 73
107 70 73
80 54 73
72 33 41
84 74 79
40 20 37
40 20 37
74 42 73
74 42 73
74 42 73
55 33 48
55 33 48
109 70 74
109 70 74
107 39 44
99 47 51
99 47 51
80 38 62
46 37 43
94 36 69
94 36 69
94 36 69
98 48 64
99 70 91
99 70 91
113 52 76
62 24 52
99 61 86
99 61 86
113 40 95
113 40 95
117 60 88
117 60 88
117 60 88
67 36 48
103 58 91
103 58 91
103 58 91
88 37 51
106 59 63
106 59 63
98 61 64
88 48 80
88 48 80
88 48 80
94 29 60
115 50 78
115 50 78
115 50 78
115 50 78
115 50 78
100 26 63
109 43 72
109 43 72
62 54 57
62 54 57
82 34 72
78 58 63
97 64 64
97 64 64
100 23 58
71 47 51
76 35 61
77 33 64
77 33 64
109 46 55
109 46 55
109 46 55
100 55 69
96 63 65
71 30 56
74 39 61
74 39 61
117 76 93
87 25 66
58 29 54
67 53 56
67 53 56
67 53 56
73 46 49
111 39 60
57 31 42
57 31 42
91 31 38
91 31 38
101 52 75
101 52 75
88 23 70
88 23 70
74 51 66
74 65 71
48 32 38
