129 587 233 220
56 28 32
56 28 32
92 39 68
92 39 68
90 29 86
90 29 86
90 29 86
90 29 86
73 52 54
73 52 54
114 45 100
94 36 51
108 38 59
108 38 59
89 61 82
81 43 71
81 43 71
81 43 71
61 37 53
85 58 70
111 39 98
111 39 98
111 39 98
66 59 62
66 59 62
66 59 62
66 59 62
66 59 62
117 49 87
70 40 62
70 40 62
36 30 30
80 57 62
73 54 72
73 54 72
89 41 67
82 38 51
82 38 51
82 38 51
110 42 47
110 42 47
82 35 61
82 35 61
102 62 100
91 42 50
91 42 50
91 42 50
74 38 62
74 38 62
74 38 62
74 38 62
66 50 61
66 50 61
84 44 67
84 44 67
78 56 56
78 56 56
78 56 56
64 52 53
64 52 53
64 52 53
39 30 33
39 30 33
55 29 38
76 46 69
76 46 69
76 46 69
76 46 69
115 26 44
115 26 44
115 26 44
75 30 39
77 31 73
77 31 73
77 31 73
67 56 63
67 56 63
67 56 63
99 56 87
99 56 87
99 56 87
109 41 55
109 41 55
109 41 55
88 30 75
88 30 75
63 32 38
63 32 38
63 32 38
103 49 53
103 49 53
103 49 53
84 51 74
84 51 74
88 22 29
88 22 29
101 61 62
101 61 62
111 45 64
111 45 64
55 43 46
89 52 54
89 52 54
89 52 54
116 50 63
96 27 37
65 43 65
65 43 65
76 51 61
76 51 61
76 51 61
76 51 61
76 51 61
87 66 80
87 66 80
87 66 80
97 23 46
97 23 46
97 23 46
83 36 47
118 36 90
118 36 90
83 27 56
83 27 56
73 53 58
69 44 57
109 49 53
109 49 53
79 41 56
