149 587 233 220
73 36 73
87 26 49
87 26 49
87 26 49
68 44 53
68 44 53
68 44 53
68 44 53
68 44 53
73 33 57
73 33 57
65 47 49
65 47 49
80 35 65
80 35 65
72 26 35
72 26 35
75 40 68
104 34 53
104 34 53
104 34 53
97 45 93
97 45 93
97 45 93
79 49 54
79 49 54
52 27 32
52 27 32
52 27 32
52 27 32
84 59 72
74 53 71
74 53 71
102 27 70
102 27 70
102 27 70
80 52 79
80 52 79
80 52 79
80 52 79
102 35 87
102 35 87
102 35 87
70 27 31
60 51 57
60 51 57
84 38 76
84 38 76
84 38 76
84 38 76
64 34 45
64 34 45
64 34 45
96 68 69
96 68 69
96 68 69
74 29 66
74 29 66
74 29 66
74 29 66
74 29 66
55 35 51
55 35 51
84 32 48
84 32 48
84 32 48
84 32 48
88 37 37
88 37 37
88 37 37
88 37 37
88 37 37
67 49 58
67 49 58
67 49 58
67 49 58
117 34 74
117 34 74
66 20 44
73 26 35
80 32 65
80 32 65
80 32 65
80 32 65
56 46 53
87 33 54
87 27 69
87 27 69
92 40 71
92 40 71
106 44 59
106 44 59
38 34 35
56 37 48
56 37 48
56 37 48
56 37 48
78 58 62
78 58 62
80 55 58
93 67 83
93 67 83
78 38 56
72 24 50
72 24 50
72 24 50
92 48 68
92 48 68
99 22 48
99 22 48
64 20 59
64 20 59
64 20 59
64 20 59
64 20 59
98 41 86
95 53 67
95 53 67
95 53 67
95 53 67
74 48 70
74 48 70
76 53 54
106 47 89
92 29 77
92 29 77
92 29 77
78 38 56
78 38 56
102 44 100
102 44 100
102 44 100
74 20 55
74 20 55
74 20 55
67 59 62
67 59 62
92 31 38
92 31 38
92 31 38
113 54 89
113 54 89
113 54 89
32 28 31
32 28 31
32 28 31
63 55 63
63 55 63
63 55 63
