140 587 233 220
105 42 68
105 42 68
105 42 68
75 24 37
79 26 73
79 26 73
79 26 73
79 26 73
95 38 53
95 38 53
95 38 53
95 38 53
50 40 41
50 40 41
80 52 59
80 52 59
80 52 59
90 35 74
90 35 74
87 60 60
68 39 50
78 25 64
78 25 64
78 25 64
73 52 65
73 52 65
73 52 65
73 52 65
73 52 65
83 38 48
87 44 76
87 44 76
60 26 38
60 26 38
82 64 65
82 64 65
82 64 65
82 64 65
52 38 48
95 63 91
95 63 91
95 63 91
111 25 75
117 36 81
117 36 81
67 38 45
67 38 45
67 38 45
67 38 45
67 38 45
71 27 66
71 27 66
67 34 40
67 34 40
67 34 40
67 34 40
83 30 75
83 30 75
83 30 75
83 30 75
68 34 57
68 34 57
68 34 57
96 37 46
70 33 59
77 45 56
77 45 56
83 33 42
83 33 42
54 32 35
54 32 35
54 32 35
67 49 59
76 41 64
76 41 64
74 38 66
108 60 78
78 52 56
78 52 56
76 43 69
76 43 69
75 34 42
75 34 42
78 37 44
78 37 44
79 21 71
79 21 71
120 49 77
120 49 77
86 40 57
86 40 57
86 40 57
86 40 57
99 65 69
99 65 69
100 24 91
100 24 91
69 31 68
69 20 52
69 20 52
104 42 85
104 42 85
104 42 85
78 48 50
78 48 50
117 65 75
117 65 75
117 65 75
105 37 51
69 41 50
69 41 50
69 41 50
69 41 50
88 66 71
86 42 62
86 42 62
86 42 62
86 42 62
64 30 39
115 23 93
115 23 93
115 23 93
105 33 79
94 27 71
107 32 90
107 32 90
107 32 90
120 35 72
120 35 72
81 43 65
81 43 65
68 29 46
68 29 46
68 29 46
68 29 46
68 29 46
64 53 60
64 53 60
64 53 60
64 53 60
