116 587 233 220
91 33 52
91 33 52
91 33 52
87 63 81
87 63 81
87 63 81
113 45 79
114 45 52
114 45 52
114 45 52
110 66 90
81 31 41
81 31 41
108 37 67
108 37 67
108 37 67
118 57 82
96 30 60
96 30 60
96 30 60
96 30 60
43 36 42
43 36 42
93 77 78
85 25 62
93 30 83
93 30 83
101 77 87
101 77 87
101 77 87
112 56 72
49 31 39
100 38 67
76 41 59
76 41 59
76 41 59
76 41 59
76 41 59
114 59 64
91 34 68
63 57 57
63 57 57
93 44 54
93 44 54
93 44 54
93 44 54
93 44 54
99 37 64
99 37 64
80 34 63
50 31 31
95 39 74
78 67 76
59 28 46
59 28 46
85 49 63
81 26 32
81 26 32
81 26 32
111 26 55
65 34 37
65 34 37
98 20 52
98 20 52
84 72 75
89 58 67
89 58 67
89 58 67
97 33 74
76 46 55
41 30 34
78 52 61
78 52 61
92 43 47
92 43 47
101 33 58
99 41 56
99 41 56
45 34 41
115 50 79
115 50 79
68 40 47
68 40 47
95 42 92
95 42 92
92 55 77
92 55 77
92 55 77
55 33 42
55 33 42
55 33 42
78 50 53
78 50 53
112 52 85
53 32 41
53 32 41
112 40 68
112 40 68
96 22 50
65 49 65
58 43 44
58 43 44
65 40 53
65 40 53
101 61 100
101 61 100
112 61 65
112 61 65
90 44 60
90 44 60
90 44 60
90 44 60
90 44 60
118 62 75
118 62 75
118 62 75
