133 587 233 220
96 63 82
96 63 82
74 59 63
74 59 63
74 59 63
74 59 63
86 43 60
86 43 60
90 57 67
97 80 91
97 80 91
97 80 91
97 80 91
97 80 91
116 28 61
116 28 61
86 35 41
86 35 41
67 26 44
115 31 79
62 46 59
62 46 59
62 46 59
62 46 59
62 46 59
49 39 41
49 39 41
49 39 41
49 39 41
55 33 48
55 33 48
55 33 48
113 63 89
113 63 89
49 33 36
49 33 36
71 54 63
71 54 63
71 54 63
71 54 63
71 54 63
62 21 58
62 21 58
85 34 75
85 34 75
85 34 75
64 50 61
64 50 61
64 50 61
73 48 53
73 48 53
57 47 53
70 22 50
71 40 47
71 40 47
71 40 47
71 40 47
117 21 38
83 30 38
83 30 38
83 30 38
83 30 38
84 66 71
66 38 44
66 45 56
74 68 70
105 27 64
71 31 59
71 31 59
70 21 61
70 21 61
70 21 61
98 24 90
99 51 74
90 44 54
90 44 54
81 56 79
81 56 79
81 56 79
111 66 94
82 41 67
117 21 86
86 53 58
74 30 46
74 30 46
90 37 46
90 37 46
90 37 46
90 37 46
80 35 74
80 35 74
72 36 72
72 36 72
72 36 72
80 34 55
80 34 55
80 40 68
72 41 43
72 41 43
115 44 69
115 44 69
70 31 62
70 31 62
74 37 67
74 37 67
74 37 67
74 37 67
43 29 34
43 29 34
84 45 62
84 45 62
80 43 60
80 43 60
80 43 60
80 33 52
80 33 52
80 33 52
83 54 73
98 56 77
98 56 77
98 56 77
60 35 42
60 35 42
60 35 42
60 35 42
67 28 55
63 25 45
63 25 45
94 55 74
94 55 74
94 55 74
98 72 77
98 72 77
