147 587 233 220
75 69 73
75 69 73
75 69 73
66 40 56
66 40 56
66 40 56
64 41 51
90 28 52
73 28 33
73 28 33
73 28 33
91 60 76
91 60 76
54 28 45
107 56 81
107 56 81
63 44 53
88 50 75
88 50 75
88 50 75
88 50 75
79 20 76
79 20 76
116 66 71
116 66 71
116 66 71
84 35 52
84 35 52
84 35 52
61 22 56
61 22 56
54 31 53
86 53 85
86 53 85
86 53 85
84 29 71
80 41 52
80 41 52
80 41 52
83 26 33
83 26 33
83 26 33
99 38 60
99 38 60
83 37 47
83 37 47
83 37 47
50 36 41
50 36 41
43 40 40
43 40 40
43 40 40
87 43 73
87 43 73
87 43 73
87 43 73
81 49 60
81 49 60
81 49 60
57 49 56
57 49 56
57 49 56
57 49 56
57 23 34
94 47 89
94 47 89
94 47 89
94 47 89
79 34 52
87 36 60
87 36 60
87 36 60
103 39 48
103 39 48
71 45 68
71 45 68
71 45 68
95 67 69
107 33 95
107 33 95
107 33 95
90 55 73
90 39 58
90 39 58
89 36 79
89 36 79
89 36 79
89 36 79
110 56 74
110 56 74
110 56 74
55 27 30
55 27 30
44 43 44
44 43 44
44 43 44
44 43 44
82 41 45
82 41 45
105 46 47
105 46 47
105 46 47
38 32 35
38 32 35
38 32 35
82 45 60
89 60 88
89 60 88
71 40 50
71 40 50
63 32 46
63 32 46
86 28 82
114 34 56
114 34 56
66 59 66
66 59 66
84 36 45
84 36 45
95 20 48
95 20 48
95 20 48
60 21 35
60 21 35
60 21 35
60 21 35
60 21 35
60 21 35
60 20 25
60 20 25
69 35 46
69 35 46
82 43 66
82 43 66
82 43 66
50 33 34
50 33 34
50 33 34
50 33 34
105 29 45
104 50 98
104 50 98
79 22 78
79 22 78
79 22 78
79 22 78
79 22 78
