139 587 233 220
64 26 42
64 26 42
64 26 42
64 26 42
92 52 58
92 52 58
92 52 58
92 21 85
92 21 85
90 33 49
90 33 49
90 33 49
54 34 48
54 34 48
54 34 48
54 34 48
54 34 48
95 45 62
72 46 49
72 46 49
56 25 42
56 25 42
56 25 42
56 25 42
56 25 42
56 25 42
56 25 42
64 26 34
64 26 34
113 54 90
113 54 90
113 42 52
113 42 52
94 38 86
81 68 80
81 68 80
81 68 80
87 55 79
87 55 79
81 45 52
113 24 32
92 25 57
100 33 40
100 33 40
113 40 93
113 40 93
74 22 65
74 22 65
100 72 96
100 72 96
119 32 34
61 41 58
61 41 58
91 39 47
91 39 47
97 28 37
75 49 54
75 49 54
75 49 54
89 47 62
89 47 62
118 26 29
118 26 29
118 26 29
94 55 78
94 55 78
114 41 50
114 41 50
83 54 75
65 37 51
65 37 51
65 37 51
65 37 51
61 39 48
61 39 48
61 39 48
61 39 48
80 25 73
66 25 53
95 73 86
95 73 86
95 73 86
95 31 31
95 31 31
95 31 31
102 25 65
102 25 65
102 25 65
102 25 65
64 52 63
64 52 63
75 42 57
75 42 57
75 42 57
119 45 76
119 45 76
80 38 60
80 38 60
80 38 60
80 38 60
80 38 60
118 64 73
84 55 65
84 55 65
110 39 60
110 39 60
110 39 60
110 39 60
119 38 99
119 38 99
102 20 100
102 20 100
102 25 26
102 25 26
102 25 26
100 45 55
100 45 55
89 43 84
89 43 84
96 28 30
107 40 70
107 40 70
87 52 66
87 52 66
87 52 66
87 52 66
66 28 43
86 21 68
72 44 52
72 44 52
72 44 52
72 44 52
91 38 44
89 56 65
89 56 65
89 56 65
45 26 43
81 32 59
81 32 59
