153 587 233 220
106 38 55
69 48 50
69 48 50
106 57 63
106 57 63
71 51 66
71 51 66
71 51 66
71 51 66
71 51 66
71 51 66
62 36 41
62 36 41
62 36 41
75 39 49
90 53 64
96 55 79
96 55 79
96 55 79
83 67 75
83 67 75
58 30 48
58 30 48
81 24 59
71 41 56
111 40 76
111 40 76
111 40 76
111 40 76
113 26 27
113 26 27
113 26 27
113 26 27
50 36 41
50 36 41
57 50 55
57 50 55
57 50 55
57 50 55
42 21 25
42 21 25
42 21 25
115 29 44
115 29 44
78 52 54
87 31 68
87 31 68
87 31 68
108 37 87
108 37 87
108 37 87
108 37 87
97 27 28
79 42 77
79 42 77
79 42 77
79 42 77
79 42 77
94 51 82
94 51 82
113 67 89
93 41 59
93 41 59
93 41 59
93 41 59
93 41 59
93 41 59
67 37 40
67 37 40
67 37 40
67 37 40
66 44 51
75 32 42
75 32 42
51 40 46
96 41 51
96 41 51
96 41 51
98 24 32
98 24 32
98 24 32
91 54 86
91 54 86
52 30 52
58 36 51
58 36 51
83 41 45
83 41 45
116 26 43
116 26 43
116 26 43
116 26 43
95 57 71
95 57 71
95 57 71
98 37 50
98 37 50
71 41 45
71 41 45
71 41 45
64 31 49
64 31 49
64 31 49
64 31 49
72 52 63
72 52 63
72 52 63
113 30 36
113 30 36
85 66 70
79 32 40
96 37 50
96 37 50
77 49 69
77 49 69
77 49 69
77 49 69
41 22 31
41 22 31
87 34 76
87 34 76
87 34 76
87 34 76
87 34 76
112 33 80
112 33 80
57 20 52
76 45 61
76 45 61
76 45 61
114 21 96
114 21 96
114 21 96
71 36 61
71 36 61
71 36 61
34 26 34
34 26 34
34 26 34
34 26 34
99 46 78
99 46 78
99 46 78
57 38 42
57 38 42
97 25 73
97 25 73
97 25 73
73 30 40
73 30 40
73 30 40
83 39 43
83 39 43
