130 587 233 220
97 66 77
97 66 77
97 66 77
97 66 77
97 66 77
97 66 77
97 66 77
81 69 69
81 69 69
81 69 69
81 69 69
81 69 69
109 24 53
109 24 53
109 24 53
98 20 33
98 20 33
98 20 33
98 20 33
86 34 56
86 34 56
86 34 56
76 35 50
76 35 50
76 35 50
76 35 50
76 35 50
76 35 50
76 35 50
109 22 42
109 22 42
109 22 42
82 42 69
82 42 69
82 42 69
82 42 69
58 31 43
58 31 43
58 31 43
58 31 43
99 48 80
99 48 80
99 48 80
89 39 68
89 39 68
89 39 68
89 39 68
89 39 68
74 40 53
74 40 53
97 32 43
97 32 43
112 51 70
73 20 29
73 20 29
73 20 29
73 20 29
74 68 72
74 68 72
74 68 72
74 68 72
70 58 64
70 58 64
90 38 62
90 38 62
76 58 69
76 58 69
76 58 69
113 53 65
113 53 65
113 53 65
64 22 62
64 22 62
64 22 62
64 22 62
118 26 47
112 27 69
112 27 69
112 27 69
84 40 61
84 40 61
93 43 47
93 43 47
92 46 51
92 46 51
92 46 51
92 46 51
92 46 51
92 46 51
77 45 58
114 33 51
114 33 51
103 28 59
103 28 59
103 28 59
71 41 64
71 41 64
71 41 64
99 26 70
99 26 70
102 30 31
102 30 31
113 72 100
113 72 100
113 72 100
72 39 45
72 39 45
72 39 45
72 39 45
81 55 62
81 55 62
81 55 62
81 55 62
81 55 62
78 49 69
78 49 69
77 49 59
77 49 59
114 27 41
114 27 41
114 27 41
114 27 41
114 27 41
114 27 41
81 40 61
81 40 61
81 40 61
81 40 61
104 56 72
104 56 72
