116 587 233 220
62 52 59
62 52 59
62 52 59
62 52 59
54 50 52
54 50 52
54 50 52
54 50 52
102 65 69
97 46 76
97 46 76
97 46 76
97 46 76
52 37 50
52 37 50
93 23 85
93 23 85
93 23 85
90 38 38
90 38 38
90 38 38
90 38 38
66 40 60
66 40 60
66 40 60
38 26 31
86 36 60
86 36 60
86 36 60
92 34 47
92 34 47
103 22 69
79 42 71
66 20 33
66 20 33
66 20 33
66 20 33
100 45 93
100 45 93
100 45 93
100 45 93
100 45 93
100 45 93
91 21 84
91 21 84
91 21 84
92 29 47
92 29 47
92 29 47
76 40 55
76 40 55
76 40 55
76 40 55
98 53 90
98 53 90
98 53 90
81 53 75
81 53 75
81 53 75
113 63 88
113 63 88
87 20 32
92 40 74
92 40 74
78 28 55
106 23 75
106 23 75
106 23 75
106 23 75
106 23 75
106 23 75
66 50 58
66 50 58
66 50 58
66 50 58
109 66 79
109 66 79
109 66 79
109 66 79
119 36 71
119 36 71
93 42 69
99 60 90
99 60 90
99 60 90
99 60 90
99 60 90
95 73 85
95 73 85
71 29 49
71 29 49
71 29 49
106 45 57
106 45 57
110 49 67
110 49 67
110 49 67
110 49 67
100 50 54
100 50 54
107 29 55
107 29 55
107 29 55
119 27 47
119 27 47
84 53 71
84 53 71
84 53 71
86 20 70
86 20 70
86 20 70
86 20 70
98 50 58
98 50 58
98 50 58
98 50 58
