125 587 233 220
97 27 81
97 27 81
102 39 78
113 36 46
113 36 46
113 36 46
113 36 46
66 42 50
66 42 50
66 42 50
101 26 30
101 26 30
100 35 56
100 35 56
100 35 56
100 35 56
91 40 50
91 40 50
91 40 50
91 40 50
106 56 61
106 56 61
106 56 61
106 56 61
103 58 63
103 58 63
103 58 63
103 58 63
103 58 63
103 58 63
103 58 63
75 41 57
71 64 68
71 64 68
71 64 68
85 39 67
85 39 67
97 56 63
97 56 63
97 56 63
61 30 48
61 30 48
61 30 48
80 35 54
80 35 54
73 62 66
73 62 66
73 62 66
73 62 66
90 69 74
90 69 74
90 69 74
90 69 74
118 40 61
118 40 61
118 40 61
118 40 61
94 31 43
90 30 49
90 30 49
61 20 43
61 20 43
61 20 43
74 59 73
74 59 73
58 51 53
58 51 53
100 53 62
100 53 62
100 53 62
100 53 62
100 53 62
100 53 62
64 45 46
64 45 46
64 45 46
64 45 46
64 45 46
83 34 71
83 34 71
80 34 51
80 34 51
80 34 51
71 46 60
113 46 56
113 46 56
113 46 56
113 46 56
110 31 76
110 31 76
71 35 61
71 35 61
71 35 61
71 35 61
71 35 61
87 41 82
105 37 85
105 37 85
105 37 85
105 37 85
105 37 85
105 37 85
105 37 85
105 37 85
92 36 66
92 36 66
100 36 47
100 36 47
99 37 98
99 37 98
99 37 98
99 37 98
97 49 79
97 49 79
70 33 41
70 33 41
70 33 41
70 33 41
68 28 35
68 28 35
68 28 35
118 32 67
118 32 67
118 32 67
118 32 67
