150 587 233 220
95 44 76
95 44 76
95 44 76
95 44 76
95 44 76
95 44 76
81 34 47
81 34 47
81 34 47
81 34 47
71 30 52
71 30 52
71 30 52
71 30 52
71 30 52
71 30 52
71 30 52
96 28 52
96 28 52
96 28 52
96 28 52
104 50 80
77 57 64
77 57 64
77 57 64
77 57 64
75 36 45
75 36 45
65 39 49
65 39 49
70 41 49
70 41 49
70 41 49
70 41 49
70 41 49
111 42 44
111 42 44
111 42 44
111 42 44
108 51 94
108 51 94
108 51 94
108 51 94
43 26 40
43 26 40
43 26 40
43 26 40
70 39 47
70 39 47
70 39 47
84 26 36
84 26 36
84 26 36
84 26 36
103 27 97
103 27 97
54 24 54
54 24 54
63 38 46
63 38 46
63 38 46
80 37 52
80 37 52
80 37 52
80 37 52
80 37 52
80 37 52
67 20 59
67 20 59
102 23 89
102 23 89
102 23 89
102 23 89
102 23 89
61 48 53
61 48 53
61 48 53
80 67 79
80 67 79
80 67 79
80 67 79
80 67 79
80 67 79
80 67 79
80 67 79
77 37 76
77 37 76
77 37 76
77 37 76
77 37 76
77 37 76
63 26 37
63 26 37
63 26 37
47 28 41
47 28 41
47 28 41
47 28 41
47 28 41
47 28 41
47 28 41
47 28 41
87 42 76
87 42 76
87 42 76
87 42 76
87 42 76
87 42 76
87 42 76
99 35 89
76 29 67
76 29 67
76 29 67
76 29 67
72 43 58
72 43 58
72 43 58
72 43 58
72 43 58
72 43 58
78 54 70
78 54 70
78 32 65
78 32 65
78 32 65
101 29 66
101 29 66
101 29 66
101 29 66
102 31 74
102 31 74
77 55 69
77 55 69
51 35 46
51 35 46
51 35 46
90 35 48
90 35 48
109 40 71
109 40 71
86 36 69
86 36 69
86 36 69
86 36 69
64 29 63
64 29 63
94 59 77
94 59 77
94 59 77
94 59 77
