134 587 233 220
40 21 36
40 21 36
40 21 36
76 31 45
63 51 54
63 51 54
63 51 54
114 69 77
114 69 77
114 69 77
95 53 57
95 53 57
95 53 57
95 53 57
95 53 57
92 20 36
90 47 84
90 47 84
90 47 84
90 47 84
84 24 69
84 24 69
84 24 69
84 24 69
84 24 69
57 35 35
57 35 35
57 35 35
78 50 76
78 50 76
78 50 76
81 37 67
73 43 51
73 43 51
64 30 54
64 30 54
64 30 54
85 51 73
85 51 73
85 51 73
85 51 73
83 23 58
83 23 58
83 23 58
83 23 58
83 23 58
114 27 71
114 27 71
114 27 71
114 27 71
67 50 56
67 50 56
67 50 56
67 50 56
79 46 51
79 46 51
89 36 57
89 36 57
89 36 57
89 36 57
109 46 72
109 46 72
109 46 72
109 46 72
109 46 72
93 35 54
93 35 54
93 35 54
93 35 54
93 35 54
114 33 77
77 25 45
77 25 45
77 25 45
77 25 45
77 25 45
97 59 64
97 59 64
97 59 64
100 30 92
100 30 92
100 30 92
100 30 92
100 30 92
100 30 92
100 30 92
58 38 48
88 54 85
88 54 85
88 54 85
75 43 49
71 42 53
71 42 53
71 42 53
71 42 53
71 42 53
73 42 67
73 42 67
73 42 67
92 48 53
92 48 53
92 48 53
92 48 53
94 39 86
94 39 86
94 39 86
94 39 86
94 39 86
97 33 58
97 33 58
97 33 58
58 41 42
58 41 42
58 41 42
58 41 42
80 52 77
80 52 77
108 46 52
108 46 52
108 46 52
77 43 60
77 43 60
77 43 60
77 43 60
111 33 62
111 33 62
111 33 62
111 33 62
111 33 62
78 35 63
78 35 63
78 35 63
93 44 84
93 44 84
