123 587 233 220
98 44 73
98 44 73
60 38 60
105 60 73
105 60 73
105 60 73
105 60 73
90 52 77
90 52 77
66 24 58
66 24 58
106 55 76
106 55 76
106 55 76
106 55 76
55 36 44
55 36 44
55 36 44
55 36 44
82 23 58
82 23 58
82 23 58
82 23 58
74 58 61
74 58 61
74 58 61
81 24 39
81 24 39
81 24 39
81 24 39
81 24 39
81 24 39
71 39 65
71 39 65
71 39 65
71 39 65
71 39 65
71 39 65
71 39 65
105 47 97
105 47 97
105 47 97
105 47 97
114 69 97
114 69 97
103 55 78
103 55 78
103 55 78
103 55 78
93 55 66
93 55 66
93 55 66
78 74 75
78 74 75
118 58 67
118 58 67
118 58 67
91 22 61
91 22 61
91 22 61
91 22 61
96 24 58
96 24 58
96 24 58
96 24 58
96 24 58
80 44 76
80 25 67
80 25 67
80 25 67
80 25 67
71 20 69
71 20 69
71 20 69
71 20 69
81 62 79
72 30 68
72 30 68
72 30 68
49 41 45
49 41 45
49 41 45
49 41 45
49 41 45
112 58 96
71 45 65
91 30 68
91 30 68
91 30 68
94 61 71
94 61 71
94 61 71
52 31 51
52 31 51
52 31 51
52 31 51
46 29 41
46 29 41
46 29 41
116 55 79
116 55 79
116 55 79
45 30 38
45 30 38
45 30 38
78 53 77
78 53 77
78 53 77
76 62 74
76 62 74
76 62 74
76 62 74
92 39 58
92 39 58
56 40 50
56 40 50
56 40 50
96 45 48
103 26 57
103 26 57
103 26 57
103 26 57
90 35 45
