134 587 233 220
113 33 92
113 33 92
52 28 37
52 28 37
52 28 37
57 29 33
57 29 33
99 30 37
92 33 64
92 33 64
92 33 64
92 33 64
92 33 64
92 33 64
119 39 59
119 39 59
119 39 59
54 49 52
54 49 52
75 35 45
75 35 45
79 44 68
79 44 68
79 44 68
116 47 49
116 47 49
116 47 49
116 47 49
116 47 49
116 47 49
116 47 49
83 23 44
83 23 44
98 56 96
98 56 96
78 57 72
78 57 72
78 57 72
78 57 72
78 57 72
78 57 72
98 47 88
98 47 88
98 47 88
98 47 88
98 47 88
98 47 88
98 47 88
98 47 88
41 31 33
41 31 33
59 34 35
59 34 35
83 37 78
83 37 78
68 33 34
103 49 69
103 49 69
103 49 69
103 49 69
103 49 69
97 32 53
92 50 63
92 50 63
92 50 63
108 40 57
108 40 57
108 40 57
62 58 60
62 58 60
62 58 60
62 58 60
62 58 60
101 25 46
101 25 46
101 25 46
101 25 46
99 36 53
99 36 53
99 36 53
67 55 67
67 55 67
99 38 46
99 38 46
99 38 46
99 38 46
99 38 46
99 38 46
103 79 80
103 79 80
103 79 80
91 32 69
91 32 69
91 32 69
91 32 69
71 33 63
71 33 63
71 33 63
71 33 63
71 33 63
95 36 54
72 34 51
72 34 51
72 34 51
64 32 35
64 32 35
78 55 77
78 55 77
78 55 77
76 41 50
76 41 50
76 41 50
116 53 97
116 53 97
116 53 97
91 24 25
91 24 25
91 24 25
83 35 56
83 35 56
83 35 56
83 35 56
40 23 26
40 23 26
40 23 26
40 23 26
40 23 26
40 23 26
40 23 26
117 39 52
117 39 52
117 39 52
117 39 52
117 39 52
