123 587 233 220
109 68 80
109 68 80
109 68 80
90 31 45
66 34 56
66 34 56
66 34 56
66 34 56
76 34 66
76 34 66
76 34 66
76 34 66
76 34 66
111 53 80
111 53 80
111 53 80
111 53 80
86 29 59
86 29 59
86 29 59
86 29 59
86 29 59
80 63 72
80 63 72
80 63 72
81 22 47
81 22 47
81 22 47
114 64 80
114 64 80
114 64 80
90 32 37
75 40 48
75 40 48
75 40 48
67 45 52
67 45 52
88 74 82
88 74 82
88 74 82
100 23 63
100 23 63
103 48 53
103 48 53
103 48 53
103 48 53
103 48 53
103 48 53
79 41 44
79 41 44
79 41 44
89 50 85
89 50 85
60 44 54
60 44 54
65 27 52
65 27 52
88 45 71
88 45 71
88 45 71
88 45 71
88 45 71
88 45 71
88 45 71
106 41 75
106 41 75
119 62 67
119 62 67
119 62 67
119 62 67
119 62 67
117 38 82
79 40 77
79 40 77
79 40 77
74 67 73
74 67 73
74 67 73
95 57 68
95 57 68
95 57 68
95 57 68
77 27 45
77 27 45
77 27 45
77 27 45
77 27 45
77 27 45
61 26 48
61 26 48
61 26 48
61 26 48
61 26 48
51 25 43
51 25 43
51 25 43
86 31 61
86 31 61
42 34 39
42 34 39
42 34 39
92 55 59
92 55 59
92 55 59
117 32 55
112 36 64
112 36 64
112 36 64
97 47 73
75 32 64
75 32 64
69 39 64
69 39 64
69 39 64
69 39 64
81 28 64
81 28 64
81 28 64
80 36 52
80 36 52
87 46 62
87 46 62
87 46 62
