137 587 233 220
76 50 74
76 50 74
76 50 74
76 50 74
76 50 74
86 29 40
86 29 40
66 48 55
66 48 55
66 48 55
66 48 55
66 48 55
75 37 57
75 37 57
102 29 83
102 29 83
102 29 83
102 29 83
74 52 58
74 52 58
74 52 58
89 36 65
89 36 65
99 67 68
99 67 68
99 67 68
99 67 68
99 67 68
80 66 78
80 66 78
65 45 57
65 45 57
65 45 57
112 30 59
112 30 59
112 30 59
79 68 75
79 68 75
79 68 75
97 30 48
97 30 48
97 30 48
97 30 48
73 31 70
73 31 70
73 31 70
90 44 83
90 44 83
90 44 83
90 44 83
90 44 83
101 64 93
101 64 93
101 64 93
89 78 82
89 78 82
85 26 54
85 26 54
85 26 54
85 26 54
57 29 34
57 29 34
78 68 71
112 58 72
112 58 72
112 58 72
112 58 72
63 33 60
63 33 60
63 33 60
63 33 60
63 33 60
83 35 47
83 35 47
83 35 47
99 49 81
99 49 81
99 49 81
99 49 81
99 49 81
63 35 56
63 35 56
91 28 40
91 28 40
91 28 40
91 28 40
91 28 40
91 28 40
91 28 40
67 40 47
67 40 47
105 46 68
105 46 68
105 46 68
105 46 68
105 46 68
71 53 63
71 53 63
71 53 63
71 53 63
71 53 63
100 26 33
105 26 78
69 40 44
69 40 44
69 40 44
78 48 59
78 48 59
78 48 59
78 48 59
99 26 29
99 26 29
99 26 29
99 26 29
99 26 29
99 26 29
99 26 29
88 26 41
88 26 41
88 26 41
88 26 41
88 26 41
93 20 30
93 20 30
93 20 30
93 20 30
82 70 72
86 32 54
86 32 54
86 32 54
52 23 50
52 23 50
52 23 50
52 23 50
52 23 50
86 31 69
86 31 69
