110 587 233 220
91 45 54
91 45 54
105 72 77
105 72 77
105 72 77
105 72 77
79 48 78
79 48 78
109 59 76
109 59 76
109 59 76
48 30 37
48 30 37
48 30 37
48 30 37
44 27 37
44 27 37
44 27 37
79 54 76
79 54 76
79 54 76
79 54 76
116 20 78
116 20 78
101 49 71
101 49 71
101 49 71
102 49 100
102 49 100
102 49 100
102 49 100
102 49 100
105 22 43
105 22 43
105 22 43
107 61 84
107 61 84
110 23 71
110 23 71
75 34 39
75 34 39
75 34 39
75 34 39
75 34 39
73 32 47
73 32 47
73 32 47
73 32 47
60 25 60
60 25 60
60 25 60
60 25 60
43 31 33
43 31 33
43 31 33
43 31 33
100 57 74
93 41 47
93 41 47
45 28 33
45 28 33
66 55 65
46 33 40
97 51 87
94 34 59
94 34 59
94 34 59
56 42 45
62 27 55
62 27 55
97 61 67
97 61 67
97 61 67
97 61 67
63 46 53
63 46 53
63 46 53
85 30 33
85 30 33
105 66 80
115 20 67
115 20 67
115 20 67
115 20 67
115 78 90
115 78 90
115 78 90
111 66 89
111 66 89
93 75 86
93 75 86
93 75 86
107 65 66
107 65 66
94 41 77
94 41 77
94 41 77
94 41 77
109 52 95
109 52 95
94 51 54
94 51 54
94 51 54
55 35 41
55 35 41
55 35 41
80 41 48
80 41 48
80 41 48
80 41 48
