144 587 233 220
60 32 40
60 32 40
98 55 75
98 55 75
98 55 75
98 55 75
60 39 59
60 39 59
60 39 59
81 40 56
81 40 56
81 40 56
119 25 34
119 25 34
107 42 61
107 42 61
107 42 61
108 20 85
108 20 85
108 20 85
108 20 85
108 20 85
108 20 85
108 20 85
108 20 85
97 45 66
97 45 66
97 45 66
97 45 66
66 26 35
66 26 35
66 26 35
69 20 32
69 20 32
69 20 32
69 20 32
69 20 32
69 20 32
78 38 63
78 38 63
78 38 63
78 38 63
78 38 63
78 38 63
95 47 77
95 47 77
95 47 77
95 47 77
95 47 77
95 47 77
95 47 77
40 30 34
40 30 34
88 20 42
103 69 84
103 69 84
103 69 84
103 69 84
119 34 72
119 34 72
115 47 61
115 47 61
68 28 50
68 28 50
68 28 50
71 24 63
71 24 63
71 24 63
71 24 63
87 40 68
87 40 68
96 37 73
96 37 73
96 37 73
96 37 73
68 45 67
68 45 67
106 60 88
106 60 88
106 60 88
96 43 66
96 43 66
96 43 66
96 43 66
98 32 45
98 32 45
98 32 45
98 32 45
60 27 58
60 27 58
60 27 58
60 27 58
92 20 56
92 20 56
92 20 56
92 20 56
111 22 54
111 22 54
111 22 54
54 43 43
54 43 43
54 43 43
54 43 43
54 43 43
54 43 43
119 52 61
119 52 61
119 52 61
119 52 61
91 51 64
91 51 64
91 51 64
91 51 64
100 27 43
100 27 43
100 27 43
42 32 36
42 32 36
42 32 36
42 32 36
79 51 64
79 51 64
71 34 58
71 34 58
71 34 58
71 34 58
71 34 58
92 32 60
92 32 60
92 32 60
92 32 60
98 58 61
98 58 61
98 58 61
98 58 61
98 58 61
93 41 80
97 39 43
97 39 43
97 39 43
80 33 48
80 33 48
80 33 48
80 33 48
