146 587 233 220
66 36 64
66 36 64
97 49 73
97 49 73
97 49 73
69 43 60
69 43 60
52 20 37
52 20 37
52 20 37
52 20 37
52 20 37
109 37 63
109 37 63
79 24 57
79 24 57
79 24 57
79 24 57
79 24 57
95 22 72
95 22 72
95 22 72
95 22 72
95 22 72
65 39 50
65 39 50
65 39 50
65 39 50
98 30 42
98 30 42
98 30 42
98 30 42
98 30 42
53 36 40
53 36 40
53 36 40
53 36 40
53 36 40
53 36 40
82 51 54
82 51 54
82 51 54
77 31 33
77 31 33
77 31 33
77 31 33
77 31 33
77 31 33
77 31 33
66 49 56
66 49 56
66 49 56
101 62 68
101 62 68
82 46 64
82 46 64
88 58 83
88 58 83
88 58 83
88 58 83
108 29 51
108 29 51
108 29 51
108 29 51
108 29 51
108 29 51
91 62 76
91 62 76
91 62 76
91 62 76
91 62 76
91 62 76
91 62 76
91 62 76
61 25 32
61 25 32
61 25 32
70 30 47
70 30 47
70 30 47
70 30 47
80 52 79
80 52 79
80 52 79
103 33 43
103 33 43
103 33 43
103 33 43
103 33 43
115 70 88
115 70 88
115 70 88
98 26 38
98 26 38
98 26 38
98 26 38
98 26 38
60 21 33
60 21 33
74 33 54
74 33 54
74 33 54
87 39 45
77 42 62
77 42 62
77 42 62
77 42 62
100 54 56
100 54 56
55 24 42
55 24 42
55 24 42
55 24 42
55 24 42
66 35 47
85 38 71
85 38 71
85 38 71
63 59 59
63 59 59
63 59 59
92 54 65
92 54 65
92 54 65
92 54 65
100 64 77
100 64 77
100 64 77
100 64 77
90 49 79
90 49 79
90 49 79
90 49 79
104 25 64
104 25 64
104 25 64
104 25 64
64 43 46
64 43 46
64 43 46
69 30 38
69 30 38
69 30 38
79 55 79
79 55 79
79 55 79
