121 587 233 220
78 27 37
78 27 37
78 27 37
78 27 37
78 27 37
78 27 37
89 25 70
89 25 70
90 41 84
90 41 84
90 41 84
85 42 75
85 42 75
85 42 75
85 42 75
85 42 75
85 42 75
91 44 77
91 44 77
91 44 77
91 44 77
91 44 77
114 71 87
114 71 87
114 71 87
114 71 87
114 71 87
90 25 37
90 25 37
105 77 80
105 77 80
74 50 71
74 50 71
74 50 71
74 50 71
74 50 71
74 50 71
62 55 57
62 55 57
89 26 45
89 26 45
89 26 45
89 26 45
65 47 54
65 47 54
65 47 54
79 28 62
79 28 62
79 28 62
79 28 62
84 35 40
84 35 40
55 42 44
55 42 44
115 29 30
115 29 30
115 29 30
115 29 30
115 29 30
115 29 30
93 25 60
93 25 60
93 25 60
93 25 60
96 50 83
96 50 83
96 50 83
96 50 83
86 62 75
86 62 75
86 62 75
86 62 75
76 36 60
76 36 60
92 39 45
92 39 45
92 39 45
81 27 39
90 27 42
90 27 42
102 43 69
102 43 69
85 61 76
85 61 76
93 38 46
99 77 78
99 77 78
101 21 77
101 21 77
101 21 77
101 21 77
74 20 39
74 20 39
74 20 39
69 29 45
108 74 80
108 74 80
108 74 80
108 74 80
58 51 55
58 51 55
107 29 52
97 33 37
97 33 37
97 33 37
97 33 37
97 33 37
92 62 88
92 62 88
116 22 86
116 22 86
116 22 86
116 22 86
99 32 76
99 32 76
99 32 76
37 33 36
103 35 65
103 35 65
77 49 68
77 49 68
