119 587 233 220
85 40 73
85 40 73
85 40 73
73 54 62
73 54 62
73 54 62
90 41 63
75 24 61
75 24 61
57 44 53
57 44 53
57 44 53
57 44 53
93 45 70
93 45 70
73 33 36
73 33 36
73 33 36
73 33 36
95 75 80
95 75 80
95 75 80
95 75 80
93 78 89
93 78 89
93 78 89
113 65 87
72 30 46
72 30 46
72 30 46
72 30 46
100 70 78
100 70 78
100 70 78
53 34 47
53 34 47
87 46 54
87 46 54
52 37 41
52 37 41
79 33 76
79 33 76
79 33 76
79 33 76
77 65 77
77 65 77
77 65 77
77 65 77
65 27 59
65 27 59
65 27 59
54 31 42
54 31 42
54 31 42
54 31 42
87 44 45
87 44 45
87 44 45
87 44 45
118 35 89
118 35 89
74 31 38
74 31 38
74 31 38
74 31 38
74 31 38
74 31 38
92 64 77
92 64 77
92 64 77
109 52 78
108 38 79
108 38 79
120 48 54
120 48 54
120 48 54
57 34 56
57 34 56
57 34 56
57 34 56
57 34 56
58 32 40
114 69 71
114 69 71
114 69 71
114 69 71
114 69 71
100 33 39
100 33 39
101 67 92
101 67 92
89 37 85
89 37 85
89 37 85
89 37 85
89 37 85
104 39 46
104 39 46
104 39 46
73 32 52
73 32 52
77 34 58
77 34 58
77 34 58
99 28 79
99 28 79
99 28 79
88 39 45
88 39 45
112 20 48
112 20 48
112 20 48
112 20 48
80 30 75
80 30 75
95 50 74
95 50 74
95 50 74
95 50 74
