148 587 233 220
105 46 81
105 46 81
105 46 81
105 46 81
105 46 81
115 61 81
115 61 81
115 61 81
72 23 51
72 23 51
72 23 51
72 23 51
72 23 51
65 33 56
65 33 56
65 33 56
65 33 56
60 21 44
60 21 44
85 65 69
85 65 69
90 35 82
90 35 82
90 35 82
115 64 94
115 64 94
115 64 94
115 64 94
80 33 53
80 33 53
80 33 53
80 33 53
80 33 53
95 37 81
95 37 81
95 37 81
95 37 81
66 45 46
66 45 46
109 25 36
109 25 36
89 50 62
89 50 62
89 50 62
54 27 32
54 27 32
79 32 33
79 32 33
79 32 33
79 32 33
79 32 33
79 32 33
80 47 50
80 47 50
80 47 50
80 47 50
81 44 57
81 44 57
81 44 57
81 44 57
107 21 31
107 21 31
91 80 85
93 27 68
93 27 68
93 27 68
78 33 44
78 33 44
78 33 44
78 33 44
78 33 44
73 29 40
73 29 40
73 29 40
73 29 40
73 29 40
93 73 86
93 73 86
93 73 86
111 23 62
111 23 62
111 23 62
111 23 62
111 23 62
70 27 68
70 27 68
116 20 25
116 20 25
116 20 25
116 20 25
116 20 25
116 20 25
54 45 52
54 45 52
54 45 52
54 45 52
54 45 52
116 40 60
116 40 60
116 40 60
116 40 60
116 40 60
116 40 60
116 40 60
116 40 60
38 22 33
38 22 33
38 22 33
38 22 33
95 47 71
95 47 71
95 47 71
95 47 71
95 47 71
77 50 76
77 50 76
77 50 76
69 41 47
69 41 47
69 41 47
69 35 66
69 35 66
73 42 59
73 42 59
119 27 40
119 27 40
119 27 40
119 27 40
119 27 40
117 45 78
117 45 78
117 45 78
48 40 45
71 46 63
71 46 63
71 46 63
71 46 63
71 46 63
62 28 52
62 28 52
62 28 52
62 28 52
62 28 52
73 26 35
73 26 35
73 26 35
73 26 35
73 26 35
