139 587 233 220
76 46 52
76 46 52
76 46 52
76 46 52
66 31 59
66 31 59
66 31 59
62 44 55
62 44 55
62 44 55
62 44 55
62 44 55
95 36 46
95 36 46
95 36 46
95 36 46
63 35 59
63 35 59
63 35 59
63 35 59
63 35 59
100 32 37
100 32 37
100 32 37
100 32 37
91 37 54
91 37 54
91 37 54
91 37 54
49 36 44
49 36 44
49 36 44
49 36 44
109 49 66
109 49 66
69 27 48
69 27 48
69 27 48
69 27 48
69 27 48
69 27 48
109 62 85
109 62 85
109 62 85
48 42 47
48 42 47
48 42 47
48 42 47
77 48 67
77 48 67
77 48 67
112 76 79
102 28 40
106 65 99
106 65 99
106 65 99
86 50 73
86 50 73
79 57 76
79 57 76
79 57 76
79 57 76
61 39 56
61 39 56
100 30 86
100 30 86
75 39 60
75 39 60
108 27 67
108 27 67
108 27 67
108 27 67
95 21 93
95 21 93
95 21 93
95 21 93
95 21 93
95 21 93
113 45 56
113 45 56
113 45 56
113 45 56
113 45 56
113 45 56
91 33 57
91 33 57
91 33 57
112 53 72
112 53 72
73 34 47
73 34 47
73 34 47
73 34 47
73 34 47
73 34 47
82 47 80
82 47 80
82 47 80
84 35 44
84 35 44
84 35 44
84 35 44
84 35 44
90 43 61
90 43 61
90 43 61
90 43 61
90 43 61
90 43 61
90 43 61
90 43 61
61 33 52
61 33 52
61 33 52
61 33 52
61 33 52
69 54 57
69 54 57
69 54 57
93 32 57
45 32 37
45 32 37
45 32 37
45 32 37
45 32 37
69 46 56
76 45 61
83 51 51
104 72 94
104 72 94
104 72 94
104 72 94
115 27 49
115 27 49
115 27 49
115 27 49
72 20 33
72 20 33
72 20 33
