115 587 233 220
82 59 76
82 59 76
60 50 51
60 50 51
60 50 51
104 61 66
71 28 36
89 26 77
89 26 77
108 66 84
108 66 84
108 66 84
90 45 51
90 45 51
90 45 51
48 33 35
48 33 35
48 33 35
89 52 57
99 58 77
99 58 77
99 58 77
92 66 86
92 66 86
92 66 86
92 66 86
93 46 80
93 46 80
93 46 80
93 46 80
72 39 45
72 39 45
72 39 45
72 39 45
73 24 46
73 24 46
73 24 46
73 24 46
112 37 71
112 37 71
112 37 71
70 69 69
70 69 69
112 27 64
112 27 64
112 27 64
112 27 64
52 39 42
52 39 42
52 39 42
52 39 42
52 39 42
120 23 84
120 23 84
120 23 84
94 36 61
94 36 61
94 36 61
65 49 50
65 49 50
65 49 50
96 54 65
96 54 65
96 40 58
96 40 58
120 55 65
120 55 65
120 55 65
76 44 64
95 34 63
119 29 67
119 29 67
119 29 67
78 38 39
78 38 39
78 38 39
78 38 39
84 25 37
84 25 37
84 25 37
116 53 69
116 53 69
73 26 45
73 26 45
73 26 45
84 30 37
84 30 37
84 30 37
80 34 53
80 34 53
80 34 53
81 48 51
81 48 51
81 48 51
81 48 51
68 53 54
68 53 54
68 53 54
68 53 54
68 53 54
119 68 69
119 68 69
119 68 69
119 68 69
119 68 69
119 68 69
119 68 69
75 64 72
75 64 72
89 33 55
98 59 92
98 59 92
98 59 92
98 59 92
69 21 60
