137 587 233 220
114 20 54
114 20 54
92 50 87
92 50 87
92 50 87
92 50 87
114 26 43
114 26 43
114 26 43
114 26 43
93 42 69
93 42 69
93 42 69
93 42 69
80 64 79
80 64 79
80 64 79
80 64 79
99 29 80
60 47 54
60 47 54
60 47 54
54 32 53
54 32 53
54 32 53
54 32 53
113 68 75
113 68 75
113 68 75
113 68 75
113 68 75
67 49 66
65 21 30
65 21 30
65 21 30
110 29 63
110 29 63
110 29 63
110 29 63
75 27 60
95 40 71
95 40 71
95 40 71
95 40 71
95 40 71
92 67 74
55 38 43
55 38 43
55 38 43
55 38 43
55 38 43
55 38 43
55 38 43
105 31 32
105 31 32
90 46 81
90 46 81
90 46 81
90 46 81
90 46 81
90 38 60
90 38 60
90 38 60
90 38 60
77 22 42
77 22 42
77 22 42
81 32 72
81 32 72
99 20 94
99 20 94
99 20 94
99 20 94
97 49 68
97 49 68
97 49 68
97 49 68
97 49 68
97 49 68
97 49 68
38 31 37
38 31 37
38 31 37
38 31 37
38 31 37
118 32 65
118 32 65
118 32 65
118 32 65
91 35 81
91 35 81
91 35 81
91 35 81
91 35 81
91 35 81
91 35 81
114 49 56
114 49 56
97 58 86
94 38 83
94 38 83
94 38 83
64 25 39
64 25 39
64 25 39
64 25 39
64 25 39
64 25 39
64 25 39
111 57 70
111 57 70
111 57 70
69 47 58
69 47 58
69 47 58
75 46 57
75 46 57
75 46 57
89 40 67
89 40 67
96 21 74
96 21 74
96 21 74
67 23 47
67 23 47
67 23 47
115 20 68
115 20 68
115 20 68
56 20 40
56 20 40
56 20 40
56 20 40
96 46 63
68 67 67
68 67 67
68 67 67
