120 587 233 220
119 38 41
119 38 41
90 35 44
90 35 44
67 27 55
67 27 55
67 27 55
71 36 47
90 51 55
90 51 55
90 51 55
90 51 55
87 40 68
87 40 68
87 36 53
113 34 47
113 34 47
113 34 47
113 34 47
97 35 56
97 35 56
97 35 56
90 25 60
88 70 75
111 51 64
111 51 64
105 31 77
105 31 77
105 31 77
105 31 77
91 29 33
91 29 33
53 31 34
73 34 40
73 34 40
73 34 40
73 34 40
84 44 56
84 44 56
84 44 56
113 29 81
113 29 81
113 29 81
113 29 81
89 51 53
89 51 53
89 51 53
89 51 53
62 26 30
62 26 30
62 26 30
62 26 30
99 40 91
113 40 88
113 40 88
113 40 88
99 34 76
99 34 76
74 37 65
74 37 65
74 37 65
74 37 65
74 37 65
96 33 73
96 33 73
96 33 73
96 33 73
96 33 73
96 33 73
96 33 73
78 71 73
78 71 73
99 46 99
99 46 99
88 33 57
88 33 57
88 33 57
76 34 67
76 34 67
76 34 67
76 34 67
76 34 67
76 34 67
80 48 63
80 48 63
80 48 63
86 38 80
86 38 80
114 67 77
114 67 77
114 67 77
114 67 77
114 67 77
114 67 77
114 67 77
114 67 77
66 50 50
66 50 50
66 50 50
117 59 70
117 59 70
117 59 70
117 59 70
90 39 49
102 62 74
102 62 74
102 62 74
77 38 62
77 38 62
77 38 62
75 38 48
75 38 48
75 38 48
75 38 48
92 69 69
92 69 69
88 22 66
88 22 66
88 22 66
88 22 66
