115 587 233 220
60 36 44
60 36 44
76 40 42
65 48 49
65 48 49
65 48 49
65 48 49
65 48 49
65 48 49
109 51 92
93 31 42
93 31 42
93 31 42
93 31 42
83 59 64
83 59 64
83 59 64
83 59 64
83 59 64
96 55 90
52 31 42
52 31 42
98 61 72
98 61 72
118 57 98
48 25 31
75 50 67
120 32 66
120 32 66
120 32 66
120 32 66
120 32 66
91 65 76
91 65 76
91 65 76
102 49 71
102 49 71
102 49 71
102 49 71
102 49 71
93 59 89
93 59 89
76 23 48
76 23 48
76 23 48
76 23 48
76 23 48
63 23 53
63 23 53
63 23 53
63 23 53
83 27 59
83 27 59
85 53 69
85 53 69
97 22 55
97 22 55
97 22 55
86 56 67
86 56 67
86 56 67
86 56 67
99 44 85
99 44 85
99 44 85
48 39 46
48 39 46
61 22 58
61 22 58
61 22 58
74 42 45
74 42 45
74 42 45
94 66 88
94 66 88
94 66 88
94 66 88
77 41 54
77 41 54
44 27 37
44 27 37
94 35 43
94 35 43
94 35 43
104 63 70
104 63 70
104 63 70
99 26 96
99 26 96
99 26 96
99 26 96
99 26 96
74 33 72
74 33 72
74 33 72
74 33 72
74 33 72
103 60 100
103 60 100
103 60 100
103 60 100
103 60 100
96 78 81
60 30 30
60 30 30
60 30 30
60 30 30
105 44 81
105 44 81
105 44 81
116 64 71
91 41 56
91 41 56
91 41 56
94 65 68
