128 587 233 220
56 28 32
92 39 68
92 39 68
92 39 68
92 39 68
90 29 86
90 29 86
90 29 86
73 52 54
114 45 100
114 45 100
114 45 100
114 45 100
94 36 51
94 36 51
94 36 51
108 38 59
108 38 59
108 38 59
89 61 82
89 61 82
81 43 71
81 43 71
81 43 71
61 37 53
61 37 53
61 37 53
85 58 70
85 58 70
85 58 70
85 58 70
111 39 98
111 39 98
66 59 62
66 59 62
117 49 87
117 49 87
117 49 87
117 49 87
117 49 87
117 49 87
70 40 62
70 40 62
70 40 62
36 30 30
36 30 30
36 30 30
36 30 30
36 30 30
36 30 30
80 57 62
80 57 62
80 57 62
80 57 62
73 54 72
89 41 67
89 41 67
89 41 67
82 38 51
82 38 51
82 38 51
82 38 51
82 38 51
110 42 47
82 35 61
82 35 61
82 35 61
82 35 61
82 35 61
82 35 61
102 62 100
102 62 100
102 62 100
91 42 50
91 42 50
91 42 50
91 42 50
91 42 50
91 42 50
74 38 62
74 38 62
74 38 62
66 50 61
66 50 61
66 50 61
84 44 67
84 44 67
84 44 67
78 56 56
78 56 56
64 52 53
64 52 53
64 52 53
39 30 33
39 30 33
39 30 33
39 30 33
39 30 33
55 29 38
55 29 38
76 46 69
76 46 69
115 26 44
115 26 44
115 26 44
75 30 39
75 30 39
77 31 73
77 31 73
77 31 73
77 31 73
77 31 73
77 31 73
77 31 73
67 56 63
67 56 63
67 56 63
99 56 87
99 56 87
99 56 87
99 56 87
109 41 55
88 30 75
88 30 75
88 30 75
63 32 38
63 32 38
63 32 38
