113 587 233 220
96 68 95
96 68 95
96 68 95
96 68 95
69 35 61
69 35 61
107 55 70
107 55 70
92 34 85
96 31 60
96 31 60
66 38 38
66 38 38
66 38 38
66 38 38
66 38 38
63 36 57
63 36 57
51 31 31
51 31 31
100 44 75
100 44 75
100 44 75
78 53 66
33 29 32
81 45 72
81 45 72
81 45 72
81 45 72
88 38 57
88 38 57
88 38 57
88 38 57
52 21 34
52 21 34
112 31 69
63 57 59
63 57 59
63 57 59
63 57 59
63 57 59
63 57 59
76 48 65
76 48 65
76 48 65
76 48 65
92 46 60
92 46 60
92 46 60
92 46 60
118 52 55
118 52 55
96 22 93
96 22 93
96 22 93
96 22 93
73 29 32
73 29 32
73 29 32
73 29 32
104 54 78
104 54 78
104 54 78
120 26 80
120 26 80
120 26 80
120 26 80
120 26 80
120 26 80
58 46 54
58 46 54
58 46 54
58 46 54
90 40 90
90 40 90
90 40 90
79 55 58
79 55 58
79 55 58
79 55 58
74 22 45
74 22 45
74 22 45
102 35 72
102 35 72
102 35 72
102 35 72
84 67 78
84 67 78
98 44 58
98 44 58
98 44 58
97 56 83
97 56 83
97 56 83
67 38 57
67 38 57
90 68 80
79 35 48
75 43 66
75 43 66
75 43 66
104 36 53
94 69 94
94 69 94
94 69 94
94 69 94
94 69 94
101 47 86
101 47 86
101 47 86
109 65 85
69 46 62
