127 587 233 220
77 30 42
77 30 42
98 28 45
98 28 45
61 32 58
61 32 58
61 32 58
92 61 77
58 27 44
58 27 44
58 27 44
108 50 72
108 50 72
108 50 72
108 50 72
93 71 72
93 71 72
93 71 72
111 30 49
111 30 49
111 30 49
111 30 49
111 30 49
79 49 66
79 49 66
79 49 66
85 39 74
85 39 74
85 39 74
85 39 74
85 39 74
106 33 34
106 33 34
113 76 91
113 76 91
113 76 91
113 76 91
57 43 49
57 43 49
57 43 49
103 27 80
103 27 80
103 27 80
103 27 80
103 27 80
74 31 66
74 31 66
74 31 66
74 31 66
74 31 66
112 29 66
110 67 83
110 67 83
110 67 83
110 67 83
119 36 56
119 36 56
97 22 87
53 25 31
53 25 31
53 25 31
53 25 31
53 25 31
79 58 62
79 58 62
79 58 62
79 58 62
79 58 62
79 58 62
71 40 61
71 40 61
71 40 61
71 40 61
65 28 56
65 28 56
65 28 56
65 28 56
65 28 56
65 28 56
65 28 56
65 28 56
67 53 63
67 53 63
67 53 63
67 53 63
59 30 43
59 30 43
65 41 41
65 41 41
65 41 41
78 38 54
59 27 54
59 27 54
59 27 54
96 34 68
96 34 68
113 54 78
113 54 78
96 49 90
96 49 90
96 49 90
94 46 68
94 46 68
94 46 68
67 31 65
67 31 65
83 38 46
83 38 46
83 38 46
83 38 46
83 38 46
71 51 65
71 51 65
71 51 65
88 42 46
83 31 32
83 31 32
86 26 29
86 26 29
86 26 29
86 75 80
86 75 80
86 75 80
86 75 80
73 59 70
73 59 70
73 59 70
