114 587 233 220
91 33 52
87 63 81
87 63 81
87 63 81
113 45 79
114 45 52
110 66 90
110 66 90
110 66 90
110 66 90
81 31 41
81 31 41
81 31 41
81 31 41
81 31 41
81 31 41
108 37 67
108 37 67
118 57 82
118 57 82
96 30 60
96 30 60
96 30 60
96 30 60
43 36 42
43 36 42
43 36 42
43 36 42
93 77 78
93 77 78
93 77 78
85 25 62
85 25 62
85 25 62
93 30 83
93 30 83
101 77 87
101 77 87
101 77 87
101 77 87
101 77 87
112 56 72
112 56 72
112 56 72
112 56 72
112 56 72
112 56 72
49 31 39
49 31 39
49 31 39
100 38 67
100 38 67
76 41 59
76 41 59
114 59 64
91 34 68
91 34 68
63 57 57
63 57 57
63 57 57
93 44 54
93 44 54
93 44 54
93 44 54
93 44 54
99 37 64
99 37 64
99 37 64
99 37 64
99 37 64
80 34 63
80 34 63
50 31 31
95 39 74
78 67 76
78 67 76
78 67 76
59 28 46
59 28 46
59 28 46
85 49 63
85 49 63
85 49 63
85 49 63
81 26 32
81 26 32
81 26 32
81 26 32
111 26 55
65 34 37
65 34 37
65 34 37
98 20 52
98 20 52
84 72 75
84 72 75
89 58 67
89 58 67
97 33 74
97 33 74
97 33 74
76 46 55
76 46 55
76 46 55
76 46 55
41 30 34
41 30 34
78 52 61
78 52 61
78 52 61
92 43 47
92 43 47
92 43 47
92 43 47
