117 587 233 220
78 37 69
78 37 69
78 37 69
115 58 90
115 58 90
115 58 90
68 20 53
68 20 53
68 20 53
119 47 71
119 47 71
100 57 82
88 52 76
88 52 76
88 52 76
95 43 90
95 43 90
95 43 90
95 43 90
95 43 90
87 62 72
80 47 66
80 47 66
120 67 78
120 67 78
103 60 65
103 60 65
86 50 60
86 50 60
86 50 60
86 50 60
86 50 60
86 50 60
80 37 49
80 37 49
80 37 49
94 36 83
94 36 83
94 36 83
94 36 83
92 51 59
118 35 67
118 35 67
118 35 67
118 35 67
80 62 78
91 33 58
91 33 58
91 33 58
91 33 58
91 33 58
91 33 58
114 49 78
114 49 78
114 49 78
76 40 54
76 40 54
82 65 76
106 38 74
106 38 74
106 38 74
39 30 34
39 30 34
39 30 34
89 71 85
89 71 85
89 71 85
89 71 85
119 60 72
119 60 72
85 61 77
85 61 77
65 45 62
65 45 62
65 45 62
82 27 36
82 27 36
82 27 36
82 27 36
115 33 40
115 33 40
115 33 40
115 33 40
73 64 65
73 64 65
73 64 65
65 37 54
83 35 42
83 35 42
73 40 46
73 40 46
55 30 43
55 30 43
55 30 43
84 25 32
84 25 32
92 22 39
92 22 39
92 22 39
92 22 39
92 22 39
86 73 84
86 73 84
86 73 84
86 73 84
68 33 48
68 33 48
68 33 48
58 40 56
58 40 56
58 40 56
58 40 56
58 40 56
58 40 56
58 40 56
59 37 45
59 37 45
