137 587 233 220
101 20 69
101 20 69
101 20 69
108 54 66
108 54 66
108 54 66
74 33 62
74 33 62
74 33 62
74 33 62
69 33 61
69 33 61
69 33 61
71 31 64
71 31 64
71 31 64
38 30 32
38 30 32
38 30 32
38 30 32
38 30 32
108 37 47
108 37 47
100 36 41
100 36 41
99 39 79
99 39 79
99 39 79
99 39 79
99 39 79
99 39 79
83 22 55
99 36 49
99 36 49
83 22 56
83 22 56
66 44 52
66 44 52
66 44 52
120 29 69
120 29 69
120 29 69
101 50 90
101 50 90
101 50 90
101 50 90
58 39 54
58 39 54
58 39 54
58 39 54
58 39 54
88 58 64
88 58 64
88 58 64
88 58 64
88 58 64
82 46 52
82 46 52
82 46 52
82 46 52
63 53 63
63 53 63
63 53 63
63 53 63
82 60 67
82 60 67
82 60 67
82 60 67
89 29 69
89 29 69
84 34 68
84 34 68
84 34 68
84 34 68
52 40 49
52 40 49
52 40 49
52 40 49
89 56 75
89 56 75
89 56 75
48 39 44
48 39 44
48 39 44
48 39 44
53 21 27
53 21 27
53 21 27
99 43 52
99 43 52
97 60 67
97 60 67
97 60 67
65 44 48
65 44 48
101 55 69
101 55 69
101 55 69
99 31 79
99 31 79
99 31 79
99 31 79
99 52 55
99 52 55
99 52 55
99 52 55
117 33 92
117 33 92
117 33 92
117 33 92
117 33 92
94 23 60
94 23 60
115 23 95
115 23 95
115 23 95
88 56 76
88 56 76
88 56 76
88 56 76
92 24 79
92 24 79
92 24 79
79 39 61
79 39 61
79 39 61
92 54 75
92 54 75
92 54 75
92 54 75
50 29 43
50 29 43
50 29 43
50 29 43
50 29 43
50 29 43
50 29 43
