143 587 233 220
64 26 42
64 26 42
64 26 42
64 26 42
64 26 42
64 26 42
92 52 58
92 52 58
92 52 58
92 21 85
92 21 85
92 21 85
90 33 49
90 33 49
90 33 49
90 33 49
54 34 48
54 34 48
95 45 62
95 45 62
95 45 62
95 45 62
95 45 62
72 46 49
72 46 49
72 46 49
56 25 42
64 26 34
64 26 34
64 26 34
113 54 90
113 54 90
113 42 52
113 42 52
94 38 86
94 38 86
94 38 86
81 68 80
81 68 80
81 68 80
81 68 80
81 68 80
87 55 79
87 55 79
87 55 79
87 55 79
81 45 52
81 45 52
81 45 52
113 24 32
113 24 32
113 24 32
113 24 32
92 25 57
92 25 57
92 25 57
100 33 40
100 33 40
100 33 40
100 33 40
113 40 93
113 40 93
113 40 93
113 40 93
113 40 93
113 40 93
113 40 93
74 22 65
74 22 65
100 72 96
100 72 96
119 32 34
119 32 34
119 32 34
119 32 34
119 32 34
61 41 58
61 41 58
91 39 47
91 39 47
91 39 47
91 39 47
91 39 47
97 28 37
97 28 37
97 28 37
97 28 37
75 49 54
75 49 54
75 49 54
75 49 54
89 47 62
89 47 62
89 47 62
89 47 62
118 26 29
118 26 29
118 26 29
118 26 29
118 26 29
94 55 78
114 41 50
114 41 50
114 41 50
114 41 50
114 41 50
114 41 50
114 41 50
83 54 75
83 54 75
65 37 51
65 37 51
65 37 51
65 37 51
65 37 51
65 37 51
65 37 51
65 37 51
65 37 51
61 39 48
61 39 48
80 25 73
80 25 73
66 25 53
66 25 53
66 25 53
66 25 53
95 73 86
95 73 86
95 31 31
102 25 65
102 25 65
64 52 63
64 52 63
64 52 63
64 52 63
64 52 63
75 42 57
75 42 57
75 42 57
75 42 57
75 42 57
75 42 57
