131 587 233 220
74 32 60
74 32 60
74 32 60
74 32 60
100 43 50
100 43 50
95 42 74
95 42 74
95 42 74
95 42 74
95 30 70
45 24 37
45 24 37
45 24 37
67 25 60
67 25 60
67 25 60
67 25 60
55 35 51
55 35 51
76 61 71
76 61 71
76 61 71
76 61 71
119 51 88
119 51 88
119 51 88
98 26 81
98 26 81
98 26 81
86 61 69
117 30 54
117 30 54
117 30 54
117 30 54
117 30 54
117 30 54
117 30 54
117 30 54
117 30 54
96 24 40
96 24 40
96 24 40
96 24 40
54 41 52
89 41 61
89 41 61
89 41 61
82 71 81
82 71 81
82 71 81
82 71 81
97 49 53
97 49 53
74 35 72
74 35 72
74 35 72
74 35 72
74 35 72
83 47 77
83 47 77
83 47 77
83 47 77
80 45 48
80 45 48
102 55 56
102 55 56
102 55 56
102 55 56
63 30 61
63 30 61
63 30 61
70 42 67
99 80 93
78 25 60
78 25 60
46 26 45
78 21 42
78 21 42
78 21 42
84 37 46
84 37 46
84 37 46
84 37 46
84 37 46
65 30 63
65 30 63
65 30 63
65 30 63
65 30 63
74 37 45
74 37 45
74 37 45
67 30 58
67 30 58
67 30 58
67 30 58
113 75 79
113 75 79
113 75 79
113 75 79
113 75 79
113 75 79
113 75 79
69 27 63
69 27 63
66 63 66
66 63 66
66 63 66
66 63 66
66 63 66
108 21 31
108 21 31
113 28 85
113 28 85
113 28 85
113 28 85
113 28 85
113 28 85
99 37 73
99 37 73
99 37 73
99 37 73
99 37 73
53 30 48
53 30 48
53 30 48
53 30 48
51 35 50
64 42 60
64 42 60
