# MHKP instance for submodel V0 of Deplano et al. (2019)
# BINS:  length width height priority
# ITEMS: length width height
# beta (gcd of item sides) = 1
BINS
120 120 120 5.78703703704e-07
ITEMS
43 67 66
32 41 18
64 52 59
52 62 51
39 22 42
56 60 66
63 55 59
60 43 52
71 51 66
48 53 66
70 64 69
70 66 71
40 24 31
40 39 32
60 63 51
43 51 69
50 57 59
58 71 50
67 49 44
48 49 45
62 72 58
62 45 42
32 29 22
38 30 34
33 18 34
25 26 25
68 56 62
66 45 57
36 20 37
47 48 44
30 42 41
25 26 22
44 64 62
19 33 36
44 70 44
68 66 67
68 49 51
70 64 44
53 46 70
33 24 30
58 50 62
64 52 59
65 53 66
25 24 21
61 70 52
35 26 37
69 52 47
34 31 41
42 69 48
43 62 56
36 23 22
39 18 37
64 56 68
48 71 61
55 55 45
33 29 21
36 29 34
53 46 63
62 70 60
56 67 46
70 63 66
48 57 54
48 58 69
48 46 68
59 66 50
23 20 22
53 57 56
25 40 21
59 42 54
54 46 55
62 66 55
45 45 72
53 56 52
18 29 22
66 46 46
35 41 37
52 59 53
29 40 33
23 20 33
70 46 43
