# MHKP instance for submodel V0 of Deplano et al. (2019)
# BINS:  length width height priority
# ITEMS: length width height
# beta (gcd of item sides) = 1
BINS
120 120 120 5.78703703704e-07
ITEMS
36 32 39
68 52 66
42 53 49
60 70 55
61 67 50
64 63 50
37 35 40
60 62 49
45 69 44
68 66 71
66 49 69
29 20 23
72 67 66
19 33 41
28 40 31
51 53 42
31 32 34
69 45 43
61 66 71
60 71 43
67 59 55
57 67 69
53 62 47
57 50 55
64 60 64
54 62 59
42 57 49
20 36 24
35 26 19
47 66 72
61 57 55
49 46 44
61 49 71
70 50 49
27 42 27
65 70 69
72 47 57
47 47 70
47 68 63
63 44 62
67 64 48
32 26 28
63 50 59
59 45 61
31 23 35
18 41 35
33 18 41
52 61 65
65 72 67
50 60 66
59 48 44
54 52 70
58 44 44
34 22 30
48 45 46
45 46 59
59 53 48
65 47 48
52 58 56
29 38 38
23 35 30
66 47 46
52 58 46
69 51 53
56 62 53
55 49 64
42 36 19
19 25 42
72 61 51
56 51 63
65 43 71
50 62 67
22 36 42
45 56 65
70 71 43
21 37 24
51 42 52
37 29 18
71 54 69
42 49 62
