# MHKP instance for submodel V0 of Deplano et al. (2019)
# BINS:  length width height priority
# ITEMS: length width height
# beta (gcd of item sides) = 1
BINS
120 120 120 5.78703703704e-07
ITEMS
29 40 24
29 19 42
62 59 64
56 54 59
63 64 58
44 46 62
54 58 46
63 72 63
31 20 36
66 52 45
51 58 60
21 42 28
71 69 49
42 32 27
47 58 58
47 62 68
47 45 62
36 31 23
23 31 19
23 42 41
46 72 61
71 50 63
69 52 69
45 50 56
63 53 55
22 18 37
38 18 37
63 61 51
60 67 52
33 37 41
50 65 51
49 46 63
51 63 57
58 45 61
23 29 37
68 45 62
56 44 68
44 67 46
66 47 51
60 64 55
22 19 26
20 23 28
50 66 62
40 25 18
72 46 42
46 60 56
48 59 60
49 70 43
32 28 29
58 43 43
29 40 39
42 32 33
64 72 66
56 66 66
68 69 61
68 67 51
57 65 57
71 66 47
59 50 60
55 46 54
50 72 43
24 25 31
40 40 28
42 52 42
71 44 46
65 67 64
66 49 61
47 48 61
72 51 48
32 37 32
52 66 53
53 48 54
52 69 64
59 54 60
46 65 42
60 55 55
34 24 34
51 59 56
52 65 69
45 55 69
