# MHKP instance for submodel V0 of Deplano et al. (2019)
# BINS:  length width height priority
# ITEMS: length width height
# beta (gcd of item sides) = 1
BINS
120 120 120 5.78703703704e-07
ITEMS
64 70 54
42 18 32
67 60 52
36 31 20
71 71 57
54 46 69
22 21 21
66 43 52
36 33 28
47 44 55
35 41 29
22 40 32
36 27 33
54 61 45
51 49 53
46 62 67
68 69 56
63 56 52
54 64 47
62 62 54
67 44 65
28 36 39
27 37 39
34 36 36
27 30 35
58 68 60
59 60 63
53 67 62
54 62 43
59 71 42
42 70 50
49 57 42
56 47 62
46 72 68
57 65 57
33 38 27
41 21 25
36 38 42
52 56 59
23 37 39
70 72 58
31 37 33
52 62 43
55 43 48
47 68 70
48 53 46
58 50 65
50 71 54
36 29 21
41 19 38
57 44 51
48 68 63
38 20 33
52 49 54
48 42 53
19 30 41
28 19 34
60 65 51
69 49 64
54 52 58
63 61 51
72 61 55
55 61 58
19 23 41
35 32 42
67 51 50
28 21 25
32 20 30
72 62 49
26 36 37
72 64 56
64 54 72
23 27 20
59 64 45
59 66 50
27 20 31
41 20 18
19 27 40
63 72 67
61 59 47
