# MHKP instance for submodel V0 of Deplano et al. (2019)
# BINS:  length width height priority
# ITEMS: length width height
# beta (gcd of item sides) = 1
BINS
120 120 120 5.78703703704e-07
ITEMS
44 55 69
24 41 19
41 19 29
33 41 40
60 65 60
70 44 70
35 33 35
52 54 48
66 42 53
57 50 47
50 61 60
60 72 65
51 54 47
57 43 70
42 64 52
50 58 67
28 30 36
65 63 65
60 64 57
42 31 19
63 60 71
40 40 42
56 66 52
56 49 67
26 20 23
48 66 47
20 42 25
18 21 21
42 56 65
35 38 38
29 18 28
48 47 55
46 69 68
26 36 41
46 52 48
61 52 47
65 52 43
57 67 43
42 59 71
26 40 30
29 37 25
48 65 70
61 50 52
46 52 67
66 67 55
68 42 54
54 55 64
54 42 43
46 44 63
56 43 69
50 65 57
67 57 62
21 27 32
22 20 25
28 38 25
63 43 62
69 52 63
50 44 57
72 47 62
54 59 51
59 57 51
64 47 49
46 50 71
31 42 34
55 57 70
55 48 63
68 69 59
29 42 32
58 58 45
49 55 51
28 19 41
36 27 21
19 27 34
55 67 47
70 63 52
24 40 29
36 18 21
35 18 19
37 20 34
47 57 66
