# MHKP instance for submodel V0 of Deplano et al. (2019)
# BINS:  length width height priority
# ITEMS: length width height
# beta (gcd of item sides) = 1
BINS
120 120 120 5.78703703704e-07
ITEMS
54 44 49
58 48 61
42 57 64
42 68 49
65 50 68
34 22 35
61 68 60
65 69 48
55 47 59
44 62 47
60 68 62
63 59 49
49 61 63
71 50 63
71 62 46
68 62 48
46 43 71
49 57 72
72 66 65
30 38 23
67 54 45
68 70 62
42 70 42
70 57 51
57 44 66
53 48 43
20 32 20
72 69 67
43 52 42
47 64 72
42 23 31
72 54 67
45 70 61
72 62 52
56 45 70
29 38 26
27 33 42
70 67 46
44 60 44
26 23 21
39 21 39
22 39 42
46 66 52
60 48 46
56 58 54
31 28 20
56 52 59
59 60 51
37 41 35
65 70 65
52 56 56
69 65 58
57 71 42
38 25 19
30 24 20
19 27 31
43 62 62
54 59 71
53 67 44
63 55 61
57 70 50
26 23 22
54 47 64
43 60 72
44 56 63
53 48 72
70 42 50
20 23 33
55 63 71
63 57 69
56 48 52
25 37 35
57 48 66
70 46 48
45 72 68
55 69 52
63 51 47
42 21 22
66 53 58
47 45 56
