# MHKP instance for submodel V0 of Deplano et al. (2019)
# BINS:  length width height priority
# ITEMS: length width height
# beta (gcd of item sides) = 1
BINS
120 120 120 5.78703703704e-07
ITEMS
63 68 67
55 58 47
62 59 52
56 55 53
46 54 48
60 45 50
35 19 33
37 25 41
24 41 23
52 54 57
53 49 62
22 38 18
49 52 69
50 66 48
68 70 66
40 21 20
24 39 34
66 53 71
27 34 33
65 48 51
20 24 34
65 59 67
71 66 43
57 66 65
42 54 65
46 59 48
37 21 32
56 64 58
33 21 32
71 64 51
30 39 25
26 25 34
42 61 68
51 71 56
64 51 70
64 48 64
51 70 42
68 68 45
45 62 56
44 57 49
65 48 61
57 68 62
32 34 26
31 32 32
48 44 50
48 72 52
58 67 43
53 48 45
46 46 70
72 53 68
29 29 32
62 49 43
51 50 61
68 49 64
64 61 45
50 46 66
29 18 34
61 52 60
47 50 66
57 64 72
26 35 25
34 27 34
53 45 52
69 56 50
27 39 19
31 33 38
59 62 70
60 66 63
53 55 67
64 61 70
60 57 46
26 28 33
66 65 60
62 71 64
33 39 27
42 62 53
58 52 61
71 58 57
63 58 64
40 19 23
