# MHKP instance for submodel V0 of Deplano et al. (2019)
# BINS:  length width height priority
# ITEMS: length width height
# beta (gcd of item sides) = 1
BINS
120 120 120 5.78703703704e-07
ITEMS
31 35 19
44 68 52
67 62 50
67 58 49
71 62 48
49 72 67
51 53 65
58 67 64
53 67 65
27 27 32
46 71 72
72 44 69
48 63 68
54 43 62
46 48 64
19 21 30
51 53 53
67 46 65
56 62 55
55 59 66
47 62 72
36 29 33
39 21 26
35 34 37
68 56 42
50 66 47
67 45 51
38 27 28
64 47 49
36 36 33
41 24 21
42 42 55
51 51 65
45 71 54
38 30 34
44 44 59
46 48 47
70 62 42
23 41 36
55 64 46
59 50 53
69 45 43
60 68 72
72 72 49
41 33 31
54 49 43
47 61 55
42 64 44
42 24 31
70 72 48
53 54 67
71 65 58
45 45 68
46 47 53
32 18 35
44 61 71
54 55 46
62 72 53
70 54 43
29 39 35
59 65 57
28 28 37
72 70 55
46 58 45
51 64 63
36 42 34
46 42 44
28 32 28
70 64 63
53 55 50
21 34 29
59 51 67
59 43 47
46 69 64
61 42 64
64 59 53
68 60 52
39 28 40
42 56 43
39 29 24
