# MHKP instance for submodel V0 of Deplano et al. (2019)
# BINS:  length width height priority
# ITEMS: length width height
# beta (gcd of item sides) = 1
BINS
120 120 120 5.78703703704e-07
ITEMS
48 69 58
57 66 61
43 58 64
68 57 52
54 60 61
71 58 72
38 34 36
72 59 68
41 26 29
42 54 67
42 71 47
53 63 57
56 63 52
58 56 48
70 70 62
39 31 39
43 69 63
60 53 62
44 56 53
53 43 70
36 22 23
72 61 56
42 48 57
20 39 42
33 22 31
40 39 37
71 65 52
43 66 58
49 50 45
26 19 28
52 71 59
39 41 33
63 43 64
26 19 18
46 60 60
57 45 53
68 56 47
49 59 68
35 22 26
62 61 45
69 52 42
72 67 71
45 56 64
33 28 19
51 65 43
58 47 46
44 63 51
18 20 22
55 44 52
46 51 44
72 68 46
24 25 36
72 53 65
59 51 61
40 26 35
59 65 42
41 39 41
68 59 65
53 62 51
47 59 46
63 45 65
37 29 25
53 43 48
23 35 22
48 52 50
70 68 44
40 33 31
55 64 51
44 67 67
46 70 60
56 52 43
43 48 48
19 32 41
42 50 57
55 66 65
24 18 39
60 56 62
53 57 63
61 48 64
70 50 42
