# MHKP instance for submodel V0 of Deplano et al. (2019)
# BINS:  length width height priority
# ITEMS: length width height
# beta (gcd of item sides) = 1
BINS
120 120 120 5.78703703704e-07
ITEMS
51 63 42
18 38 42
41 19 31
50 57 72
26 38 39
31 39 28
51 67 58
43 52 56
64 46 48
57 67 60
23 27 22
50 49 59
58 48 68
53 69 71
19 18 19
67 71 48
39 30 36
60 63 52
39 40 30
45 67 53
59 55 62
27 18 36
59 69 45
35 26 20
33 27 23
47 66 44
37 28 36
55 43 63
46 45 71
51 64 62
52 48 63
69 56 42
43 43 65
21 20 29
49 69 54
26 26 29
64 57 55
55 72 55
44 69 67
26 32 27
26 31 39
30 41 34
50 66 54
44 59 71
20 18 21
71 52 64
51 56 70
55 70 55
68 68 48
53 66 49
71 52 43
59 61 67
33 32 18
36 20 40
56 44 70
53 70 67
45 63 63
65 50 55
50 42 58
52 55 63
66 59 65
64 42 72
66 47 72
63 67 51
72 64 51
58 52 62
54 52 72
69 72 55
71 56 49
56 63 62
29 27 19
59 65 67
48 72 66
38 39 19
72 63 47
35 24 24
36 18 22
47 62 53
44 66 69
65 48 71
