103 587 233 220
100 37 44
100 37 44
100 37 44
100 37 44
100 37 44
100 37 44
100 37 44
100 37 44
100 37 44
100 37 44
100 37 44
90 55 78
90 55 78
90 55 78
90 55 78
90 55 78
90 55 78
90 55 78
90 55 78
90 55 78
90 55 78
90 55 78
65 42 57
65 42 57
65 42 57
65 42 57
65 42 57
65 42 57
65 42 57
65 42 57
65 42 57
65 42 57
65 42 57
65 42 57
85 41 58
85 41 58
85 41 58
85 41 58
85 41 58
85 41 58
85 41 58
85 41 58
85 41 58
85 41 58
85 41 58
85 41 58
85 41 58
81 50 69
81 50 69
81 50 69
81 50 69
81 50 69
81 50 69
81 50 69
81 50 69
81 50 69
81 50 69
81 50 69
81 50 69
81 50 69
81 50 69
81 50 69
84 51 78
84 51 78
84 51 78
84 51 78
84 51 78
84 51 78
84 51 78
84 51 78
84 51 78
84 51 78
84 51 78
84 51 78
84 51 78
84 51 78
84 51 78
84 51 78
84 51 78
84 51 78
84 51 78
84 51 78
109 73 73
109 73 73
109 73 73
109 73 73
109 73 73
109 73 73
109 73 73
109 73 73
109 73 73
109 73 73
109 73 73
73 52 58
73 52 58
73 52 58
73 52 58
73 52 58
73 52 58
73 52 58
73 52 58
73 52 58
73 52 58
