86 587 233 220
72 35 49
72 35 49
72 35 49
72 35 49
72 35 49
72 35 49
72 35 49
72 35 49
72 35 49
72 35 49
72 35 49
72 35 49
75 47 66
75 47 66
75 47 66
75 47 66
75 47 66
75 47 66
75 47 66
75 47 66
78 22 30
78 22 30
78 22 30
78 22 30
78 22 30
78 22 30
78 22 30
78 22 30
78 22 30
78 22 30
78 22 30
119 79 79
119 79 79
119 79 79
119 79 79
119 79 79
119 79 79
119 79 79
119 79 79
119 79 79
119 79 79
119 79 79
119 79 79
119 79 79
119 79 79
119 79 79
76 62 65
76 62 65
76 62 65
76 62 65
76 62 65
76 62 65
76 62 65
76 62 65
76 62 65
76 62 65
76 62 65
76 62 65
76 62 65
76 62 65
76 62 65
119 65 81
119 65 81
119 65 81
119 65 81
119 65 81
119 65 81
119 65 81
119 65 81
119 65 81
119 65 81
91 36 77
91 36 77
91 36 77
91 36 77
91 36 77
113 27 89
113 27 89
113 27 89
113 27 89
113 27 89
113 27 89
113 27 89
113 27 89
113 27 89
113 27 89
