135 587 233 220
97 66 77
97 66 77
97 66 77
97 66 77
97 66 77
97 66 77
97 66 77
97 66 77
97 66 77
97 66 77
97 66 77
97 66 77
97 66 77
97 66 77
97 66 77
97 66 77
81 69 69
81 69 69
81 69 69
81 69 69
81 69 69
81 69 69
81 69 69
81 69 69
81 69 69
81 69 69
81 69 69
81 69 69
81 69 69
81 69 69
81 69 69
81 69 69
81 69 69
81 69 69
81 69 69
81 69 69
81 69 69
109 24 53
109 24 53
109 24 53
109 24 53
109 24 53
109 24 53
109 24 53
109 24 53
109 24 53
109 24 53
109 24 53
109 24 53
109 24 53
109 24 53
109 24 53
98 20 33
98 20 33
98 20 33
98 20 33
98 20 33
98 20 33
98 20 33
98 20 33
98 20 33
98 20 33
98 20 33
98 20 33
98 20 33
98 20 33
98 20 33
98 20 33
98 20 33
98 20 33
86 34 56
86 34 56
86 34 56
86 34 56
86 34 56
86 34 56
86 34 56
86 34 56
86 34 56
86 34 56
86 34 56
86 34 56
86 34 56
86 34 56
86 34 56
76 35 50
76 35 50
76 35 50
76 35 50
76 35 50
76 35 50
76 35 50
76 35 50
76 35 50
76 35 50
76 35 50
76 35 50
76 35 50
76 35 50
76 35 50
76 35 50
109 22 42
109 22 42
109 22 42
109 22 42
109 22 42
109 22 42
109 22 42
109 22 42
109 22 42
109 22 42
109 22 42
109 22 42
109 22 42
109 22 42
82 42 69
82 42 69
82 42 69
82 42 69
82 42 69
82 42 69
82 42 69
82 42 69
82 42 69
82 42 69
82 42 69
82 42 69
82 42 69
82 42 69
82 42 69
82 42 69
82 42 69
82 42 69
82 42 69
82 42 69
