130 587 233 220
84 23 81
84 23 81
84 23 81
84 23 81
84 23 81
84 23 81
84 23 81
84 23 81
84 23 81
84 23 81
84 23 81
84 23 81
84 23 81
115 64 72
115 64 72
115 64 72
115 64 72
115 64 72
115 64 72
115 64 72
115 64 72
115 64 72
115 64 72
115 64 72
115 64 72
115 64 72
115 64 72
115 64 72
115 64 72
115 64 72
115 64 72
115 64 72
115 64 72
77 25 49
77 25 49
77 25 49
77 25 49
77 25 49
77 25 49
77 25 49
77 25 49
77 25 49
77 25 49
77 25 49
77 25 49
77 25 49
77 25 49
77 25 49
77 25 49
40 22 37
40 22 37
40 22 37
40 22 37
40 22 37
40 22 37
40 22 37
40 22 37
97 46 96
97 46 96
97 46 96
97 46 96
97 46 96
97 46 96
97 46 96
97 46 96
97 46 96
97 46 96
97 46 96
97 46 96
97 46 96
97 46 96
97 46 96
97 46 96
97 46 96
95 25 43
95 25 43
95 25 43
95 25 43
95 25 43
95 25 43
95 25 43
95 25 43
95 25 43
95 25 43
95 25 43
95 25 43
95 25 43
90 28 69
90 28 69
90 28 69
90 28 69
90 28 69
90 28 69
90 28 69
90 28 69
90 28 69
90 28 69
90 28 69
90 28 69
90 28 69
90 28 69
90 28 69
90 28 69
90 28 69
90 28 69
90 28 69
90 28 69
90 28 69
90 28 69
56 49 51
56 49 51
56 49 51
56 49 51
56 49 51
56 49 51
56 49 51
56 49 51
56 49 51
56 49 51
56 49 51
56 49 51
56 49 51
56 49 51
56 49 51
56 49 51
56 49 51
56 49 51
56 49 51
56 49 51
56 49 51
