135 587 233 220
75 35 54
75 35 54
75 35 54
75 35 54
75 35 54
75 35 54
75 35 54
75 35 54
75 35 54
75 35 54
75 35 54
75 35 54
75 35 54
75 35 54
75 35 54
75 35 54
75 35 54
75 35 54
75 35 54
75 35 54
75 35 54
107 49 60
107 49 60
107 49 60
107 49 60
107 49 60
107 49 60
107 49 60
107 49 60
107 49 60
107 49 60
107 49 60
107 49 60
107 49 60
107 49 60
107 49 60
107 49 60
107 49 60
107 49 60
107 49 60
107 49 60
70 42 67
70 42 67
70 42 67
70 42 67
70 42 67
70 42 67
70 42 67
70 42 67
70 42 67
70 42 67
70 42 67
70 42 67
70 42 67
78 44 71
78 44 71
78 44 71
78 44 71
78 44 71
78 44 71
78 44 71
78 44 71
78 44 71
78 44 71
78 44 71
78 44 71
78 27 61
78 27 61
78 27 61
78 27 61
78 27 61
78 27 61
78 27 61
78 27 61
78 27 61
78 27 61
78 27 61
78 27 61
78 27 61
78 27 61
78 27 61
78 27 61
78 27 61
78 27 61
78 27 61
78 27 61
78 48 73
78 48 73
78 48 73
78 48 73
78 48 73
78 48 73
78 48 73
78 48 73
78 48 73
78 48 73
78 48 73
78 48 73
78 48 73
78 48 73
78 48 73
78 48 73
78 48 73
78 48 73
78 48 73
78 48 73
109 32 87
109 32 87
109 32 87
109 32 87
109 32 87
109 32 87
109 32 87
109 32 87
109 32 87
109 32 87
109 32 87
109 32 87
109 32 87
91 25 87
91 25 87
91 25 87
91 25 87
91 25 87
91 25 87
91 25 87
91 25 87
91 25 87
91 25 87
91 25 87
91 25 87
91 25 87
91 25 87
91 25 87
91 25 87
