120 587 233 220
118 47 66
118 47 66
118 47 66
118 47 66
118 47 66
118 47 66
118 47 66
118 47 66
118 47 66
118 47 66
118 47 66
118 47 66
118 47 66
118 47 66
99 25 56
99 25 56
99 25 56
99 25 56
99 25 56
99 25 56
99 25 56
99 25 56
99 25 56
99 25 56
99 25 56
99 25 56
99 25 56
99 25 56
99 25 56
99 25 56
99 25 56
99 25 56
99 25 56
91 48 83
91 48 83
91 48 83
91 48 83
91 48 83
91 48 83
91 48 83
91 48 83
91 48 83
91 48 83
91 48 83
91 48 83
91 48 83
91 48 83
104 40 66
104 40 66
104 40 66
104 40 66
104 40 66
104 40 66
104 40 66
104 40 66
104 40 66
104 40 66
104 40 66
104 40 66
104 40 66
104 40 66
104 40 66
75 33 60
75 33 60
75 33 60
75 33 60
75 33 60
75 33 60
75 33 60
75 33 60
75 33 60
75 33 60
75 33 60
75 33 60
75 33 60
75 33 60
113 60 78
113 60 78
113 60 78
113 60 78
113 60 78
113 60 78
113 60 78
113 60 78
113 60 78
113 60 78
113 60 78
113 60 78
113 60 78
113 60 78
113 60 78
113 60 78
113 60 78
36 29 36
36 29 36
36 29 36
36 29 36
36 29 36
36 29 36
36 29 36
36 29 36
36 29 36
36 29 36
36 29 36
36 29 36
56 40 48
56 40 48
56 40 48
56 40 48
56 40 48
56 40 48
56 40 48
56 40 48
56 40 48
56 40 48
56 40 48
56 40 48
56 40 48
56 40 48
56 40 48
