161 587 233 220
64 32 53
64 32 53
64 32 53
64 32 53
64 32 53
64 32 53
64 32 53
64 32 53
64 32 53
64 32 53
64 32 53
64 32 53
64 32 53
64 32 53
64 32 53
64 32 53
64 32 53
64 32 53
64 32 53
64 32 53
64 32 53
64 32 53
64 32 53
51 28 42
51 28 42
51 28 42
51 28 42
51 28 42
51 28 42
51 28 42
51 28 42
51 28 42
51 28 42
51 28 42
51 28 42
51 28 42
51 28 42
51 28 42
51 28 42
51 28 42
51 28 42
51 28 42
51 28 42
49 30 32
49 30 32
49 30 32
49 30 32
49 30 32
49 30 32
49 30 32
49 30 32
49 30 32
49 30 32
49 30 32
49 30 32
49 30 32
49 30 32
49 30 32
49 30 32
49 30 32
49 30 32
49 30 32
49 30 32
49 30 32
49 30 32
49 30 32
49 30 32
109 59 68
109 59 68
109 59 68
109 59 68
109 59 68
109 59 68
109 59 68
109 59 68
109 59 68
109 59 68
109 59 68
109 59 68
109 59 68
109 59 68
109 59 68
66 32 43
66 32 43
66 32 43
66 32 43
66 32 43
66 32 43
66 32 43
66 32 43
66 32 43
66 32 43
66 32 43
66 32 43
66 32 43
66 32 43
66 32 43
66 32 43
66 32 43
66 32 43
66 32 43
66 32 43
66 32 43
120 47 71
120 47 71
120 47 71
120 47 71
120 47 71
120 47 71
120 47 71
120 47 71
120 47 71
120 47 71
120 47 71
120 47 71
120 47 71
120 47 71
120 47 71
120 47 71
120 47 71
120 47 71
120 47 71
120 47 71
120 47 71
109 41 57
109 41 57
109 41 57
109 41 57
109 41 57
109 41 57
109 41 57
109 41 57
109 41 57
109 41 57
109 41 57
109 41 57
109 41 57
109 41 57
109 41 57
109 41 57
109 41 57
109 41 57
109 41 57
100 28 70
100 28 70
100 28 70
100 28 70
100 28 70
100 28 70
100 28 70
100 28 70
100 28 70
100 28 70
100 28 70
100 28 70
100 28 70
100 28 70
100 28 70
100 28 70
100 28 70
100 28 70
