131 587 233 220
40 21 36
40 21 36
40 21 36
40 21 36
40 21 36
40 21 36
40 21 36
40 21 36
40 21 36
40 21 36
40 21 36
40 21 36
40 21 36
40 21 36
76 31 45
76 31 45
76 31 45
76 31 45
76 31 45
76 31 45
76 31 45
76 31 45
76 31 45
76 31 45
76 31 45
76 31 45
76 31 45
76 31 45
76 31 45
63 51 54
63 51 54
63 51 54
63 51 54
63 51 54
63 51 54
63 51 54
63 51 54
63 51 54
63 51 54
63 51 54
63 51 54
63 51 54
63 51 54
63 51 54
63 51 54
63 51 54
63 51 54
63 51 54
63 51 54
114 69 77
114 69 77
114 69 77
114 69 77
114 69 77
114 69 77
114 69 77
114 69 77
114 69 77
114 69 77
114 69 77
114 69 77
114 69 77
114 69 77
114 69 77
114 69 77
114 69 77
95 53 57
95 53 57
95 53 57
95 53 57
95 53 57
95 53 57
95 53 57
95 53 57
95 53 57
95 53 57
95 53 57
95 53 57
95 53 57
95 53 57
95 53 57
95 53 57
95 53 57
95 53 57
95 53 57
95 53 57
92 20 36
92 20 36
92 20 36
92 20 36
92 20 36
92 20 36
92 20 36
92 20 36
92 20 36
92 20 36
92 20 36
92 20 36
92 20 36
92 20 36
90 47 84
90 47 84
90 47 84
90 47 84
90 47 84
90 47 84
90 47 84
90 47 84
90 47 84
90 47 84
90 47 84
90 47 84
90 47 84
90 47 84
90 47 84
84 24 69
84 24 69
84 24 69
84 24 69
84 24 69
84 24 69
84 24 69
84 24 69
84 24 69
84 24 69
84 24 69
84 24 69
84 24 69
84 24 69
84 24 69
84 24 69
