111 587 233 220
41 26 39
41 26 39
41 26 39
41 26 39
41 26 39
41 26 39
41 26 39
41 26 39
41 26 39
41 26 39
41 26 39
41 26 39
41 26 39
41 26 39
41 26 39
41 26 39
41 26 39
110 34 40
110 34 40
110 34 40
110 34 40
110 34 40
110 34 40
110 34 40
110 34 40
110 34 40
110 34 40
110 34 40
94 52 77
94 52 77
94 52 77
94 52 77
94 52 77
94 52 77
94 52 77
94 52 77
94 52 77
94 52 77
119 71 96
119 71 96
119 71 96
119 71 96
119 71 96
119 71 96
119 71 96
119 71 96
119 71 96
119 71 96
119 71 96
119 71 96
119 71 96
119 71 96
119 71 96
119 71 96
119 71 96
119 71 96
119 71 96
119 71 96
119 71 96
67 47 63
67 47 63
67 47 63
67 47 63
67 47 63
67 47 63
67 47 63
67 47 63
67 47 63
67 47 63
67 47 63
67 47 63
67 47 63
67 47 63
67 47 63
67 47 63
61 31 43
61 31 43
61 31 43
61 31 43
61 31 43
61 31 43
61 31 43
61 31 43
61 31 43
61 31 43
61 31 43
72 35 53
72 35 53
72 35 53
72 35 53
72 35 53
72 35 53
72 35 53
72 35 53
72 35 53
72 35 53
64 38 38
64 38 38
64 38 38
64 38 38
64 38 38
64 38 38
64 38 38
64 38 38
64 38 38
64 38 38
64 38 38
64 38 38
64 38 38
64 38 38
64 38 38
