232 587 233 220
89 45 56
89 45 56
89 45 56
89 45 56
89 45 56
89 45 56
89 45 56
89 45 56
89 45 56
89 45 56
89 45 56
89 45 56
89 45 56
89 45 56
89 45 56
89 45 56
89 45 56
89 45 56
89 45 56
89 45 56
89 45 56
89 45 56
89 45 56
89 45 56
89 45 56
89 45 56
89 45 56
89 45 56
89 45 56
89 45 56
89 45 56
89 45 56
89 45 56
89 45 56
89 45 56
89 45 56
53 34 37
53 34 37
53 34 37
53 34 37
53 34 37
53 34 37
53 34 37
53 34 37
53 34 37
53 34 37
53 34 37
53 34 37
53 34 37
53 34 37
53 34 37
53 34 37
53 34 37
53 34 37
53 34 37
53 34 37
53 34 37
53 34 37
53 34 37
53 34 37
53 34 37
53 34 37
53 34 37
53 34 37
54 25 35
54 25 35
54 25 35
54 25 35
54 25 35
54 25 35
54 25 35
54 25 35
54 25 35
54 25 35
54 25 35
54 25 35
54 25 35
54 25 35
54 25 35
54 25 35
54 25 35
54 25 35
54 25 35
54 25 35
54 25 35
54 25 35
54 25 35
54 25 35
54 25 35
54 25 35
54 25 35
54 25 35
54 25 35
54 25 35
54 25 35
73 33 39
73 33 39
73 33 39
73 33 39
73 33 39
73 33 39
73 33 39
73 33 39
73 33 39
73 33 39
73 33 39
73 33 39
73 33 39
73 33 39
73 33 39
73 33 39
73 33 39
73 33 39
73 33 39
73 33 39
73 33 39
73 33 39
73 33 39
73 33 39
73 33 39
73 33 39
73 33 39
73 33 39
73 33 39
73 33 39
73 33 39
73 33 39
73 33 39
73 38 39
73 38 39
73 38 39
73 38 39
73 38 39
73 38 39
73 38 39
73 38 39
73 38 39
73 38 39
73 38 39
73 38 39
73 38 39
73 38 39
73 38 39
73 38 39
73 38 39
73 38 39
73 38 39
73 38 39
50 29 42
50 29 42
50 29 42
50 29 42
50 29 42
50 29 42
50 29 42
50 29 42
50 29 42
50 29 42
50 29 42
50 29 42
50 29 42
50 29 42
50 29 42
50 29 42
50 29 42
50 29 42
50 29 42
50 29 42
50 29 42
50 29 42
50 29 42
50 29 42
50 29 42
50 29 42
50 29 42
50 29 42
50 29 42
50 29 42
50 29 42
62 54 59
62 54 59
62 54 59
62 54 59
62 54 59
62 54 59
62 54 59
62 54 59
62 54 59
62 54 59
62 54 59
62 54 59
62 54 59
62 54 59
62 54 59
62 54 59
62 54 59
62 54 59
62 54 59
62 54 59
62 54 59
62 54 59
62 54 59
62 54 59
62 54 59
98 44 53
98 44 53
98 44 53
98 44 53
98 44 53
98 44 53
98 44 53
98 44 53
98 44 53
98 44 53
98 44 53
98 44 53
98 44 53
98 44 53
98 44 53
98 44 53
98 44 53
98 44 53
98 44 53
98 44 53
98 44 53
98 44 53
98 44 53
98 44 53
98 44 53
98 44 53
98 44 53
98 44 53
