86 587 233 220
85 62 77
85 62 77
85 62 77
85 62 77
85 62 77
85 62 77
85 62 77
85 62 77
85 62 77
85 62 77
94 32 63
94 32 63
94 32 63
94 32 63
94 32 63
94 32 63
94 32 63
83 45 75
83 45 75
83 45 75
83 45 75
83 45 75
83 45 75
83 45 75
83 45 75
83 45 75
83 45 75
83 45 75
95 54 95
95 54 95
95 54 95
95 54 95
95 54 95
95 54 95
95 54 95
95 54 95
95 54 95
95 54 95
95 54 95
95 54 95
95 54 95
95 54 95
95 54 95
76 30 76
76 30 76
76 30 76
76 30 76
76 30 76
76 30 76
76 30 76
76 30 76
76 30 76
76 30 76
113 44 66
113 44 66
113 44 66
113 44 66
113 44 66
113 44 66
113 44 66
113 44 66
113 44 66
113 44 66
113 44 66
108 61 71
108 61 71
108 61 71
108 61 71
108 61 71
108 61 71
108 61 71
108 61 71
108 61 71
108 61 71
108 61 71
108 61 71
108 61 71
108 61 71
118 37 62
118 37 62
118 37 62
118 37 62
118 37 62
118 37 62
118 37 62
118 37 62
