92 587 233 220
82 71 80
82 71 80
82 71 80
82 71 80
82 71 80
82 71 80
82 71 80
82 71 80
82 71 80
82 71 80
82 71 80
66 27 37
66 27 37
66 27 37
66 27 37
66 27 37
77 31 76
77 31 76
77 31 76
77 31 76
77 31 76
77 31 76
77 31 76
77 31 76
77 31 76
77 31 76
77 31 76
77 31 76
100 38 56
100 38 56
100 38 56
100 38 56
100 38 56
100 38 56
100 38 56
100 38 56
100 38 56
100 38 56
100 38 56
100 38 56
100 38 56
100 38 56
93 67 86
93 67 86
93 67 86
93 67 86
93 67 86
93 67 86
93 67 86
93 67 86
93 67 86
93 67 86
93 67 86
89 30 76
89 30 76
89 30 76
89 30 76
89 30 76
89 30 76
89 30 76
89 30 76
89 30 76
89 30 76
89 30 76
89 30 76
98 67 90
98 67 90
98 67 90
98 67 90
98 67 90
98 67 90
98 67 90
98 67 90
98 67 90
98 67 90
98 67 90
98 67 90
98 67 90
98 67 90
87 42 52
87 42 52
87 42 52
87 42 52
87 42 52
87 42 52
87 42 52
87 42 52
87 42 52
87 42 52
87 42 52
87 42 52
87 42 52
