147 587 233 220
63 31 55
63 31 55
63 31 55
63 31 55
63 31 55
63 31 55
63 31 55
63 31 55
63 31 55
63 31 55
63 31 55
63 31 55
63 31 55
63 31 55
120 23 43
120 23 43
120 23 43
120 23 43
120 23 43
120 23 43
120 23 43
120 23 43
120 23 43
120 23 43
120 23 43
120 23 43
120 23 43
120 23 43
120 23 43
120 23 43
120 23 43
120 23 43
120 23 43
120 23 43
97 57 72
97 57 72
97 57 72
97 57 72
97 57 72
97 57 72
97 57 72
97 57 72
97 57 72
97 57 72
97 57 72
97 57 72
97 57 72
97 57 72
97 57 72
97 57 72
97 57 72
97 57 72
97 57 72
97 57 72
97 57 72
97 57 72
97 57 72
97 57 72
97 57 72
97 57 72
97 57 72
77 42 76
77 42 76
77 42 76
77 42 76
77 42 76
77 42 76
77 42 76
77 42 76
77 42 76
77 42 76
77 42 76
77 42 76
77 42 76
77 42 76
93 20 74
93 20 74
93 20 74
93 20 74
93 20 74
93 20 74
93 20 74
93 20 74
93 20 74
93 20 74
93 20 74
93 20 74
93 20 74
93 20 74
93 20 74
93 20 74
93 20 74
93 20 74
93 20 74
65 43 63
65 43 63
65 43 63
65 43 63
65 43 63
65 43 63
65 43 63
65 43 63
65 43 63
65 43 63
65 43 63
65 43 63
65 43 63
108 40 71
108 40 71
108 40 71
108 40 71
108 40 71
108 40 71
108 40 71
108 40 71
108 40 71
108 40 71
108 40 71
108 40 71
108 40 71
108 40 71
108 40 71
108 40 71
108 40 71
108 40 71
79 21 36
79 21 36
79 21 36
79 21 36
79 21 36
79 21 36
79 21 36
79 21 36
79 21 36
79 21 36
79 21 36
79 21 36
79 21 36
79 21 36
79 21 36
79 21 36
79 21 36
79 21 36
79 21 36
79 21 36
79 21 36
79 21 36
