148 587 233 220
118 42 54
118 42 54
118 42 54
118 42 54
118 42 54
118 42 54
118 42 54
118 42 54
118 42 54
118 42 54
118 42 54
118 42 54
118 42 54
112 20 95
112 20 95
112 20 95
112 20 95
112 20 95
112 20 95
112 20 95
112 20 95
112 20 95
112 20 95
112 20 95
112 20 95
112 20 95
112 20 95
112 20 95
112 20 95
112 20 95
112 20 95
112 20 95
112 20 95
112 20 95
118 37 38
118 37 38
118 37 38
118 37 38
118 37 38
118 37 38
118 37 38
118 37 38
118 37 38
118 37 38
118 37 38
118 37 38
118 37 38
118 37 38
118 37 38
118 37 38
118 37 38
118 37 38
118 37 38
118 37 38
76 38 38
76 38 38
76 38 38
76 38 38
76 38 38
76 38 38
76 38 38
76 38 38
76 38 38
76 38 38
76 38 38
76 38 38
76 38 38
76 38 38
76 38 38
76 38 38
76 38 38
76 38 38
76 38 38
100 34 56
100 34 56
100 34 56
100 34 56
100 34 56
100 34 56
100 34 56
100 34 56
100 34 56
100 34 56
100 34 56
100 34 56
100 34 56
100 34 56
100 34 56
100 34 56
100 34 56
100 34 56
100 34 56
100 50 73
100 50 73
100 50 73
100 50 73
100 50 73
100 50 73
100 50 73
100 50 73
100 50 73
100 50 73
100 50 73
100 50 73
100 50 73
100 50 73
100 50 73
100 50 73
100 50 73
100 50 73
100 50 73
100 50 73
75 36 58
75 36 58
75 36 58
75 36 58
75 36 58
75 36 58
75 36 58
75 36 58
75 36 58
75 36 58
75 36 58
75 36 58
75 36 58
75 36 58
75 36 58
75 36 58
75 36 58
75 36 58
75 36 58
76 41 51
76 41 51
76 41 51
76 41 51
76 41 51
76 41 51
76 41 51
76 41 51
76 41 51
76 41 51
76 41 51
76 41 51
76 41 51
76 41 51
76 41 51
76 41 51
76 41 51
