136 587 233 220
60 32 40
60 32 40
60 32 40
60 32 40
60 32 40
60 32 40
60 32 40
60 32 40
60 32 40
60 32 40
60 32 40
60 32 40
60 32 40
60 32 40
60 32 40
60 32 40
98 55 75
98 55 75
98 55 75
98 55 75
98 55 75
98 55 75
98 55 75
98 55 75
98 55 75
98 55 75
98 55 75
98 55 75
98 55 75
98 55 75
98 55 75
98 55 75
98 55 75
98 55 75
98 55 75
98 55 75
98 55 75
98 55 75
98 55 75
60 39 59
60 39 59
60 39 59
60 39 59
60 39 59
60 39 59
60 39 59
60 39 59
60 39 59
60 39 59
60 39 59
60 39 59
60 39 59
60 39 59
60 39 59
60 39 59
60 39 59
60 39 59
81 40 56
81 40 56
81 40 56
81 40 56
81 40 56
81 40 56
81 40 56
81 40 56
81 40 56
81 40 56
81 40 56
81 40 56
81 40 56
81 40 56
119 25 34
119 25 34
119 25 34
119 25 34
119 25 34
119 25 34
119 25 34
119 25 34
119 25 34
119 25 34
107 42 61
107 42 61
107 42 61
107 42 61
107 42 61
107 42 61
107 42 61
107 42 61
107 42 61
107 42 61
107 42 61
107 42 61
107 42 61
107 42 61
107 42 61
107 42 61
107 42 61
107 42 61
107 42 61
108 20 85
108 20 85
108 20 85
108 20 85
108 20 85
108 20 85
108 20 85
108 20 85
108 20 85
108 20 85
108 20 85
108 20 85
108 20 85
108 20 85
108 20 85
108 20 85
108 20 85
108 20 85
108 20 85
108 20 85
97 45 66
97 45 66
97 45 66
97 45 66
97 45 66
97 45 66
97 45 66
97 45 66
97 45 66
97 45 66
97 45 66
97 45 66
97 45 66
97 45 66
97 45 66
97 45 66
