178 587 233 220
99 23 68
99 23 68
99 23 68
99 23 68
99 23 68
99 23 68
99 23 68
99 23 68
99 23 68
99 23 68
99 23 68
99 23 68
99 23 68
99 23 68
99 23 68
99 23 68
99 23 68
99 23 68
99 23 68
99 23 68
99 23 68
99 23 68
99 23 68
99 23 68
99 23 68
99 23 68
99 23 68
99 23 68
99 23 68
68 40 52
68 40 52
68 40 52
68 40 52
68 40 52
68 40 52
68 40 52
68 40 52
68 40 52
68 40 52
68 40 52
68 40 52
68 40 52
68 40 52
68 40 52
68 40 52
68 40 52
68 40 52
68 40 52
68 40 52
68 40 52
68 40 52
68 40 52
68 40 52
68 40 52
101 61 66
101 61 66
101 61 66
101 61 66
101 61 66
101 61 66
101 61 66
101 61 66
101 61 66
101 61 66
101 61 66
101 61 66
101 61 66
101 61 66
101 61 66
101 61 66
101 61 66
101 61 66
101 61 66
101 61 66
101 61 66
57 22 56
57 22 56
57 22 56
57 22 56
57 22 56
57 22 56
57 22 56
57 22 56
57 22 56
57 22 56
57 22 56
57 22 56
57 22 56
57 22 56
57 22 56
57 22 56
57 22 56
57 22 56
57 22 56
57 22 56
57 22 56
57 22 56
57 22 56
57 22 56
57 22 56
81 47 54
81 47 54
81 47 54
81 47 54
81 47 54
81 47 54
81 47 54
81 47 54
81 47 54
81 47 54
81 47 54
81 47 54
81 47 54
81 47 54
81 47 54
81 47 54
81 47 54
81 47 54
81 47 54
81 47 54
81 47 54
81 47 54
81 47 54
81 47 54
81 47 54
81 47 54
81 47 54
81 47 54
81 47 54
86 25 34
86 25 34
86 25 34
86 25 34
86 25 34
86 25 34
86 25 34
86 25 34
86 25 34
86 25 34
86 25 34
86 25 34
86 25 34
86 25 34
86 25 34
54 27 46
54 27 46
54 27 46
54 27 46
54 27 46
54 27 46
54 27 46
54 27 46
54 27 46
54 27 46
54 27 46
54 27 46
54 27 46
54 27 46
54 27 46
54 27 46
54 27 46
54 27 46
95 34 65
95 34 65
95 34 65
95 34 65
95 34 65
95 34 65
95 34 65
95 34 65
95 34 65
95 34 65
95 34 65
95 34 65
95 34 65
95 34 65
95 34 65
95 34 65
