118 587 233 220
85 40 73
85 40 73
85 40 73
85 40 73
85 40 73
85 40 73
85 40 73
85 40 73
85 40 73
85 40 73
85 40 73
73 54 62
73 54 62
73 54 62
73 54 62
73 54 62
73 54 62
73 54 62
73 54 62
73 54 62
73 54 62
73 54 62
73 54 62
90 41 63
90 41 63
90 41 63
90 41 63
90 41 63
90 41 63
90 41 63
90 41 63
90 41 63
90 41 63
90 41 63
90 41 63
90 41 63
90 41 63
90 41 63
90 41 63
90 41 63
90 41 63
75 24 61
75 24 61
75 24 61
75 24 61
75 24 61
75 24 61
75 24 61
75 24 61
75 24 61
75 24 61
75 24 61
75 24 61
75 24 61
75 24 61
75 24 61
57 44 53
57 44 53
57 44 53
57 44 53
57 44 53
57 44 53
57 44 53
57 44 53
57 44 53
57 44 53
57 44 53
93 45 70
93 45 70
93 45 70
93 45 70
93 45 70
93 45 70
93 45 70
93 45 70
93 45 70
93 45 70
93 45 70
93 45 70
93 45 70
93 45 70
93 45 70
93 45 70
93 45 70
73 33 36
73 33 36
73 33 36
73 33 36
73 33 36
73 33 36
73 33 36
73 33 36
73 33 36
73 33 36
73 33 36
73 33 36
73 33 36
73 33 36
73 33 36
95 75 80
95 75 80
95 75 80
95 75 80
95 75 80
95 75 80
95 75 80
95 75 80
95 75 80
95 75 80
95 75 80
95 75 80
95 75 80
95 75 80
95 75 80
95 75 80
95 75 80
95 75 80
95 75 80
