90 587 233 220
109 64 68
109 64 68
109 64 68
109 64 68
109 64 68
109 64 68
109 64 68
109 64 68
84 55 58
84 55 58
84 55 58
84 55 58
84 55 58
84 55 58
84 55 58
84 55 58
84 55 58
84 55 58
96 24 83
96 24 83
96 24 83
96 24 83
96 24 83
96 24 83
96 24 83
96 24 83
96 24 83
96 24 83
96 24 83
96 24 83
96 24 83
96 24 83
74 37 67
74 37 67
74 37 67
74 37 67
74 37 67
74 37 67
107 70 73
107 70 73
107 70 73
107 70 73
107 70 73
107 70 73
107 70 73
107 70 73
107 70 73
107 70 73
80 54 73
80 54 73
80 54 73
80 54 73
80 54 73
80 54 73
80 54 73
80 54 73
80 54 73
80 54 73
80 54 73
80 54 73
72 33 41
72 33 41
72 33 41
72 33 41
72 33 41
72 33 41
72 33 41
72 33 41
72 33 41
72 33 41
72 33 41
84 74 79
84 74 79
84 74 79
84 74 79
84 74 79
84 74 79
84 74 79
84 74 79
84 74 79
84 74 79
84 74 79
84 74 79
84 74 79
84 74 79
84 74 79
84 74 79
84 74 79
84 74 79
84 74 79
