124 587 233 220
82 59 76
82 59 76
82 59 76
82 59 76
82 59 76
82 59 76
82 59 76
82 59 76
82 59 76
82 59 76
82 59 76
82 59 76
82 59 76
82 59 76
82 59 76
82 59 76
82 59 76
60 50 51
60 50 51
60 50 51
60 50 51
60 50 51
60 50 51
60 50 51
60 50 51
60 50 51
104 61 66
104 61 66
104 61 66
104 61 66
104 61 66
104 61 66
104 61 66
104 61 66
104 61 66
104 61 66
104 61 66
104 61 66
71 28 36
71 28 36
71 28 36
71 28 36
71 28 36
71 28 36
71 28 36
71 28 36
71 28 36
71 28 36
71 28 36
71 28 36
71 28 36
71 28 36
71 28 36
71 28 36
89 26 77
89 26 77
89 26 77
89 26 77
89 26 77
89 26 77
89 26 77
89 26 77
89 26 77
89 26 77
89 26 77
89 26 77
89 26 77
89 26 77
89 26 77
89 26 77
89 26 77
89 26 77
89 26 77
89 26 77
108 66 84
108 66 84
108 66 84
108 66 84
108 66 84
108 66 84
108 66 84
108 66 84
108 66 84
108 66 84
108 66 84
108 66 84
108 66 84
108 66 84
90 45 51
90 45 51
90 45 51
90 45 51
90 45 51
90 45 51
90 45 51
90 45 51
90 45 51
90 45 51
90 45 51
90 45 51
90 45 51
48 33 35
48 33 35
48 33 35
48 33 35
48 33 35
48 33 35
48 33 35
48 33 35
48 33 35
48 33 35
48 33 35
48 33 35
48 33 35
48 33 35
48 33 35
48 33 35
48 33 35
48 33 35
48 33 35
48 33 35
48 33 35
48 33 35
48 33 35
