169 587 233 220
119 38 41
119 38 41
119 38 41
119 38 41
119 38 41
119 38 41
119 38 41
119 38 41
119 38 41
119 38 41
119 38 41
119 38 41
119 38 41
119 38 41
119 38 41
119 38 41
119 38 41
119 38 41
119 38 41
119 38 41
90 35 44
90 35 44
90 35 44
90 35 44
90 35 44
90 35 44
90 35 44
90 35 44
90 35 44
90 35 44
90 35 44
90 35 44
90 35 44
67 27 55
67 27 55
67 27 55
67 27 55
67 27 55
67 27 55
67 27 55
67 27 55
67 27 55
67 27 55
67 27 55
67 27 55
67 27 55
67 27 55
67 27 55
67 27 55
67 27 55
71 36 47
71 36 47
71 36 47
71 36 47
71 36 47
71 36 47
71 36 47
71 36 47
71 36 47
71 36 47
71 36 47
71 36 47
71 36 47
71 36 47
71 36 47
71 36 47
71 36 47
71 36 47
71 36 47
71 36 47
71 36 47
90 51 55
90 51 55
90 51 55
90 51 55
90 51 55
90 51 55
90 51 55
90 51 55
90 51 55
90 51 55
90 51 55
90 51 55
90 51 55
90 51 55
90 51 55
90 51 55
90 51 55
90 51 55
90 51 55
90 51 55
90 51 55
90 51 55
90 51 55
90 51 55
90 51 55
90 51 55
90 51 55
87 40 68
87 40 68
87 40 68
87 40 68
87 40 68
87 40 68
87 40 68
87 40 68
87 40 68
87 40 68
87 40 68
87 40 68
87 40 68
87 40 68
87 40 68
87 40 68
87 40 68
87 40 68
87 40 68
87 36 53
87 36 53
87 36 53
87 36 53
87 36 53
87 36 53
87 36 53
87 36 53
87 36 53
87 36 53
87 36 53
87 36 53
87 36 53
87 36 53
87 36 53
87 36 53
87 36 53
87 36 53
87 36 53
87 36 53
87 36 53
87 36 53
87 36 53
87 36 53
87 36 53
87 36 53
113 34 47
113 34 47
113 34 47
113 34 47
113 34 47
113 34 47
113 34 47
113 34 47
113 34 47
113 34 47
113 34 47
113 34 47
113 34 47
113 34 47
113 34 47
113 34 47
113 34 47
113 34 47
113 34 47
113 34 47
113 34 47
113 34 47
113 34 47
113 34 47
113 34 47
113 34 47
