162 587 233 220
91 32 50
91 32 50
91 32 50
91 32 50
91 32 50
91 32 50
91 32 50
91 32 50
91 32 50
91 32 50
91 32 50
91 32 50
91 32 50
91 32 50
91 32 50
91 32 50
91 32 50
91 32 50
91 32 50
91 32 50
91 32 50
91 32 50
91 32 50
91 32 50
91 32 50
91 32 50
91 32 50
118 40 66
118 40 66
118 40 66
118 40 66
118 40 66
118 40 66
118 40 66
118 40 66
118 40 66
118 40 66
118 40 66
118 40 66
118 40 66
118 40 66
118 40 66
118 40 66
118 40 66
118 40 66
75 32 69
75 32 69
75 32 69
75 32 69
75 32 69
75 32 69
75 32 69
75 32 69
75 32 69
75 32 69
75 32 69
75 32 69
75 32 69
75 32 69
75 32 69
75 32 69
75 32 69
75 32 69
75 32 69
75 32 69
75 32 69
81 32 73
81 32 73
81 32 73
81 32 73
81 32 73
81 32 73
81 32 73
81 32 73
81 32 73
81 32 73
81 32 73
81 32 73
81 32 73
81 32 73
81 32 73
81 32 73
81 32 73
81 32 73
81 32 73
81 32 73
97 33 69
97 33 69
97 33 69
97 33 69
97 33 69
97 33 69
97 33 69
97 33 69
97 33 69
97 33 69
97 33 69
97 33 69
97 33 69
97 33 69
97 33 69
97 33 69
97 33 69
97 33 69
97 33 69
97 27 31
97 27 31
97 27 31
97 27 31
97 27 31
97 27 31
97 27 31
97 27 31
97 27 31
97 27 31
97 27 31
97 27 31
97 27 31
97 27 31
97 27 31
97 27 31
97 27 31
97 27 31
97 27 31
57 29 54
57 29 54
57 29 54
57 29 54
57 29 54
57 29 54
57 29 54
57 29 54
57 29 54
57 29 54
57 29 54
57 29 54
57 29 54
57 29 54
57 29 54
57 29 54
57 29 54
57 29 54
57 29 54
57 29 54
57 29 54
57 29 54
77 62 71
77 62 71
77 62 71
77 62 71
77 62 71
77 62 71
77 62 71
77 62 71
77 62 71
77 62 71
77 62 71
77 62 71
77 62 71
77 62 71
77 62 71
77 62 71
