144 587 233 220
118 51 79
118 51 79
118 51 79
118 51 79
118 51 79
118 51 79
118 51 79
118 51 79
118 51 79
118 51 79
118 51 79
118 51 79
118 51 79
118 51 79
118 51 79
118 51 79
118 51 79
118 51 79
86 31 32
86 31 32
86 31 32
86 31 32
86 31 32
86 31 32
86 31 32
86 31 32
86 31 32
86 31 32
86 31 32
86 31 32
86 31 32
86 31 32
64 52 58
64 52 58
64 52 58
64 52 58
64 52 58
64 52 58
64 52 58
64 52 58
64 52 58
64 52 58
64 52 58
64 52 58
64 52 58
64 52 58
64 52 58
64 52 58
64 52 58
64 52 58
42 32 42
42 32 42
42 32 42
42 32 42
42 32 42
42 32 42
42 32 42
42 32 42
42 32 42
42 32 42
42 32 42
42 32 42
42 32 42
42 32 42
42 32 42
42 32 42
42 32 42
42 32 42
42 32 42
64 43 55
64 43 55
64 43 55
64 43 55
64 43 55
64 43 55
64 43 55
64 43 55
64 43 55
64 43 55
64 43 55
64 43 55
64 43 55
64 43 55
84 35 70
84 35 70
84 35 70
84 35 70
84 35 70
84 35 70
84 35 70
84 35 70
84 35 70
84 35 70
84 35 70
84 35 70
84 35 70
84 35 70
84 35 70
84 35 70
84 35 70
84 35 70
76 36 57
76 36 57
76 36 57
76 36 57
76 36 57
76 36 57
76 36 57
76 36 57
76 36 57
76 36 57
76 36 57
76 36 57
76 36 57
76 36 57
76 36 57
76 36 57
76 36 57
76 36 57
76 36 57
76 36 57
76 36 57
76 36 57
76 36 57
95 55 60
95 55 60
95 55 60
95 55 60
95 55 60
95 55 60
95 55 60
95 55 60
95 55 60
95 55 60
95 55 60
95 55 60
95 55 60
95 55 60
95 55 60
95 55 60
95 55 60
95 55 60
95 55 60
95 55 60
