138 587 233 220
96 68 95
96 68 95
96 68 95
96 68 95
96 68 95
96 68 95
96 68 95
96 68 95
96 68 95
96 68 95
96 68 95
96 68 95
96 68 95
69 35 61
69 35 61
69 35 61
69 35 61
69 35 61
69 35 61
69 35 61
69 35 61
69 35 61
69 35 61
69 35 61
69 35 61
69 35 61
69 35 61
69 35 61
107 55 70
107 55 70
107 55 70
107 55 70
107 55 70
107 55 70
107 55 70
107 55 70
107 55 70
107 55 70
107 55 70
107 55 70
107 55 70
107 55 70
107 55 70
92 34 85
92 34 85
92 34 85
92 34 85
92 34 85
92 34 85
92 34 85
92 34 85
92 34 85
92 34 85
92 34 85
92 34 85
92 34 85
92 34 85
92 34 85
96 31 60
96 31 60
96 31 60
96 31 60
96 31 60
96 31 60
96 31 60
96 31 60
96 31 60
96 31 60
96 31 60
96 31 60
96 31 60
96 31 60
96 31 60
96 31 60
96 31 60
96 31 60
96 31 60
96 31 60
96 31 60
96 31 60
96 31 60
66 38 38
66 38 38
66 38 38
66 38 38
66 38 38
66 38 38
66 38 38
66 38 38
66 38 38
66 38 38
66 38 38
66 38 38
66 38 38
66 38 38
66 38 38
63 36 57
63 36 57
63 36 57
63 36 57
63 36 57
63 36 57
63 36 57
63 36 57
63 36 57
63 36 57
63 36 57
63 36 57
63 36 57
63 36 57
63 36 57
63 36 57
63 36 57
63 36 57
63 36 57
63 36 57
63 36 57
63 36 57
63 36 57
51 31 31
51 31 31
51 31 31
51 31 31
51 31 31
51 31 31
51 31 31
51 31 31
51 31 31
51 31 31
51 31 31
51 31 31
51 31 31
51 31 31
51 31 31
51 31 31
51 31 31
51 31 31
51 31 31
