201 587 233 220
73 36 73
73 36 73
73 36 73
73 36 73
73 36 73
73 36 73
73 36 73
73 36 73
73 36 73
73 36 73
73 36 73
73 36 73
73 36 73
73 36 73
73 36 73
73 36 73
73 36 73
73 36 73
73 36 73
73 36 73
73 36 73
73 36 73
73 36 73
73 36 73
73 36 73
73 36 73
73 36 73
73 36 73
87 26 49
87 26 49
87 26 49
87 26 49
87 26 49
87 26 49
87 26 49
87 26 49
87 26 49
87 26 49
87 26 49
87 26 49
87 26 49
87 26 49
87 26 49
87 26 49
87 26 49
87 26 49
87 26 49
87 26 49
87 26 49
68 44 53
68 44 53
68 44 53
68 44 53
68 44 53
68 44 53
68 44 53
68 44 53
68 44 53
68 44 53
68 44 53
68 44 53
68 44 53
68 44 53
68 44 53
68 44 53
68 44 53
68 44 53
68 44 53
68 44 53
68 44 53
68 44 53
68 44 53
68 44 53
68 44 53
68 44 53
68 44 53
68 44 53
68 44 53
68 44 53
68 44 53
68 44 53
68 44 53
68 44 53
73 33 57
73 33 57
73 33 57
73 33 57
73 33 57
73 33 57
73 33 57
73 33 57
73 33 57
73 33 57
73 33 57
73 33 57
73 33 57
73 33 57
73 33 57
73 33 57
73 33 57
73 33 57
73 33 57
73 33 57
73 33 57
73 33 57
73 33 57
73 33 57
73 33 57
73 33 57
65 47 49
65 47 49
65 47 49
65 47 49
65 47 49
65 47 49
65 47 49
65 47 49
65 47 49
65 47 49
65 47 49
65 47 49
65 47 49
65 47 49
65 47 49
65 47 49
65 47 49
65 47 49
65 47 49
65 47 49
65 47 49
65 47 49
65 47 49
65 47 49
65 47 49
65 47 49
80 35 65
80 35 65
80 35 65
80 35 65
80 35 65
80 35 65
80 35 65
80 35 65
80 35 65
80 35 65
80 35 65
80 35 65
80 35 65
80 35 65
80 35 65
80 35 65
80 35 65
80 35 65
80 35 65
80 35 65
80 35 65
80 35 65
80 35 65
80 35 65
80 35 65
80 35 65
80 35 65
80 35 65
72 26 35
72 26 35
72 26 35
72 26 35
72 26 35
72 26 35
72 26 35
72 26 35
72 26 35
72 26 35
72 26 35
72 26 35
72 26 35
72 26 35
72 26 35
72 26 35
72 26 35
72 26 35
72 26 35
72 26 35
72 26 35
72 26 35
72 26 35
72 26 35
75 40 68
75 40 68
75 40 68
75 40 68
75 40 68
75 40 68
75 40 68
75 40 68
75 40 68
75 40 68
75 40 68
75 40 68
75 40 68
75 40 68
