155 587 233 220
105 42 68
105 42 68
105 42 68
105 42 68
105 42 68
105 42 68
105 42 68
105 42 68
105 42 68
105 42 68
105 42 68
105 42 68
105 42 68
105 42 68
105 42 68
105 42 68
105 42 68
105 42 68
105 42 68
75 24 37
75 24 37
75 24 37
75 24 37
75 24 37
75 24 37
75 24 37
75 24 37
75 24 37
75 24 37
75 24 37
75 24 37
75 24 37
75 24 37
75 24 37
75 24 37
75 24 37
75 24 37
75 24 37
75 24 37
75 24 37
75 24 37
75 24 37
75 24 37
79 26 73
79 26 73
79 26 73
79 26 73
79 26 73
79 26 73
79 26 73
79 26 73
79 26 73
79 26 73
79 26 73
79 26 73
79 26 73
79 26 73
79 26 73
79 26 73
95 38 53
95 38 53
95 38 53
95 38 53
95 38 53
95 38 53
95 38 53
95 38 53
95 38 53
95 38 53
95 38 53
95 38 53
95 38 53
95 38 53
95 38 53
95 38 53
95 38 53
50 40 41
50 40 41
50 40 41
50 40 41
50 40 41
50 40 41
50 40 41
50 40 41
50 40 41
50 40 41
50 40 41
50 40 41
50 40 41
50 40 41
50 40 41
50 40 41
50 40 41
50 40 41
50 40 41
50 40 41
50 40 41
80 52 59
80 52 59
80 52 59
80 52 59
80 52 59
80 52 59
80 52 59
80 52 59
80 52 59
80 52 59
80 52 59
80 52 59
80 52 59
80 52 59
80 52 59
80 52 59
80 52 59
80 52 59
80 52 59
90 35 74
90 35 74
90 35 74
90 35 74
90 35 74
90 35 74
90 35 74
90 35 74
90 35 74
90 35 74
90 35 74
90 35 74
90 35 74
90 35 74
90 35 74
90 35 74
90 35 74
90 35 74
90 35 74
87 60 60
87 60 60
87 60 60
87 60 60
87 60 60
87 60 60
87 60 60
87 60 60
87 60 60
87 60 60
87 60 60
87 60 60
87 60 60
87 60 60
87 60 60
87 60 60
87 60 60
87 60 60
87 60 60
87 60 60
