195 587 233 220
64 46 48
64 46 48
64 46 48
64 46 48
64 46 48
64 46 48
64 46 48
64 46 48
64 46 48
64 46 48
64 46 48
64 46 48
64 46 48
64 46 48
64 46 48
64 46 48
64 46 48
64 46 48
64 46 48
64 46 48
64 46 48
64 46 48
64 46 48
64 46 48
64 46 48
64 46 48
64 46 48
64 46 48
64 46 48
64 46 48
64 46 48
79 22 25
79 22 25
79 22 25
79 22 25
79 22 25
79 22 25
79 22 25
79 22 25
79 22 25
79 22 25
79 22 25
79 22 25
79 22 25
79 22 25
79 22 25
79 22 25
79 22 25
79 22 25
79 22 25
79 22 25
79 22 25
79 22 25
79 22 25
79 22 25
79 22 25
79 22 25
79 22 25
79 22 25
79 22 25
89 33 85
89 33 85
89 33 85
89 33 85
89 33 85
89 33 85
89 33 85
89 33 85
89 33 85
89 33 85
89 33 85
89 33 85
89 33 85
89 33 85
89 33 85
89 33 85
89 33 85
89 33 85
89 33 85
89 33 85
89 33 85
89 33 85
89 33 85
89 33 85
89 33 85
89 33 85
79 34 66
79 34 66
79 34 66
79 34 66
79 34 66
79 34 66
79 34 66
79 34 66
79 34 66
79 34 66
79 34 66
79 34 66
79 34 66
79 34 66
79 34 66
79 34 66
79 34 66
79 34 66
79 31 54
79 31 54
79 31 54
79 31 54
79 31 54
79 31 54
79 31 54
79 31 54
79 31 54
79 31 54
79 31 54
79 31 54
79 31 54
79 31 54
79 31 54
79 31 54
79 31 54
79 31 54
79 31 54
79 31 54
79 31 54
79 31 54
115 22 95
115 22 95
115 22 95
115 22 95
115 22 95
115 22 95
115 22 95
115 22 95
115 22 95
115 22 95
115 22 95
115 22 95
115 22 95
115 22 95
115 22 95
115 22 95
115 22 95
115 22 95
115 22 95
115 22 95
115 22 95
76 44 54
76 44 54
76 44 54
76 44 54
76 44 54
76 44 54
76 44 54
76 44 54
76 44 54
76 44 54
76 44 54
76 44 54
76 44 54
76 44 54
76 44 54
76 44 54
76 44 54
76 44 54
76 44 54
76 44 54
76 44 54
76 44 54
76 44 54
76 44 54
80 29 44
80 29 44
80 29 44
80 29 44
80 29 44
80 29 44
80 29 44
80 29 44
80 29 44
80 29 44
80 29 44
80 29 44
80 29 44
80 29 44
80 29 44
80 29 44
80 29 44
80 29 44
80 29 44
80 29 44
80 29 44
80 29 44
80 29 44
80 29 44
