174 587 233 220
65 50 51
65 50 51
65 50 51
65 50 51
65 50 51
65 50 51
65 50 51
65 50 51
65 50 51
65 50 51
65 50 51
65 50 51
65 50 51
65 50 51
65 50 51
65 50 51
65 50 51
65 50 51
65 50 51
65 50 51
65 50 51
65 50 51
113 28 78
113 28 78
113 28 78
113 28 78
113 28 78
113 28 78
113 28 78
113 28 78
113 28 78
113 28 78
113 28 78
113 28 78
113 28 78
113 28 78
120 32 35
120 32 35
120 32 35
120 32 35
120 32 35
120 32 35
120 32 35
120 32 35
120 32 35
120 32 35
120 32 35
120 32 35
120 32 35
120 32 35
120 32 35
120 32 35
120 32 35
120 32 35
120 32 35
120 32 35
120 32 35
120 32 35
71 20 53
71 20 53
71 20 53
71 20 53
71 20 53
71 20 53
71 20 53
71 20 53
71 20 53
71 20 53
71 20 53
71 20 53
71 20 53
71 20 53
71 20 53
71 20 53
71 20 53
71 20 53
71 20 53
71 20 53
71 20 53
71 20 53
94 64 70
94 64 70
94 64 70
94 64 70
94 64 70
94 64 70
94 64 70
94 64 70
94 64 70
94 64 70
94 64 70
94 64 70
94 64 70
94 64 70
94 64 70
94 64 70
94 64 70
94 64 70
94 64 70
94 64 70
94 64 70
94 64 70
94 64 70
64 32 33
64 32 33
64 32 33
64 32 33
64 32 33
64 32 33
64 32 33
64 32 33
64 32 33
64 32 33
64 32 33
64 32 33
64 32 33
64 32 33
64 32 33
64 32 33
64 32 33
64 32 33
64 32 33
64 32 33
64 32 33
64 32 33
64 32 33
71 21 35
71 21 35
71 21 35
71 21 35
71 21 35
71 21 35
71 21 35
71 21 35
71 21 35
71 21 35
71 21 35
71 21 35
71 21 35
71 21 35
71 21 35
71 21 35
71 21 35
71 21 35
71 21 35
71 21 35
71 21 35
71 21 35
71 21 35
71 21 35
71 21 35
85 49 59
85 49 59
85 49 59
85 49 59
85 49 59
85 49 59
85 49 59
85 49 59
85 49 59
85 49 59
85 49 59
85 49 59
85 49 59
85 49 59
85 49 59
85 49 59
85 49 59
85 49 59
85 49 59
85 49 59
85 49 59
85 49 59
85 49 59
