140 587 233 220
83 46 71
83 46 71
83 46 71
83 46 71
83 46 71
83 46 71
83 46 71
83 46 71
83 46 71
83 46 71
83 46 71
83 46 71
83 46 71
83 46 71
83 46 71
83 46 71
83 46 71
83 46 71
83 46 71
83 46 71
83 46 71
83 46 71
76 54 63
76 54 63
76 54 63
76 54 63
76 54 63
76 54 63
76 54 63
76 54 63
76 54 63
76 54 63
76 54 63
76 54 63
76 54 63
76 54 63
91 40 56
91 40 56
91 40 56
91 40 56
91 40 56
91 40 56
91 40 56
91 40 56
91 40 56
91 40 56
91 40 56
91 40 56
91 40 56
91 40 56
91 40 56
91 40 56
91 40 56
61 34 42
61 34 42
61 34 42
61 34 42
61 34 42
61 34 42
61 34 42
61 34 42
61 34 42
61 34 42
61 34 42
61 34 42
61 34 42
61 34 42
61 34 42
61 34 42
61 34 42
61 34 42
61 34 42
61 34 42
61 34 42
84 47 67
84 47 67
84 47 67
84 47 67
84 47 67
84 47 67
84 47 67
84 47 67
84 47 67
84 47 67
84 47 67
84 47 67
84 47 67
84 47 67
84 47 67
84 47 67
84 47 67
84 47 67
84 47 67
95 57 79
95 57 79
95 57 79
95 57 79
95 57 79
95 57 79
95 57 79
95 57 79
95 57 79
95 57 79
95 57 79
95 57 79
95 57 79
95 57 79
90 23 80
90 23 80
90 23 80
90 23 80
90 23 80
90 23 80
90 23 80
90 23 80
90 23 80
90 23 80
90 23 80
90 23 80
90 23 80
90 23 80
90 23 80
90 23 80
90 23 80
69 28 43
69 28 43
69 28 43
69 28 43
69 28 43
69 28 43
69 28 43
69 28 43
69 28 43
69 28 43
69 28 43
69 28 43
69 28 43
69 28 43
69 28 43
69 28 43
