126 587 233 220
119 28 34
119 28 34
119 28 34
119 28 34
119 28 34
119 28 34
119 28 34
119 28 34
119 28 34
119 28 34
119 28 34
119 28 34
119 28 34
119 28 34
119 28 34
84 48 69
84 48 69
84 48 69
84 48 69
84 48 69
84 48 69
84 48 69
84 48 69
84 48 69
84 48 69
84 48 69
84 48 69
84 48 69
84 48 69
84 48 69
84 48 69
84 48 69
84 48 69
84 48 69
97 78 82
97 78 82
97 78 82
97 78 82
97 78 82
97 78 82
97 78 82
97 78 82
97 78 82
97 78 82
97 78 82
97 78 82
97 78 82
97 78 82
97 78 82
97 78 82
97 78 82
97 78 82
97 78 82
97 78 82
109 33 43
109 33 43
109 33 43
109 33 43
109 33 43
109 33 43
109 33 43
109 33 43
109 33 43
109 33 43
109 33 43
109 33 43
109 33 43
80 47 75
80 47 75
80 47 75
80 47 75
80 47 75
80 47 75
80 47 75
80 47 75
80 47 75
80 47 75
80 47 75
80 47 75
80 47 75
80 47 75
80 47 75
80 47 75
80 47 75
80 47 75
80 47 75
74 30 62
74 30 62
74 30 62
74 30 62
74 30 62
74 30 62
74 30 62
74 30 62
74 30 62
74 30 62
74 30 62
40 31 35
40 31 35
40 31 35
40 31 35
40 31 35
40 31 35
40 31 35
40 31 35
40 31 35
40 31 35
40 31 35
40 31 35
58 26 43
58 26 43
58 26 43
58 26 43
58 26 43
58 26 43
58 26 43
58 26 43
58 26 43
58 26 43
58 26 43
58 26 43
58 26 43
58 26 43
58 26 43
58 26 43
58 26 43
