167 587 233 220
100 40 60
100 40 60
100 40 60
100 40 60
100 40 60
100 40 60
100 40 60
100 40 60
100 40 60
100 40 60
100 40 60
100 40 60
100 40 60
100 40 60
89 34 67
89 34 67
89 34 67
89 34 67
89 34 67
89 34 67
89 34 67
89 34 67
89 34 67
89 34 67
89 34 67
89 34 67
89 34 67
89 34 67
89 34 67
89 34 67
89 34 67
89 34 67
89 34 67
89 34 67
89 34 67
89 34 67
89 34 67
89 34 67
89 34 67
89 34 67
92 38 80
92 38 80
92 38 80
92 38 80
92 38 80
92 38 80
92 38 80
92 38 80
92 38 80
92 38 80
92 38 80
92 38 80
92 38 80
92 38 80
92 38 80
92 38 80
90 24 81
90 24 81
90 24 81
90 24 81
90 24 81
90 24 81
90 24 81
90 24 81
90 24 81
90 24 81
90 24 81
90 24 81
90 24 81
90 24 81
90 24 81
90 24 81
90 24 81
90 24 81
90 24 81
90 24 81
90 24 81
90 24 81
90 24 81
90 24 81
90 24 81
90 24 81
90 24 81
90 24 81
90 24 81
84 38 52
84 38 52
84 38 52
84 38 52
84 38 52
84 38 52
84 38 52
84 38 52
84 38 52
84 38 52
84 38 52
84 38 52
84 38 52
84 38 52
84 38 52
84 38 52
84 38 52
84 38 52
77 46 54
77 46 54
77 46 54
77 46 54
77 46 54
77 46 54
77 46 54
77 46 54
77 46 54
77 46 54
77 46 54
77 46 54
77 46 54
77 46 54
77 46 54
77 46 54
77 46 54
77 46 54
77 46 54
77 46 54
90 33 49
90 33 49
90 33 49
90 33 49
90 33 49
90 33 49
90 33 49
90 33 49
90 33 49
90 33 49
90 33 49
90 33 49
90 33 49
90 33 49
90 33 49
90 33 49
78 27 45
78 27 45
78 27 45
78 27 45
78 27 45
78 27 45
78 27 45
78 27 45
78 27 45
78 27 45
78 27 45
78 27 45
78 27 45
78 27 45
78 27 45
78 27 45
78 27 45
78 27 45
78 27 45
78 27 45
78 27 45
78 27 45
78 27 45
78 27 45
78 27 45
78 27 45
78 27 45
78 27 45
