133 587 233 220
90 63 70
90 63 70
90 63 70
90 63 70
90 63 70
90 63 70
84 28 78
84 28 78
84 28 78
84 28 78
84 28 78
84 28 78
84 28 78
84 28 78
84 28 78
84 28 78
84 28 78
84 28 78
84 28 78
84 28 78
84 28 78
84 28 78
84 28 78
94 39 85
94 39 85
94 39 85
94 39 85
94 39 85
94 39 85
94 39 85
94 39 85
94 39 85
94 39 85
94 39 85
94 39 85
94 39 85
94 39 85
94 39 85
94 39 85
94 39 85
94 39 85
94 39 85
80 54 76
80 54 76
80 54 76
80 54 76
80 54 76
80 54 76
80 54 76
80 54 76
80 54 76
80 54 76
80 54 76
80 54 76
80 54 76
80 54 76
80 54 76
80 54 76
69 45 50
69 45 50
69 45 50
69 45 50
69 45 50
69 45 50
69 45 50
69 45 50
69 45 50
69 45 50
69 45 50
69 45 50
69 45 50
69 45 50
69 45 50
69 45 50
70 37 57
70 37 57
70 37 57
70 37 57
70 37 57
70 37 57
70 37 57
70 37 57
70 37 57
70 37 57
70 37 57
70 37 57
70 37 57
70 37 57
70 37 57
70 37 57
70 37 57
94 54 61
94 54 61
94 54 61
94 54 61
94 54 61
94 54 61
94 54 61
94 54 61
94 54 61
94 54 61
94 54 61
94 54 61
94 54 61
94 54 61
94 54 61
94 54 61
94 54 61
94 54 61
92 29 44
92 29 44
92 29 44
92 29 44
92 29 44
92 29 44
92 29 44
92 29 44
92 29 44
92 29 44
92 29 44
92 29 44
92 29 44
92 29 44
92 29 44
92 29 44
92 29 44
92 29 44
92 29 44
92 29 44
92 29 44
92 29 44
92 29 44
92 29 44
