84 587 233 220
91 33 52
91 33 52
91 33 52
91 33 52
91 33 52
91 33 52
91 33 52
91 33 52
91 33 52
91 33 52
91 33 52
91 33 52
91 33 52
87 63 81
87 63 81
87 63 81
87 63 81
87 63 81
87 63 81
87 63 81
87 63 81
87 63 81
87 63 81
87 63 81
113 45 79
113 45 79
113 45 79
113 45 79
113 45 79
113 45 79
113 45 79
113 45 79
113 45 79
114 45 52
114 45 52
114 45 52
114 45 52
114 45 52
114 45 52
110 66 90
110 66 90
110 66 90
110 66 90
110 66 90
110 66 90
110 66 90
110 66 90
110 66 90
110 66 90
110 66 90
110 66 90
110 66 90
81 31 41
81 31 41
81 31 41
81 31 41
81 31 41
81 31 41
81 31 41
81 31 41
81 31 41
81 31 41
81 31 41
81 31 41
108 37 67
108 37 67
108 37 67
108 37 67
108 37 67
108 37 67
108 37 67
108 37 67
108 37 67
108 37 67
118 57 82
118 57 82
118 57 82
118 57 82
118 57 82
118 57 82
118 57 82
118 57 82
118 57 82
118 57 82
