154 587 233 220
75 69 73
75 69 73
75 69 73
75 69 73
75 69 73
75 69 73
75 69 73
75 69 73
75 69 73
75 69 73
75 69 73
75 69 73
75 69 73
75 69 73
75 69 73
75 69 73
75 69 73
66 40 56
66 40 56
66 40 56
66 40 56
66 40 56
66 40 56
66 40 56
66 40 56
66 40 56
66 40 56
66 40 56
66 40 56
66 40 56
66 40 56
66 40 56
66 40 56
66 40 56
66 40 56
66 40 56
66 40 56
66 40 56
66 40 56
66 40 56
66 40 56
66 40 56
66 40 56
66 40 56
64 41 51
64 41 51
64 41 51
64 41 51
64 41 51
64 41 51
64 41 51
64 41 51
64 41 51
64 41 51
64 41 51
64 41 51
64 41 51
64 41 51
64 41 51
64 41 51
64 41 51
64 41 51
64 41 51
64 41 51
64 41 51
64 41 51
64 41 51
90 28 52
90 28 52
90 28 52
90 28 52
90 28 52
90 28 52
90 28 52
90 28 52
90 28 52
90 28 52
90 28 52
90 28 52
90 28 52
90 28 52
90 28 52
90 28 52
90 28 52
90 28 52
90 28 52
90 28 52
90 28 52
90 28 52
90 28 52
90 28 52
90 28 52
90 28 52
73 28 33
73 28 33
73 28 33
73 28 33
73 28 33
73 28 33
73 28 33
73 28 33
73 28 33
73 28 33
73 28 33
73 28 33
73 28 33
73 28 33
73 28 33
73 28 33
73 28 33
91 60 76
91 60 76
91 60 76
91 60 76
91 60 76
91 60 76
91 60 76
91 60 76
91 60 76
91 60 76
91 60 76
91 60 76
91 60 76
91 60 76
91 60 76
54 28 45
54 28 45
54 28 45
54 28 45
54 28 45
54 28 45
54 28 45
54 28 45
54 28 45
54 28 45
54 28 45
54 28 45
54 28 45
54 28 45
54 28 45
54 28 45
54 28 45
54 28 45
54 28 45
54 28 45
107 56 81
107 56 81
107 56 81
107 56 81
107 56 81
107 56 81
107 56 81
107 56 81
107 56 81
