197 587 233 220
64 26 42
64 26 42
64 26 42
64 26 42
64 26 42
64 26 42
64 26 42
64 26 42
64 26 42
64 26 42
64 26 42
64 26 42
64 26 42
64 26 42
64 26 42
64 26 42
64 26 42
64 26 42
64 26 42
64 26 42
64 26 42
64 26 42
64 26 42
64 26 42
64 26 42
64 26 42
64 26 42
64 26 42
92 52 58
92 52 58
92 52 58
92 52 58
92 52 58
92 52 58
92 52 58
92 52 58
92 52 58
92 52 58
92 52 58
92 52 58
92 52 58
92 52 58
92 52 58
92 52 58
92 52 58
92 52 58
92 52 58
92 52 58
92 52 58
92 52 58
92 21 85
92 21 85
92 21 85
92 21 85
92 21 85
92 21 85
92 21 85
92 21 85
92 21 85
92 21 85
92 21 85
92 21 85
92 21 85
92 21 85
92 21 85
92 21 85
92 21 85
92 21 85
92 21 85
92 21 85
92 21 85
92 21 85
92 21 85
92 21 85
90 33 49
90 33 49
90 33 49
90 33 49
90 33 49
90 33 49
90 33 49
90 33 49
90 33 49
90 33 49
90 33 49
90 33 49
90 33 49
90 33 49
90 33 49
90 33 49
90 33 49
90 33 49
90 33 49
90 33 49
90 33 49
54 34 48
54 34 48
54 34 48
54 34 48
54 34 48
54 34 48
54 34 48
54 34 48
54 34 48
54 34 48
54 34 48
54 34 48
54 34 48
54 34 48
54 34 48
54 34 48
54 34 48
54 34 48
54 34 48
54 34 48
54 34 48
54 34 48
95 45 62
95 45 62
95 45 62
95 45 62
95 45 62
95 45 62
95 45 62
95 45 62
95 45 62
95 45 62
95 45 62
95 45 62
95 45 62
95 45 62
95 45 62
95 45 62
95 45 62
95 45 62
95 45 62
95 45 62
95 45 62
95 45 62
95 45 62
95 45 62
95 45 62
95 45 62
95 45 62
95 45 62
95 45 62
95 45 62
72 46 49
72 46 49
72 46 49
72 46 49
72 46 49
72 46 49
72 46 49
72 46 49
72 46 49
72 46 49
72 46 49
72 46 49
72 46 49
72 46 49
72 46 49
72 46 49
72 46 49
72 46 49
72 46 49
72 46 49
72 46 49
56 25 42
56 25 42
56 25 42
56 25 42
56 25 42
56 25 42
56 25 42
56 25 42
56 25 42
56 25 42
56 25 42
56 25 42
56 25 42
56 25 42
56 25 42
56 25 42
56 25 42
56 25 42
56 25 42
56 25 42
56 25 42
56 25 42
56 25 42
56 25 42
56 25 42
56 25 42
56 25 42
56 25 42
56 25 42
