# MHKP instance for submodel V0 of Deplano et al. (2019)
# BINS:  length width height priority
# ITEMS: length width height
# beta (gcd of item sides) = 1
BINS
120 120 120 5.78703703704e-07
ITEMS
34 28 29
22 28 26
50 48 64
68 57 63
44 62 69
72 68 50
33 39 39
19 42 34
69 49 50
22 25 36
69 65 61
62 48 58
28 28 26
52 71 53
40 21 42
71 51 69
49 68 56
40 41 40
36 41 36
57 61 45
61 63 50
49 53 63
68 61 48
48 57 55
60 69 69
58 61 57
68 45 59
62 50 67
67 58 54
69 71 56
61 63 49
58 47 64
56 43 67
63 71 68
66 54 72
46 47 48
58 58 63
46 63 47
38 33 21
70 47 58
64 69 47
34 38 18
57 72 50
42 31 22
19 28 26
46 43 61
34 22 25
19 24 38
50 45 65
41 29 37
64 62 56
19 25 22
63 66 69
46 55 62
63 58 69
68 72 45
67 43 70
46 61 65
24 22 32
68 61 52
62 72 65
36 20 38
64 72 55
63 58 56
54 49 60
67 61 42
26 18 26
44 68 51
58 49 47
63 51 55
62 63 68
38 20 40
68 72 44
64 72 53
54 53 62
60 43 44
66 49 48
65 43 67
62 65 65
42 68 68
70 43 65
37 37 22
68 65 67
48 42 44
71 69 62
57 60 45
25 19 22
56 52 53
33 24 28
33 24 22
