# MHKP instance for submodel V0 of Deplano et al. (2019)
# BINS:  length width height priority
# ITEMS: length width height
# beta (gcd of item sides) = 1
BINS
120 120 120 5.78703703704e-07
ITEMS
48 61 51
47 62 66
46 58 66
40 39 33
54 67 68
25 25 35
67 55 57
71 71 48
59 62 45
67 61 46
52 53 59
24 27 29
45 67 49
52 46 65
42 36 24
68 60 62
42 31 18
51 53 58
62 53 66
29 31 29
28 40 39
50 50 52
54 50 62
18 35 26
50 61 68
71 59 72
24 20 19
39 35 39
62 63 58
54 68 59
68 53 47
39 34 25
66 52 44
26 23 20
70 69 53
30 34 30
43 45 54
21 27 24
70 70 47
35 19 39
38 39 19
72 56 52
71 58 70
62 57 70
62 53 46
20 37 26
47 51 49
53 49 43
53 50 68
26 37 27
46 71 63
28 18 27
44 43 43
68 48 51
69 44 45
52 58 49
47 70 60
71 45 58
56 66 50
55 64 47
42 61 57
60 70 72
45 66 49
70 50 62
49 42 51
49 70 50
63 72 51
32 21 39
39 22 24
31 20 37
67 69 56
20 26 35
63 66 68
42 46 65
66 55 71
36 36 39
33 24 40
21 39 20
29 24 22
57 47 69
30 36 38
66 45 62
67 67 49
47 58 51
58 42 49
43 66 66
33 38 19
52 67 48
69 51 48
54 49 55
