# MHKP instance for submodel V0 of Deplano et al. (2019)
# BINS:  length width height priority
# ITEMS: length width height
# beta (gcd of item sides) = 1
BINS
120 120 120 5.78703703704e-07
ITEMS
64 47 45
20 22 34
37 28 34
63 61 45
57 72 56
59 67 71
32 25 24
56 61 65
57 69 72
30 19 18
42 42 55
23 40 19
58 56 53
28 23 26
42 49 68
67 69 50
47 53 43
50 57 65
69 72 52
66 43 60
68 54 65
29 22 30
61 58 55
71 69 63
44 64 51
57 69 62
61 52 63
29 33 26
42 59 43
47 66 45
33 36 28
55 49 62
47 55 47
49 53 56
44 49 66
53 61 55
68 55 68
57 72 62
70 66 59
52 62 61
68 52 69
30 34 22
33 32 27
40 36 30
44 56 60
64 72 72
64 63 44
54 59 53
33 37 33
65 62 71
54 42 43
36 29 38
53 67 46
58 44 65
25 40 41
53 44 46
45 48 57
66 53 66
56 52 52
34 28 31
50 72 60
65 72 69
65 43 44
68 54 62
56 65 54
66 46 47
30 36 38
37 20 19
32 35 32
52 54 48
29 28 41
25 25 26
30 37 41
35 25 18
56 44 48
49 57 50
42 65 62
63 62 62
28 24 30
58 47 50
31 35 18
38 40 22
70 62 57
70 44 55
67 72 57
72 52 66
67 42 70
61 63 58
66 68 53
69 45 69
