# MHKP instance for submodel V0 of Deplano et al. (2019)
# BINS:  length width height priority
# ITEMS: length width height
# beta (gcd of item sides) = 1
BINS
120 120 120 5.78703703704e-07
ITEMS
45 51 44
31 40 19
46 51 45
64 47 50
70 62 44
61 49 71
70 59 45
47 58 69
62 65 51
69 53 53
70 48 60
57 55 70
43 64 69
63 45 50
68 58 50
27 26 18
31 23 39
54 61 59
50 66 43
56 65 71
64 44 49
39 35 31
61 44 64
66 56 69
53 71 59
68 60 44
24 26 24
70 68 58
41 35 28
39 29 42
33 31 41
53 55 54
23 32 18
21 31 27
39 30 24
68 48 47
56 55 52
28 26 42
49 55 54
44 46 47
48 42 42
52 54 57
54 46 44
54 43 58
42 62 43
35 22 39
48 64 43
47 60 49
31 36 41
50 45 53
59 51 63
32 41 29
37 21 19
48 64 56
69 61 47
37 25 32
65 46 45
54 48 67
49 61 61
55 46 49
72 60 53
45 50 66
43 49 48
32 25 24
54 60 65
54 50 59
70 51 66
71 62 48
59 57 44
64 56 44
54 70 60
56 50 65
50 60 72
57 48 63
51 46 67
41 21 32
65 72 63
60 66 44
26 25 31
65 53 68
52 43 64
66 47 60
25 41 20
57 69 56
38 22 38
58 48 55
42 48 68
56 46 59
61 50 70
18 35 42
