# MHKP instance for submodel V0 of Deplano et al. (2019)
# BINS:  length width height priority
# ITEMS: length width height
# beta (gcd of item sides) = 1
BINS
120 120 120 5.78703703704e-07
ITEMS
68 65 47
51 42 67
72 51 66
38 33 33
69 57 70
53 56 67
64 46 67
26 18 31
31 40 33
67 43 52
62 69 70
68 48 66
51 45 57
71 46 62
30 30 23
61 72 48
43 70 72
62 59 71
47 68 45
42 34 41
55 44 66
53 59 64
42 68 59
31 38 38
34 36 24
42 45 72
63 49 54
70 44 56
22 23 21
44 53 70
68 50 61
51 59 67
61 61 49
45 59 48
49 69 47
68 64 51
46 72 60
72 57 62
46 60 69
29 37 35
69 44 68
23 31 31
59 71 70
30 35 35
52 50 62
21 36 23
48 72 71
65 68 70
19 19 24
36 31 39
43 53 47
29 21 33
31 23 40
52 70 65
40 37 33
43 55 58
66 64 46
66 60 70
72 66 60
27 39 33
66 60 72
52 66 49
53 59 49
65 66 45
62 56 61
68 64 50
56 64 68
46 58 64
60 70 47
59 60 43
59 64 53
34 33 32
31 22 36
30 27 21
29 36 28
49 50 45
56 69 53
59 70 65
55 48 47
31 20 28
41 36 42
31 27 23
62 55 44
25 34 24
46 47 59
68 65 63
19 20 21
64 54 44
46 48 56
20 39 38
