# MHKP instance for submodel V0 of Deplano et al. (2019)
# BINS:  length width height priority
# ITEMS: length width height
# beta (gcd of item sides) = 1
BINS
120 120 120 5.78703703704e-07
ITEMS
44 55 46
45 44 69
67 66 47
21 29 27
66 67 67
66 61 69
53 60 71
63 59 53
67 70 68
56 70 56
62 69 49
18 20 20
42 34 30
33 29 28
27 42 39
66 56 53
54 48 50
48 43 55
62 51 70
71 47 54
49 62 54
68 53 69
56 46 44
67 53 53
63 66 44
68 44 68
69 65 64
70 50 65
55 54 51
48 44 62
26 42 39
48 64 66
26 25 33
56 67 57
55 72 53
42 24 23
69 70 65
48 61 44
44 48 69
26 41 34
65 59 42
42 45 69
47 43 42
55 72 60
58 69 68
50 65 67
53 68 60
59 68 62
23 20 19
21 38 21
52 58 49
43 52 62
20 37 35
68 52 56
61 44 49
56 54 48
42 55 56
66 52 45
31 41 24
62 70 52
43 64 42
70 48 52
68 69 62
57 58 56
47 45 45
24 22 24
65 56 66
52 61 61
72 43 53
26 32 36
65 54 48
58 42 42
57 63 60
72 67 66
52 51 63
43 62 45
52 59 64
36 19 31
36 34 29
65 62 48
46 60 60
46 67 54
59 49 59
18 38 34
51 62 53
33 18 37
45 64 59
61 62 63
50 68 46
62 68 50
