# MHKP instance for submodel V0 of Deplano et al. (2019)
# BINS:  length width height priority
# ITEMS: length width height
# beta (gcd of item sides) = 1
BINS
120 120 120 5.78703703704e-07
ITEMS
69 51 69
53 46 59
18 19 38
55 46 66
27 23 22
69 52 58
47 57 44
63 70 60
42 51 66
43 55 44
47 44 65
71 51 65
58 57 49
39 42 41
68 62 52
57 66 46
63 53 57
63 45 42
45 50 71
50 60 54
33 34 40
18 20 32
55 64 58
67 59 43
56 49 70
20 28 19
53 54 45
61 67 59
45 65 46
70 64 54
71 60 46
63 54 56
69 54 48
32 28 40
63 47 71
38 27 29
23 30 30
57 66 43
33 39 26
68 48 69
26 35 34
47 43 57
34 25 33
61 48 42
63 46 71
45 47 47
49 59 42
44 55 61
56 72 45
57 72 51
42 43 65
21 38 24
66 65 55
63 50 52
33 28 25
29 40 36
50 58 49
61 64 56
42 26 28
19 28 18
54 68 62
49 55 47
44 65 43
71 54 46
71 72 47
54 53 70
71 49 68
46 45 43
52 65 70
63 43 47
31 24 26
66 67 45
48 64 70
59 44 65
23 22 40
32 25 36
45 65 47
29 27 36
51 42 52
60 57 51
50 64 72
34 34 27
60 59 58
53 55 53
56 45 55
54 45 57
30 31 42
61 54 57
66 51 52
70 54 59
