# MHKP instance for submodel V0 of Deplano et al. (2019)
# BINS:  length width height priority
# ITEMS: length width height
# beta (gcd of item sides) = 1
BINS
120 120 120 5.78703703704e-07
ITEMS
55 57 60
53 45 52
31 39 33
38 33 21
65 45 49
67 70 64
35 31 20
47 54 55
52 57 72
65 67 50
38 29 35
62 45 50
67 68 43
21 37 31
37 26 33
69 57 44
43 65 57
55 64 49
22 19 34
56 60 69
20 35 41
54 61 48
69 62 72
56 62 57
62 42 65
28 31 38
33 32 21
23 30 23
22 24 33
54 69 71
40 41 27
72 71 51
41 33 22
55 61 44
70 59 69
20 31 36
64 55 51
24 18 29
51 53 45
71 45 43
48 54 51
52 48 59
28 28 35
58 71 51
43 65 43
61 66 50
42 54 61
37 19 29
36 24 26
71 45 48
45 65 51
68 61 53
60 58 69
40 34 24
61 55 57
36 29 42
49 66 45
58 64 46
47 67 44
38 29 26
66 63 71
67 69 47
64 55 51
61 44 57
44 68 72
46 43 48
72 65 42
49 57 52
68 64 56
69 65 66
22 32 22
39 38 21
56 55 43
58 66 58
40 39 34
23 32 33
55 63 47
31 34 35
59 68 64
51 68 69
22 30 25
44 42 69
50 70 60
47 43 43
51 54 46
45 46 72
20 33 20
71 48 64
36 41 28
71 63 49
