# MHKP instance for submodel V0 of Deplano et al. (2019)
# BINS:  length width height priority
# ITEMS: length width height
# beta (gcd of item sides) = 1
BINS
120 120 120 5.78703703704e-07
ITEMS
71 59 67
65 69 69
31 34 28
50 56 55
70 72 59
72 60 52
42 18 26
51 42 44
43 67 54
33 27 26
71 44 61
55 64 50
46 69 67
61 70 65
70 69 62
69 53 49
36 38 41
60 55 59
42 54 51
57 61 49
69 58 69
69 55 68
54 50 64
69 54 70
69 48 58
60 49 49
28 34 33
49 65 70
56 69 61
42 61 65
60 68 67
63 60 71
63 51 52
42 31 42
71 60 60
47 46 68
48 55 42
57 60 48
43 54 51
36 38 38
69 54 48
42 52 43
39 32 26
56 59 53
63 44 72
49 51 55
72 67 54
63 55 53
52 72 48
65 44 48
62 71 57
48 55 58
71 62 72
63 51 43
50 61 59
66 71 72
62 69 67
50 44 54
26 22 28
43 65 72
44 61 47
28 19 24
60 43 62
41 26 27
66 47 66
69 50 64
65 51 64
67 52 63
53 69 51
47 69 58
57 67 60
19 33 25
47 55 66
64 44 47
48 53 64
34 37 19
30 37 39
21 22 29
70 72 70
68 58 50
65 52 53
25 20 37
30 36 25
45 55 54
45 50 51
66 53 65
24 29 37
68 70 42
66 65 64
31 40 37
