# MHKP instance for submodel V0 of Deplano et al. (2019)
# BINS:  length width height priority
# ITEMS: length width height
# beta (gcd of item sides) = 1
BINS
120 120 120 5.78703703704e-07
ITEMS
58 66 47
37 24 18
54 51 67
58 55 54
66 67 54
65 52 50
42 49 43
58 64 45
64 47 62
33 41 27
72 64 68
63 52 56
65 59 70
65 53 62
36 23 30
47 42 61
62 58 53
61 56 72
42 36 22
40 33 20
58 72 52
54 47 59
66 47 42
72 70 46
22 41 26
22 18 21
18 31 22
48 70 63
53 53 72
72 53 46
20 35 40
60 57 42
26 19 26
51 50 49
23 42 31
64 70 72
63 69 67
53 59 57
50 70 68
31 36 38
23 21 37
38 28 22
48 56 64
28 35 29
50 69 59
57 52 56
26 21 24
25 21 25
37 25 42
36 40 20
42 28 31
70 53 46
69 48 69
44 72 54
69 64 45
52 42 51
18 28 29
29 42 38
51 44 58
67 63 48
65 42 52
39 33 21
37 36 23
45 72 48
56 59 65
39 18 36
30 19 21
25 33 19
66 55 47
36 18 20
71 51 68
27 24 42
32 41 31
38 21 34
46 50 69
35 41 28
49 54 62
26 30 42
65 70 55
47 50 42
67 58 72
50 63 67
37 24 29
27 34 27
61 52 54
44 47 66
32 18 19
46 53 66
42 58 48
41 35 23
