# MHKP instance for submodel V0 of Deplano et al. (2019)
# BINS:  length width height priority
# ITEMS: length width height
# beta (gcd of item sides) = 1
BINS
120 120 120 5.78703703704e-07
ITEMS
45 62 71
35 32 39
24 42 40
42 66 49
43 72 71
37 33 18
52 69 49
23 31 24
68 69 67
39 22 30
27 38 18
46 53 47
40 18 38
72 44 44
51 63 64
67 72 72
59 71 45
18 38 40
59 52 49
42 38 36
33 40 20
66 71 45
51 53 53
56 43 47
43 64 71
67 70 51
67 56 48
50 57 55
42 42 48
60 52 51
59 65 50
64 69 57
51 47 64
53 43 66
44 50 71
43 60 52
18 20 25
54 60 64
66 57 47
62 53 42
20 35 38
53 61 52
66 46 57
24 21 26
45 66 55
54 63 55
35 23 41
62 42 52
70 68 64
35 37 35
19 25 20
42 49 69
35 30 25
58 70 46
28 23 18
56 47 70
60 43 55
43 66 67
26 39 20
58 69 70
28 29 39
53 62 59
71 67 55
70 68 56
50 58 70
23 29 23
18 19 29
60 47 53
28 19 42
33 39 28
65 50 71
28 33 18
44 69 59
42 49 43
64 58 50
38 28 32
56 45 68
24 32 34
51 47 63
37 22 28
30 20 32
67 45 71
56 65 48
68 47 66
30 36 37
53 59 43
42 64 45
52 47 71
67 47 59
49 62 58
69 51 53
54 49 51
63 45 47
54 44 72
72 57 45
21 28 34
50 43 55
48 70 44
50 49 58
41 25 24
24 30 24
67 42 60
61 70 68
27 26 31
41 32 31
60 61 49
51 48 66
65 57 65
50 58 69
43 57 72
27 25 35
27 33 22
24 20 34
50 69 71
42 54 57
49 42 53
71 70 71
60 65 65
55 59 57
63 44 65
29 37 37
26 31 29
70 52 63
37 24 24
32 30 27
19 25 24
26 31 40
69 53 55
47 50 44
66 46 72
67 51 50
57 52 52
51 50 72
42 71 60
60 65 62
59 68 59
31 42 36
60 61 53
66 46 55
34 30 40
37 38 42
46 72 59
29 31 40
53 52 57
72 55 44
68 46 50
55 57 59
22 20 25
63 63 51
46 70 43
65 67 48
56 51 49
52 45 52
50 69 66
51 62 68
59 43 54
56 64 65
38 33 40
66 67 65
47 46 52
54 47 50
36 34 27
32 36 42
61 58 51
48 56 62
72 55 56
42 46 59
27 25 27
72 70 69
44 57 55
23 42 35
30 23 30
49 49 72
51 50 49
59 65 56
70 48 71
65 67 49
51 68 55
65 61 61
50 67 44
