# MHKP instance for submodel V0 of Deplano et al. (2019)
# BINS:  length width height priority
# ITEMS: length width height
# beta (gcd of item sides) = 1
BINS
120 120 120 5.78703703704e-07
ITEMS
58 63 62
64 57 44
49 42 52
30 29 21
43 62 68
42 58 71
32 19 18
61 64 68
49 72 55
34 28 31
38 35 34
67 71 52
54 45 59
42 55 57
70 53 64
34 22 20
22 29 38
23 21 28
65 44 52
18 31 23
43 47 44
50 58 53
49 50 43
71 51 44
46 61 66
39 19 23
57 65 57
42 66 58
31 27 30
48 66 55
21 40 38
56 51 47
67 57 42
28 27 18
38 22 29
29 40 35
55 42 55
64 50 55
63 68 70
57 72 55
46 55 65
31 41 34
31 28 21
64 59 68
68 60 57
67 52 60
48 60 72
72 47 47
64 48 53
45 43 63
61 54 66
26 27 39
64 48 51
48 46 56
67 72 69
29 21 27
61 55 49
44 61 52
18 28 18
62 50 44
44 66 64
28 18 33
53 65 53
30 42 20
48 66 59
20 39 30
64 63 69
25 32 34
47 69 44
54 72 62
62 48 62
56 72 46
51 45 56
71 66 67
39 24 20
55 56 65
70 42 47
41 27 19
44 72 65
65 49 59
67 70 63
52 50 69
47 67 43
53 56 62
20 19 24
59 48 62
68 49 65
37 28 19
32 20 32
39 35 30
53 56 65
22 36 24
50 42 61
49 58 54
67 47 47
27 33 41
27 37 25
56 68 70
57 69 43
24 21 40
38 31 29
53 64 66
43 70 57
54 48 70
44 44 68
68 49 43
68 48 46
20 21 24
56 56 50
35 19 27
67 54 45
60 69 51
24 35 38
45 60 68
32 29 33
52 59 47
68 61 58
49 55 50
70 67 46
57 51 62
56 60 57
68 63 42
42 57 67
47 45 72
41 28 34
45 56 60
50 72 54
56 67 64
66 44 64
42 33 35
63 47 66
64 53 65
64 56 61
29 34 33
42 40 24
54 56 53
56 44 44
48 60 64
64 43 48
53 58 47
53 50 53
56 62 71
22 37 29
40 24 31
60 65 58
36 20 19
30 31 24
68 70 42
69 42 67
61 72 63
33 21 38
50 57 42
23 27 24
56 53 52
43 55 56
60 55 72
67 42 45
38 40 26
37 25 22
68 72 54
42 53 69
32 33 27
68 50 46
50 53 57
56 58 45
34 26 28
32 32 31
44 69 47
39 23 38
55 72 65
63 53 64
56 48 58
31 28 33
53 49 57
71 68 42
69 59 66
71 70 51
35 41 20
53 67 64
33 26 20
