# MHKP instance for submodel V0 of Deplano et al. (2019)
# BINS:  length width height priority
# ITEMS: length width height
# beta (gcd of item sides) = 1
BINS
120 120 120 5.78703703704e-07
ITEMS
20 29 22
54 71 72
45 65 54
63 43 69
30 21 23
52 54 66
62 68 68
52 49 44
61 72 72
64 69 49
38 37 33
55 43 72
50 48 63
46 46 61
26 29 21
61 52 56
62 48 53
46 64 62
62 57 72
58 53 49
38 31 42
38 28 20
60 70 62
45 64 71
70 45 60
63 49 64
59 71 68
31 21 30
63 71 59
53 51 70
61 45 45
32 40 38
72 53 52
43 56 71
60 57 68
46 56 48
64 43 58
21 38 42
43 59 67
68 64 46
61 64 69
59 67 70
63 42 64
60 60 51
38 28 37
45 52 52
48 61 48
47 48 72
69 42 66
54 47 60
60 55 47
38 35 39
28 20 23
56 55 42
55 65 50
63 63 68
44 68 53
24 27 37
62 69 57
43 43 53
46 58 54
66 71 43
60 43 57
70 54 71
59 51 49
64 42 56
58 44 43
70 45 45
30 30 28
33 41 27
42 48 59
63 67 69
30 36 33
25 40 35
60 68 72
61 51 50
51 61 62
20 29 20
62 63 67
50 70 57
55 53 68
30 37 34
68 62 63
56 43 66
61 55 59
68 53 65
57 65 44
45 70 68
48 42 64
42 53 71
60 59 71
67 53 44
64 72 69
25 25 39
52 66 68
20 40 25
42 70 69
42 48 66
40 21 38
55 64 70
46 56 64
38 31 23
47 52 49
63 72 42
22 35 24
70 54 57
63 50 64
43 42 66
57 56 65
62 69 62
50 46 52
56 59 56
64 51 63
58 58 65
21 37 20
66 59 50
42 62 54
49 45 56
35 33 22
62 47 58
52 61 63
50 47 54
69 43 58
62 63 53
58 60 58
69 55 53
19 19 28
56 43 69
27 32 31
39 19 40
57 44 59
44 57 70
67 57 52
57 62 50
71 49 63
23 33 34
41 25 42
20 19 28
56 48 43
60 59 72
37 39 29
71 65 67
35 34 22
67 45 54
72 56 65
64 46 66
33 26 32
49 52 43
55 64 66
37 35 39
56 54 42
28 40 18
57 64 47
48 42 53
55 67 45
45 58 68
54 43 64
28 33 36
40 31 32
37 42 32
63 69 52
38 39 41
31 35 42
42 50 54
32 19 32
28 19 40
67 65 50
72 58 61
52 72 69
62 58 55
64 47 62
22 21 40
26 24 27
65 49 55
26 37 39
63 42 68
72 50 44
47 47 46
65 58 65
43 60 44
