# MHKP instance for submodel V0 of Deplano et al. (2019)
# BINS:  length width height priority
# ITEMS: length width height
# beta (gcd of item sides) = 1
BINS
120 120 120 5.78703703704e-07
ITEMS
54 44 50
43 48 54
68 45 50
29 31 23
51 61 71
27 38 18
69 43 61
39 40 27
66 60 45
57 67 63
58 63 66
71 68 69
49 49 61
58 56 63
60 56 49
60 67 47
20 29 42
33 23 32
39 35 26
70 71 59
45 50 72
69 46 45
46 46 69
48 69 65
59 52 56
45 55 62
37 41 31
59 54 63
20 25 31
49 45 70
63 69 47
47 55 70
57 48 42
48 57 68
24 30 32
22 42 25
72 53 72
29 25 38
41 34 18
24 25 28
22 31 40
37 26 21
68 47 56
46 72 57
51 58 59
72 68 44
33 34 23
30 20 42
54 56 60
42 45 62
57 69 54
18 42 19
54 65 47
72 47 51
44 56 63
51 66 65
67 50 56
55 47 65
47 44 64
63 69 42
56 61 45
64 49 68
30 22 31
54 55 43
59 71 68
44 71 63
28 21 20
55 67 60
61 68 57
53 46 45
64 57 47
23 27 34
47 68 67
51 46 48
39 42 26
45 44 71
53 57 68
23 21 41
37 40 37
32 32 42
60 44 44
66 58 68
42 35 19
58 47 43
43 53 71
53 55 48
46 53 62
71 53 45
38 22 28
71 53 61
57 60 47
72 43 62
71 70 51
31 31 22
47 42 57
18 27 39
56 66 49
67 65 67
64 65 59
62 72 65
21 22 38
49 66 59
45 61 57
68 68 64
48 69 68
42 60 48
38 18 38
54 45 58
49 61 72
57 59 62
48 47 57
58 62 60
69 71 72
43 57 59
54 45 65
65 67 53
59 71 52
53 71 49
46 67 55
50 53 60
58 60 54
47 44 72
33 25 34
54 65 47
69 55 43
62 46 66
51 49 58
58 56 69
29 22 39
41 33 21
65 57 47
72 46 53
31 36 27
49 46 58
52 55 59
20 38 25
63 53 48
54 53 58
35 31 33
19 40 25
31 19 33
70 51 64
72 56 57
67 49 67
56 42 55
44 68 44
58 70 56
55 42 64
61 50 67
58 66 44
45 64 65
53 60 69
70 51 48
39 31 39
43 57 68
65 55 49
68 70 51
60 71 68
70 43 59
70 57 49
31 35 40
45 64 45
48 43 46
46 63 42
21 25 37
27 26 40
22 41 28
40 18 37
63 46 48
68 68 70
67 64 61
54 53 67
61 68 44
56 64 56
55 46 42
42 44 42
25 25 25
57 54 72
70 43 59
20 21 35
