# MHKP instance for submodel V0 of Deplano et al. (2019)
# BINS:  length width height priority
# ITEMS: length width height
# beta (gcd of item sides) = 1
BINS
120 120 120 5.78703703704e-07
ITEMS
43 67 71
53 70 65
49 54 55
64 65 67
55 52 59
31 26 30
42 53 56
42 23 27
41 36 39
26 19 32
44 46 57
20 33 27
37 20 33
63 72 65
54 62 69
45 69 54
23 22 29
56 59 47
35 25 27
42 24 33
71 60 53
64 61 46
67 50 55
49 57 57
69 59 61
42 18 38
34 36 39
42 41 31
18 39 26
51 66 45
31 33 40
40 32 24
48 68 50
18 33 24
60 50 65
64 44 70
21 30 29
66 52 48
50 59 57
25 23 39
67 56 53
22 20 40
43 56 70
61 43 49
21 26 40
65 47 56
47 53 51
68 56 69
49 44 62
59 71 68
53 61 48
72 56 56
52 64 42
33 28 40
43 51 65
18 39 38
51 70 66
42 47 53
40 39 18
54 67 67
38 25 29
55 58 72
62 54 54
43 64 61
38 18 31
67 62 45
52 55 62
65 53 63
44 50 51
69 69 61
48 67 53
56 59 42
53 43 57
60 66 67
40 28 32
47 51 57
51 58 46
31 18 42
35 22 42
66 45 61
43 47 58
31 40 23
43 47 47
52 55 58
44 65 55
67 45 67
57 57 43
72 52 65
68 71 56
56 54 67
66 48 54
45 43 51
70 59 70
36 20 21
71 49 61
47 64 43
64 65 56
19 32 30
39 36 39
63 43 64
28 26 33
66 71 50
54 70 47
59 59 67
67 61 50
64 63 47
69 70 63
21 23 20
53 66 65
38 20 40
65 44 66
59 55 49
21 40 38
56 44 52
58 69 59
69 50 51
53 54 55
63 57 45
67 45 43
72 50 52
58 62 52
56 42 64
29 27 24
65 70 71
55 47 68
61 68 61
27 38 25
69 61 45
60 50 49
20 36 42
72 60 64
44 50 62
70 72 66
60 69 58
64 64 56
62 52 70
68 51 61
72 66 59
50 47 42
43 55 48
20 23 39
51 49 52
24 33 33
68 49 51
31 41 24
59 61 70
59 71 47
60 62 63
69 62 65
44 71 61
21 39 23
19 38 35
23 26 29
39 32 23
56 53 69
39 21 37
43 48 53
64 53 57
28 30 34
67 60 52
43 72 65
19 28 39
65 66 67
51 46 71
36 37 18
29 23 35
26 39 27
67 50 66
58 72 49
44 47 57
44 61 65
58 63 54
59 67 63
68 50 44
59 64 51
52 72 70
70 51 42
66 64 44
42 57 59
64 67 65
