# MHKP instance for submodel V0 of Deplano et al. (2019)
# BINS:  length width height priority
# ITEMS: length width height
# beta (gcd of item sides) = 1
BINS
120 120 120 5.78703703704e-07
ITEMS
52 59 67
47 71 50
68 65 64
32 23 29
18 32 38
42 56 46
69 52 52
33 34 21
61 67 68
60 70 57
64 69 72
63 46 48
53 51 45
49 57 54
45 46 70
69 67 49
47 62 42
52 48 43
27 38 33
66 62 62
58 48 72
58 66 55
28 24 28
32 38 41
59 42 42
59 48 42
43 62 43
27 32 18
63 51 45
65 53 50
50 55 43
27 18 24
42 49 52
28 42 41
48 52 65
43 53 72
46 53 61
35 24 19
71 61 62
24 36 33
43 58 66
71 68 45
20 37 23
21 39 39
35 34 35
30 31 38
39 38 28
69 45 53
21 20 24
64 65 71
46 64 47
48 62 69
56 69 56
68 47 70
38 33 42
40 27 37
37 33 39
53 61 72
41 32 25
27 39 29
63 48 53
50 60 54
62 52 44
56 68 58
47 44 45
34 36 40
71 60 61
52 60 49
57 57 63
63 55 66
55 54 52
32 35 26
21 28 20
58 55 65
47 61 47
57 55 68
47 43 55
19 37 33
59 68 54
62 42 56
71 55 60
62 67 55
66 64 63
50 58 47
55 70 58
49 69 62
46 62 60
37 22 20
52 64 65
39 34 18
56 54 44
49 53 46
40 33 31
21 40 19
64 47 52
70 66 53
31 26 22
57 44 44
48 55 54
46 50 60
56 72 47
66 46 66
22 30 36
45 50 48
46 65 43
69 48 50
19 32 22
18 28 40
44 59 63
71 44 66
32 37 24
61 66 50
65 55 51
62 51 63
26 34 29
45 55 63
63 60 43
45 49 52
65 64 69
33 23 34
63 45 57
72 43 64
49 67 46
58 52 46
61 44 45
68 46 52
32 21 23
31 34 27
51 56 50
36 24 26
47 56 56
48 54 49
51 42 50
25 33 23
66 68 54
30 18 30
67 61 51
45 60 52
42 31 28
26 21 27
49 47 57
23 22 24
39 36 41
61 69 44
58 47 42
64 71 70
72 53 54
46 58 63
62 58 52
29 18 21
48 55 61
39 25 36
19 33 29
28 30 38
41 21 32
57 50 42
59 68 55
21 38 25
43 54 67
23 41 30
51 70 52
46 48 70
19 33 27
57 42 42
66 50 51
59 45 44
40 38 34
43 65 55
61 59 46
35 26 19
39 21 34
32 36 38
48 50 42
37 38 18
26 34 41
51 56 59
43 60 45
46 58 54
56 71 63
63 51 42
