# MHKP instance for submodel V0 of Deplano et al. (2019)
# BINS:  length width height priority
# ITEMS: length width height
# beta (gcd of item sides) = 1
BINS
120 120 120 5.78703703704e-07
ITEMS
70 49 65
25 37 30
25 30 25
28 41 34
39 22 25
49 66 61
47 65 46
40 25 32
54 51 53
56 71 45
69 59 46
51 61 53
46 68 61
26 33 28
44 58 51
46 72 62
54 44 57
50 71 65
40 34 42
22 32 37
33 22 34
21 22 39
52 59 52
30 20 32
70 56 50
52 60 56
55 71 51
56 71 42
18 22 32
68 54 52
44 43 72
18 32 19
63 69 70
49 54 61
69 49 58
33 27 19
64 69 47
33 32 26
59 70 49
47 54 52
26 42 22
46 62 42
64 71 61
31 27 42
61 50 67
64 57 60
45 50 66
72 67 72
42 66 68
56 64 47
69 51 64
39 28 32
60 44 43
37 18 23
45 46 42
50 69 62
37 28 42
42 48 47
23 18 20
48 72 67
70 49 43
49 71 72
29 41 18
30 28 25
52 49 51
32 26 26
24 27 42
56 61 54
50 71 70
31 22 40
56 69 54
46 53 44
56 42 72
56 42 57
51 65 70
63 71 53
43 66 69
59 68 42
69 70 67
72 44 50
60 56 59
64 57 44
32 26 26
43 55 51
49 51 55
51 52 57
49 70 46
42 47 42
19 33 32
55 54 54
18 22 19
27 34 33
71 60 56
63 54 59
54 50 57
58 53 55
51 72 49
21 38 34
67 65 44
71 43 71
56 65 62
36 41 23
20 33 27
24 21 21
71 45 66
34 21 18
18 36 19
66 65 61
28 19 36
38 20 31
49 43 67
71 64 72
21 21 20
37 23 29
64 54 65
18 26 21
53 66 72
40 20 36
32 27 35
39 36 31
70 66 42
48 61 43
68 43 51
56 56 45
42 72 49
56 58 69
42 45 61
65 71 50
60 69 46
56 64 56
50 62 64
63 52 58
67 43 53
38 29 38
66 71 61
58 42 46
69 51 62
34 19 26
69 44 72
19 20 40
19 32 21
25 37 37
55 55 45
34 40 28
56 70 52
34 39 20
45 71 57
65 43 57
44 70 42
45 47 59
19 29 39
49 63 55
51 53 69
70 64 57
27 26 28
45 68 47
59 45 48
43 54 46
68 49 43
56 68 56
44 61 70
60 42 67
42 39 28
63 70 53
42 38 26
63 52 71
24 25 32
27 39 22
70 66 63
44 71 71
60 51 44
46 68 53
60 47 46
33 20 28
47 55 45
57 49 67
38 31 20
59 50 64
60 59 69
62 48 43
