# MHKP instance for submodel V0 of Deplano et al. (2019)
# BINS:  length width height priority
# ITEMS: length width height
# beta (gcd of item sides) = 1
BINS
120 120 120 5.78703703704e-07
ITEMS
27 40 29
62 43 46
49 55 59
24 18 39
72 46 55
49 59 61
19 38 37
22 24 27
52 47 44
55 60 45
31 35 36
37 30 26
44 47 59
68 43 68
35 39 39
43 66 47
61 44 46
57 68 60
65 51 63
66 52 64
71 50 51
45 72 57
49 44 72
64 58 46
70 59 61
59 50 43
37 38 24
42 71 60
72 53 72
47 43 67
63 61 45
53 55 70
56 48 50
42 60 63
49 49 57
31 26 28
61 45 49
59 42 62
61 61 45
29 39 22
64 43 62
27 22 19
40 31 42
71 48 69
23 39 24
18 29 39
53 66 67
69 50 55
72 54 70
60 63 44
45 66 45
25 31 25
18 24 29
42 30 32
66 72 68
23 34 33
40 41 36
58 62 47
66 61 48
49 57 70
53 72 46
41 20 20
24 37 34
55 59 67
36 22 19
43 57 65
44 72 50
47 69 54
48 50 46
21 34 22
44 46 64
69 59 62
18 29 25
44 57 57
43 43 68
27 22 34
22 29 21
68 59 53
46 66 50
64 55 55
51 45 51
50 57 67
44 71 66
56 60 44
65 68 61
24 32 30
51 64 72
43 62 67
28 41 30
65 69 62
51 65 63
56 47 67
64 53 60
66 53 52
49 49 49
25 35 31
70 42 70
51 54 67
33 31 26
27 30 32
54 59 47
52 47 52
72 51 53
58 61 60
58 49 43
61 44 44
30 36 37
52 52 57
38 29 41
49 68 67
31 34 41
50 58 67
67 71 59
43 60 65
47 65 59
56 47 63
43 58 68
71 65 71
37 37 21
36 31 33
34 19 26
49 42 57
60 53 54
19 27 25
68 50 65
31 24 22
26 33 33
36 41 30
42 19 20
29 42 24
65 43 53
41 18 37
49 48 70
21 22 23
18 23 38
19 25 31
46 45 71
66 46 68
65 69 61
71 55 67
29 30 30
32 31 42
61 62 44
40 27 20
66 50 43
58 57 60
27 35 19
55 61 42
65 49 62
46 48 51
59 47 71
46 61 71
48 62 64
54 60 58
67 54 58
24 26 20
67 47 60
56 63 65
69 69 62
62 42 55
45 65 52
71 70 68
68 69 57
63 60 51
69 59 49
24 21 29
53 44 51
54 70 62
57 51 64
54 71 56
44 50 43
68 58 70
23 41 34
57 47 42
45 52 44
59 50 58
68 53 69
42 58 45
28 22 38
70 69 72
