# MHKP instance for submodel V0 of Deplano et al. (2019)
# BINS:  length width height priority
# ITEMS: length width height
# beta (gcd of item sides) = 1
BINS
120 120 120 5.78703703704e-07
ITEMS
46 62 69
42 56 63
44 43 42
21 30 28
48 44 56
62 62 61
52 44 61
51 69 70
36 27 34
54 56 56
47 70 55
49 51 52
61 71 52
20 24 19
25 32 18
64 71 59
53 47 63
55 57 66
60 56 72
42 18 32
18 41 28
68 46 71
48 60 71
50 69 54
32 25 25
67 46 60
44 60 47
64 42 69
51 55 56
64 70 70
59 69 64
55 68 64
53 63 71
56 69 66
68 56 52
64 65 43
19 26 40
40 31 33
68 65 49
43 49 69
59 44 45
56 51 52
66 63 44
44 66 42
61 53 43
61 51 63
65 66 48
49 42 54
19 37 30
19 31 33
39 19 27
70 44 52
35 26 40
49 60 68
58 47 67
62 58 51
53 69 43
65 67 61
46 58 47
46 57 55
56 43 57
54 42 48
62 44 50
50 55 63
66 72 71
35 22 34
53 67 68
56 47 46
65 66 56
53 56 63
23 23 37
48 47 62
50 59 43
41 29 42
64 51 71
47 55 57
52 43 55
33 30 18
29 19 22
47 69 50
28 23 36
54 55 71
46 60 59
51 42 65
51 53 64
30 24 18
68 56 67
72 61 60
68 42 43
48 58 42
64 62 43
60 44 71
25 31 36
41 37 20
72 43 47
43 51 70
68 50 44
54 47 69
55 55 43
58 63 52
46 68 46
42 51 64
67 54 54
58 59 58
47 50 54
18 18 28
62 59 64
66 56 72
67 67 54
30 42 23
37 22 34
45 56 62
51 53 58
50 45 66
45 72 58
56 66 65
26 19 36
66 71 62
55 46 44
28 29 40
54 57 63
66 61 72
61 62 56
19 34 27
68 51 53
54 61 63
70 49 47
58 57 66
47 57 60
31 41 18
20 21 25
61 62 47
44 46 49
61 52 71
37 23 30
25 26 29
32 40 27
34 20 31
31 19 25
52 46 54
70 48 67
50 53 52
35 39 18
61 47 63
23 24 37
63 57 43
61 66 67
46 49 50
35 27 39
21 21 19
62 50 48
55 46 54
64 43 61
51 47 72
60 66 58
60 71 69
21 29 28
33 36 38
60 57 42
25 19 28
51 53 72
67 54 69
71 60 64
71 58 44
18 24 42
65 51 54
41 39 29
61 56 61
43 69 48
53 67 60
42 66 58
49 65 52
43 67 44
20 38 19
64 68 54
45 50 46
20 42 31
52 69 56
28 22 26
34 21 25
