# MHKP instance for submodel V0 of Deplano et al. (2019)
# BINS:  length width height priority
# ITEMS: length width height
# beta (gcd of item sides) = 1
BINS
120 120 120 5.78703703704e-07
ITEMS
43 70 57
23 20 29
56 48 52
46 70 52
71 65 71
61 46 72
48 64 48
47 42 63
53 72 48
68 48 54
63 64 56
59 64 61
59 47 71
64 70 72
34 35 41
44 53 55
48 59 43
55 51 65
38 24 42
58 56 60
24 41 24
20 41 22
56 69 53
36 28 27
72 46 59
70 54 42
59 50 50
42 19 36
68 54 66
21 33 37
35 34 23
23 37 33
64 70 48
58 68 65
30 19 21
64 57 46
47 70 52
20 33 24
22 35 23
50 51 42
50 50 59
48 64 66
67 62 54
59 59 59
43 51 60
49 44 50
71 60 54
50 50 47
55 72 69
70 43 69
68 72 48
49 65 43
55 62 43
72 46 54
69 70 45
58 56 70
22 34 23
64 60 47
53 44 60
64 72 49
46 47 62
69 42 45
27 22 29
56 70 70
20 25 20
18 21 27
54 44 61
56 66 43
19 31 36
26 39 20
46 60 64
37 39 41
46 69 69
59 72 60
46 48 62
51 60 52
66 68 60
54 64 63
53 56 67
54 70 66
66 68 42
52 70 58
58 48 51
63 46 60
31 25 29
36 18 37
38 26 18
55 63 51
61 69 54
42 18 30
56 59 70
25 19 39
62 68 58
60 53 60
36 21 34
42 28 34
61 53 53
52 53 52
25 34 27
62 58 70
69 72 42
34 32 41
63 62 55
39 38 37
56 51 55
71 54 45
62 65 59
71 58 47
51 42 69
63 62 58
69 49 57
52 71 54
19 32 32
45 49 69
28 33 35
67 42 63
45 44 53
18 41 36
60 56 66
46 64 46
43 53 70
44 51 61
45 46 60
42 54 71
68 60 58
59 50 52
51 70 53
71 59 51
66 71 69
55 42 52
48 48 57
67 58 53
41 34 25
23 34 20
34 26 32
41 22 26
27 40 26
54 60 42
54 65 54
29 24 29
38 31 22
55 45 67
45 71 52
22 30 23
26 30 42
32 32 20
72 65 53
62 53 49
56 61 47
71 59 46
70 47 44
59 59 65
48 66 50
46 54 47
60 43 65
45 62 56
63 67 51
69 66 49
63 61 67
43 67 55
36 37 30
55 49 47
63 42 64
19 29 19
59 71 48
42 26 21
69 67 59
55 55 53
52 66 42
39 23 27
49 59 48
43 63 59
43 47 65
56 42 72
67 69 54
48 48 55
20 37 42
35 31 31
43 66 57
52 65 62
