# MHKP instance for submodel V0 of Deplano et al. (2019)
# BINS:  length width height priority
# ITEMS: length width height
# beta (gcd of item sides) = 1
BINS
120 120 120 5.78703703704e-07
144 120 120 4.8225308642e-07
168 144 120 3.444664903e-07
192 168 144 2.15291556437e-07
240 192 168 1.29174933862e-07
ITEMS
138 98 93
40 30 32
115 85 90
86 101 77
64 30 51
126 95 61
135 104 66
131 77 67
52 29 34
56 51 27
116 70 69
109 104 81
117 102 85
138 72 72
125 106 88
38 53 46
96 88 66
122 106 67
104 103 98
116 86 87
140 112 67
93 82 88
120 80 85
108 104 87
94 75 58
89 96 94
125 94 68
61 34 39
102 77 80
112 101 69
51 45 28
130 115 96
85 110 92
140 99 73
112 98 64
143 69 69
89 102 66
107 67 94
55 62 35
96 83 89
