# MHKP instance for submodel V0 of Deplano et al. (2019)
# BINS:  length width height priority
# ITEMS: length width height
# beta (gcd of item sides) = 1
BINS
120 120 120 5.78703703704e-07
144 120 120 4.8225308642e-07
168 144 120 3.444664903e-07
192 168 144 2.15291556437e-07
240 192 168 1.29174933862e-07
ITEMS
58 36 54
58 53 35
131 105 97
55 35 56
74 64 40
107 102 95
118 82 60
92 113 83
124 81 82
105 102 90
144 67 65
57 35 38
101 98 79
136 84 71
62 51 40
138 76 74
141 69 97
74 31 52
115 76 86
83 43 27
61 35 46
108 98 71
137 84 83
49 63 43
101 83 67
45 43 33
89 86 70
95 98 58
137 72 81
128 77 61
134 82 65
104 78 91
108 109 70
119 99 83
131 90 69
120 70 96
64 40 35
92 68 61
118 72 96
120 67 73
