# MHKP instance for submodel V0 of Deplano et al. (2019)
# BINS:  length width height priority
# ITEMS: length width height
# beta (gcd of item sides) = 1
BINS
120 120 120 5.78703703704e-07
144 120 120 4.8225308642e-07
168 144 120 3.444664903e-07
192 168 144 2.15291556437e-07
240 192 168 1.29174933862e-07
ITEMS
86 78 65
62 31 29
40 47 33
124 106 80
132 85 67
100 74 60
107 94 67
116 80 100
126 96 95
120 112 72
49 41 35
129 68 95
54 59 54
66 65 37
71 33 37
122 70 64
119 114 84
76 58 26
66 66 31
113 114 84
121 104 68
83 39 49
141 70 67
114 67 95
75 45 28
102 99 100
121 76 93
91 105 64
93 115 91
137 83 68
128 115 76
95 97 67
38 63 34
75 53 25
116 100 60
88 79 75
136 109 75
62 58 42
89 94 76
79 52 49
