# MHKP instance for submodel V0 of Deplano et al. (2019)
# BINS:  length width height priority
# ITEMS: length width height
# beta (gcd of item sides) = 1
BINS
120 120 120 5.78703703704e-07
144 120 120 4.8225308642e-07
168 144 120 3.444664903e-07
192 168 144 2.15291556437e-07
240 192 168 1.29174933862e-07
ITEMS
66 67 54
120 89 78
59 34 49
134 109 75
110 109 60
121 100 72
107 88 89
127 104 74
110 105 87
129 89 58
109 105 93
142 109 93
126 75 85
112 104 99
76 38 36
76 43 29
106 87 58
141 97 97
138 105 65
72 51 37
144 71 89
118 68 84
109 97 83
113 105 93
138 105 58
104 92 89
43 53 49
93 99 66
118 67 77
49 62 34
124 92 92
47 43 56
38 62 37
54 48 32
117 67 60
118 83 92
86 94 64
130 76 72
85 87 63
102 85 71
