# MHKP instance for submodel V0 of Deplano et al. (2019)
# BINS:  length width height priority
# ITEMS: length width height
# beta (gcd of item sides) = 1
BINS
120 120 120 5.78703703704e-07
144 120 120 4.8225308642e-07
168 144 120 3.444664903e-07
192 168 144 2.15291556437e-07
240 192 168 1.29174933862e-07
ITEMS
107 90 89
134 98 62
125 97 86
97 79 98
127 71 97
105 92 81
108 114 89
132 67 79
112 113 77
130 105 86
88 79 83
126 100 81
70 61 52
86 70 87
87 93 86
117 76 63
130 80 79
95 72 75
97 110 85
141 99 86
37 48 53
52 66 34
106 114 74
78 45 29
42 37 30
105 83 86
117 106 68
111 113 80
135 70 67
116 114 63
99 94 100
144 98 99
132 99 72
143 93 91
124 87 75
98 96 70
122 91 64
42 43 52
76 30 34
102 80 74
