# MHKP instance for submodel V0 of Deplano et al. (2019)
# BINS:  length width height priority
# ITEMS: length width height
# beta (gcd of item sides) = 1
BINS
120 120 120 5.78703703704e-07
144 120 120 4.8225308642e-07
168 144 120 3.444664903e-07
192 168 144 2.15291556437e-07
240 192 168 1.29174933862e-07
ITEMS
82 35 37
141 75 73
50 55 30
118 70 58
144 98 81
71 65 48
113 109 66
106 72 91
127 110 68
102 99 82
88 67 88
38 56 56
82 50 58
65 33 53
144 69 76
114 88 98
129 94 58
62 48 25
114 69 73
122 69 75
130 100 77
97 115 97
84 99 64
84 78 85
40 65 42
141 113 87
77 62 41
42 31 31
121 87 68
60 41 40
114 99 97
142 107 91
58 40 43
124 74 74
86 77 93
103 113 79
134 89 93
132 109 81
131 98 79
132 112 67
