# MHKP instance for submodel V0 of Deplano et al. (2019)
# BINS:  length width height priority
# ITEMS: length width height
# beta (gcd of item sides) = 1
BINS
120 120 120 5.78703703704e-07
144 120 120 4.8225308642e-07
168 144 120 3.444664903e-07
192 168 144 2.15291556437e-07
240 192 168 1.29174933862e-07
ITEMS
141 78 95
45 67 33
117 78 81
143 69 90
93 112 73
88 77 97
57 44 42
62 56 49
119 68 100
46 60 27
65 28 43
74 47 25
89 74 61
64 63 38
93 86 92
102 88 84
127 97 60
128 99 71
60 58 27
138 76 77
36 56 30
51 61 31
87 110 80
119 70 69
130 95 80
117 72 83
104 82 60
134 86 92
73 59 37
113 73 83
91 115 62
105 75 98
103 110 93
137 109 83
135 69 61
37 37 38
95 107 71
79 43 28
130 82 87
85 110 94
