# MHKP instance for submodel V0 of Deplano et al. (2019)
# BINS:  length width height priority
# ITEMS: length width height
# beta (gcd of item sides) = 1
BINS
120 120 120 5.78703703704e-07
144 120 120 4.8225308642e-07
168 144 120 3.444664903e-07
192 168 144 2.15291556437e-07
240 192 168 1.29174933862e-07
ITEMS
105 111 92
59 64 32
66 52 30
80 60 43
97 95 87
91 92 63
38 56 39
62 63 40
128 105 72
132 95 61
45 66 52
77 53 27
126 80 97
107 73 64
74 62 56
61 48 47
41 47 55
115 91 73
119 88 79
96 103 90
143 70 60
80 57 51
78 50 30
106 90 78
134 73 97
100 76 93
64 50 34
46 42 56
51 50 42
138 69 100
69 65 33
87 76 88
41 63 57
128 84 96
92 99 61
109 105 67
137 89 82
113 80 70
106 79 82
109 107 88
