# MHKP instance for submodel V0 of Deplano et al. (2019)
# BINS:  length width height priority
# ITEMS: length width height
# beta (gcd of item sides) = 1
BINS
120 120 120 5.78703703704e-07
144 120 120 4.8225308642e-07
168 144 120 3.444664903e-07
192 168 144 2.15291556437e-07
240 192 168 1.29174933862e-07
ITEMS
57 40 29
85 114 61
88 85 60
140 71 59
105 106 72
93 97 80
91 67 99
117 111 60
53 62 28
62 44 52
132 81 94
91 95 83
94 96 88
94 100 91
142 113 81
50 63 50
72 39 36
85 70 69
51 39 36
41 54 50
122 83 74
121 70 92
73 64 47
133 89 60
108 76 71
100 90 86
67 48 46
119 101 80
122 99 76
94 82 83
66 67 39
127 81 97
108 114 76
87 110 65
140 70 96
84 114 96
137 80 60
105 77 74
66 41 36
82 33 35
