# MHKP instance for submodel V0 of Deplano et al. (2019)
# BINS:  length width height priority
# ITEMS: length width height
# beta (gcd of item sides) = 1
BINS
120 120 120 5.78703703704e-07
144 120 120 4.8225308642e-07
168 144 120 3.444664903e-07
192 168 144 2.15291556437e-07
240 192 168 1.29174933862e-07
ITEMS
61 66 32
117 90 74
102 86 95
38 41 46
84 100 66
112 73 99
76 45 48
98 99 80
127 106 78
81 34 40
74 39 48
112 82 62
126 105 94
111 78 61
87 108 61
84 51 56
72 30 43
129 86 67
95 82 77
107 106 95
99 97 82
139 77 64
81 51 27
62 35 27
42 32 26
69 52 32
46 61 37
120 69 82
120 114 86
144 102 80
141 97 71
131 99 91
83 43 51
56 30 46
78 48 45
75 32 31
112 102 82
58 50 37
84 45 37
65 29 47
