# MHKP instance for submodel V0 of Deplano et al. (2019)
# BINS:  length width height priority
# ITEMS: length width height
# beta (gcd of item sides) = 1
BINS
120 120 120 5.78703703704e-07
144 120 120 4.8225308642e-07
168 144 120 3.444664903e-07
192 168 144 2.15291556437e-07
240 192 168 1.29174933862e-07
ITEMS
138 76 83
78 46 44
139 71 64
121 75 78
125 83 68
45 58 58
124 115 77
96 76 63
110 86 70
47 54 29
87 77 77
117 88 96
52 57 31
123 72 74
37 38 51
99 94 93
126 82 84
89 84 91
67 29 25
124 87 72
108 75 87
83 30 30
88 75 88
142 98 95
66 65 40
119 90 89
131 113 94
70 56 41
133 115 75
139 104 72
65 32 44
67 30 34
127 79 94
100 74 70
115 95 77
75 51 52
43 56 38
140 94 90
140 107 75
39 48 46
