# MHKP instance for submodel V0 of Deplano et al. (2019)
# BINS:  length width height priority
# ITEMS: length width height
# beta (gcd of item sides) = 1
BINS
120 120 120 5.78703703704e-07
144 120 120 4.8225308642e-07
168 144 120 3.444664903e-07
192 168 144 2.15291556437e-07
240 192 168 1.29174933862e-07
ITEMS
100 85 67
92 104 58
136 93 71
91 84 76
89 91 71
124 96 81
126 79 89
110 79 84
110 99 60
86 77 63
140 67 73
141 98 75
46 66 26
107 82 68
103 67 67
92 68 96
83 49 52
115 86 62
129 86 58
141 87 92
72 31 43
144 104 100
98 102 98
91 84 64
143 78 63
139 78 100
114 84 61
142 113 67
108 74 71
118 103 66
144 67 82
113 109 59
83 46 27
49 60 45
112 72 95
143 71 89
130 100 74
89 85 63
105 91 95
142 78 67
