# MHKP instance for submodel V0 of Deplano et al. (2019)
# BINS:  length width height priority
# ITEMS: length width height
# beta (gcd of item sides) = 1
BINS
120 120 120 5.78703703704e-07
144 120 120 4.8225308642e-07
168 144 120 3.444664903e-07
192 168 144 2.15291556437e-07
240 192 168 1.29174933862e-07
ITEMS
106 72 97
113 103 73
124 105 58
107 83 80
59 58 53
88 95 86
113 71 99
74 47 36
40 52 52
115 100 59
54 34 38
73 29 27
119 90 65
63 45 51
101 101 98
38 45 38
115 85 72
104 90 94
100 99 59
51 48 41
38 53 44
95 92 85
67 64 43
114 81 98
125 113 82
118 100 90
134 67 74
85 69 81
48 67 32
102 90 99
129 95 79
37 36 54
113 70 70
114 104 69
57 61 38
121 84 92
142 90 99
129 73 74
143 93 74
96 89 69
