# MHKP instance for submodel V0 of Deplano et al. (2019)
# BINS:  length width height priority
# ITEMS: length width height
# beta (gcd of item sides) = 1
BINS
120 120 120 5.78703703704e-07
144 120 120 4.8225308642e-07
168 144 120 3.444664903e-07
192 168 144 2.15291556437e-07
240 192 168 1.29174933862e-07
ITEMS
57 41 48
90 97 64
143 102 78
114 111 63
138 92 97
93 72 79
143 77 89
136 102 97
96 67 86
143 94 67
122 79 76
114 78 91
57 63 48
125 87 84
118 97 97
79 45 46
41 52 37
78 35 46
60 50 56
98 71 74
44 29 26
135 79 69
105 87 70
39 64 28
104 93 89
55 65 54
87 100 59
85 103 79
138 100 64
143 68 59
139 81 62
79 51 47
99 77 76
56 58 26
109 85 68
124 84 100
138 103 72
110 84 95
115 69 76
137 106 83
