# MHKP instance for submodel V0 of Deplano et al. (2019)
# BINS:  length width height priority
# ITEMS: length width height
# beta (gcd of item sides) = 1
BINS
120 120 120 5.78703703704e-07
144 120 120 4.8225308642e-07
168 144 120 3.444664903e-07
192 168 144 2.15291556437e-07
240 192 168 1.29174933862e-07
ITEMS
59 29 56
57 57 52
47 44 36
62 30 53
84 44 45
101 106 92
97 98 66
84 105 93
109 88 94
76 64 57
108 107 92
135 88 91
117 86 58
68 52 47
114 94 73
40 56 35
40 43 32
108 110 58
106 115 59
128 111 90
112 69 67
124 108 89
112 100 80
106 80 75
104 102 81
126 81 94
121 93 76
136 100 84
54 51 51
91 113 97
96 99 66
127 104 95
105 84 86
39 38 52
63 44 45
56 50 35
93 86 65
131 88 77
135 73 93
53 45 29
