# MHKP instance for submodel V0 of Deplano et al. (2019)
# BINS:  length width height priority
# ITEMS: length width height
# beta (gcd of item sides) = 1
BINS
120 120 120 5.78703703704e-07
144 120 120 4.8225308642e-07
168 144 120 3.444664903e-07
192 168 144 2.15291556437e-07
240 192 168 1.29174933862e-07
ITEMS
134 68 73
126 81 100
110 67 73
60 62 58
130 71 76
57 56 41
126 69 86
102 74 88
115 84 63
116 70 99
70 32 43
60 52 45
121 89 59
98 69 70
66 49 55
40 37 32
69 40 53
88 106 97
108 85 79
114 73 95
128 92 87
118 90 89
79 63 38
125 72 91
72 50 33
105 95 80
127 88 87
88 105 79
138 101 91
54 53 35
136 89 76
86 96 70
121 68 68
131 70 94
125 94 82
110 91 58
125 90 71
59 46 36
50 64 52
100 71 61
