# MHKP instance for submodel V0 of Deplano et al. (2019)
# BINS:  length width height priority
# ITEMS: length width height
# beta (gcd of item sides) = 1
BINS
120 120 120 5.78703703704e-07
144 120 120 4.8225308642e-07
168 144 120 3.444664903e-07
192 168 144 2.15291556437e-07
240 192 168 1.29174933862e-07
ITEMS
135 69 67
96 77 59
116 74 85
74 43 35
116 103 87
140 67 63
143 108 90
115 83 59
115 96 74
96 111 97
108 69 91
86 95 62
94 92 89
113 102 86
78 31 45
38 57 28
93 77 65
119 87 66
122 81 64
137 110 74
60 65 31
100 74 64
128 100 78
91 93 65
73 33 52
81 44 54
140 97 89
98 86 67
42 35 47
72 44 41
88 89 84
86 68 97
91 113 73
109 115 97
53 64 27
86 93 87
136 69 88
99 110 86
107 112 77
96 99 96
