# MHKP instance for submodel V0 of Deplano et al. (2019)
# BINS:  length width height priority
# ITEMS: length width height
# beta (gcd of item sides) = 1
BINS
120 120 120 5.78703703704e-07
144 120 120 4.8225308642e-07
168 144 120 3.444664903e-07
192 168 144 2.15291556437e-07
240 192 168 1.29174933862e-07
ITEMS
41 62 41
131 107 66
101 82 66
44 61 39
126 114 71
95 86 78
61 39 28
57 30 57
52 42 47
144 71 89
94 86 75
78 37 43
60 57 58
126 110 69
117 72 96
143 77 75
114 105 92
79 53 52
100 84 76
87 73 91
52 39 28
135 110 70
48 43 27
121 109 66
37 53 56
93 72 93
104 94 58
134 97 79
72 40 41
138 73 96
78 34 31
142 113 70
120 85 63
140 108 67
84 39 26
89 94 76
130 71 83
95 100 93
59 34 51
52 46 48
