# MHKP instance for submodel V0 of Deplano et al. (2019)
# BINS:  length width height priority
# ITEMS: length width height
# beta (gcd of item sides) = 1
BINS
120 120 120 5.78703703704e-07
144 120 120 4.8225308642e-07
168 144 120 3.444664903e-07
192 168 144 2.15291556437e-07
240 192 168 1.29174933862e-07
ITEMS
78 59 39
143 67 74
99 74 78
120 114 99
109 113 58
115 109 61
135 82 78
131 104 79
74 45 43
114 110 98
97 77 64
115 109 80
66 63 49
125 89 63
130 86 89
55 55 44
107 87 98
131 87 74
83 38 37
115 67 82
61 32 40
103 93 86
76 49 57
85 76 66
111 107 66
69 38 35
119 81 71
83 40 57
67 34 50
58 44 31
88 82 59
95 85 61
142 97 67
64 56 28
78 55 37
99 80 66
107 106 90
99 80 74
108 85 70
127 84 95
