# MHKP instance for submodel V0 of Deplano et al. (2019)
# BINS:  length width height priority
# ITEMS: length width height
# beta (gcd of item sides) = 1
BINS
120 120 120 5.78703703704e-07
144 120 120 4.8225308642e-07
168 144 120 3.444664903e-07
192 168 144 2.15291556437e-07
240 192 168 1.29174933862e-07
ITEMS
110 91 94
64 58 51
105 92 71
131 111 84
51 40 32
45 38 45
101 104 88
134 86 98
97 80 74
144 113 77
122 98 71
116 85 85
119 71 67
129 90 59
139 74 94
37 57 53
130 89 100
106 102 100
44 36 28
124 72 58
60 50 53
53 46 45
75 45 43
104 77 80
131 106 65
112 72 79
36 50 28
120 111 58
51 58 56
134 112 96
126 74 67
53 38 38
100 79 78
137 107 74
88 69 59
132 82 100
109 97 85
106 92 82
107 113 71
120 86 72
