# MHKP instance for submodel V0 of Deplano et al. (2019)
# BINS:  length width height priority
# ITEMS: length width height
# beta (gcd of item sides) = 1
BINS
120 120 120 5.78703703704e-07
144 120 120 4.8225308642e-07
168 144 120 3.444664903e-07
192 168 144 2.15291556437e-07
240 192 168 1.29174933862e-07
ITEMS
111 81 91
137 73 77
77 50 52
130 90 71
95 113 98
109 92 79
49 53 38
125 67 80
71 63 58
139 94 71
123 73 86
61 53 27
74 65 39
87 91 66
86 91 93
87 67 99
55 34 50
144 101 78
110 115 87
95 98 83
100 86 82
106 87 98
53 28 49
86 97 67
103 109 86
95 97 91
131 102 84
140 102 91
63 67 51
41 35 37
90 67 77
96 113 98
49 50 50
107 75 69
121 99 72
129 85 62
141 114 72
106 80 93
122 109 69
83 30 38
