# MHKP instance for submodel V0 of Deplano et al. (2019)
# BINS:  length width height priority
# ITEMS: length width height
# beta (gcd of item sides) = 1
BINS
120 120 120 5.78703703704e-07
144 120 120 4.8225308642e-07
168 144 120 3.444664903e-07
192 168 144 2.15291556437e-07
240 192 168 1.29174933862e-07
ITEMS
83 42 48
74 53 31
48 51 51
144 108 96
118 90 67
130 105 74
92 84 70
59 57 40
118 68 78
73 55 45
57 53 36
120 97 66
136 81 71
71 55 32
108 77 91
85 102 99
115 90 73
140 93 97
104 110 71
36 66 58
70 65 53
131 87 86
38 49 49
129 81 95
88 112 98
129 68 94
140 111 75
46 42 35
97 102 78
36 58 33
66 32 50
104 81 96
138 99 96
135 71 70
40 44 45
89 78 92
93 105 81
78 63 30
134 86 77
87 106 98
