# MHKP instance for submodel V0 of Deplano et al. (2019)
# BINS:  length width height priority
# ITEMS: length width height
# beta (gcd of item sides) = 1
BINS
120 120 120 5.78703703704e-07
144 120 120 4.8225308642e-07
168 144 120 3.444664903e-07
192 168 144 2.15291556437e-07
240 192 168 1.29174933862e-07
ITEMS
94 105 90
52 40 44
131 115 83
101 80 86
90 80 88
133 69 88
92 96 83
99 106 75
115 95 99
144 75 100
111 87 95
141 80 70
138 99 73
100 75 92
109 76 75
96 78 58
59 42 53
132 90 70
123 78 78
47 31 46
68 65 28
87 78 86
97 98 86
36 46 33
144 97 94
112 78 91
141 93 79
53 51 39
100 85 87
95 113 100
133 84 81
89 102 86
48 42 34
45 52 31
47 36 48
44 50 54
45 51 32
56 35 40
91 101 79
103 87 71
