# MHKP instance for submodel V0 of Deplano et al. (2019)
# BINS:  length width height priority
# ITEMS: length width height
# beta (gcd of item sides) = 1
BINS
120 120 120 5.78703703704e-07
144 120 120 4.8225308642e-07
168 144 120 3.444664903e-07
192 168 144 2.15291556437e-07
240 192 168 1.29174933862e-07
ITEMS
139 93 99
74 64 26
133 111 92
142 82 89
106 95 73
68 49 33
134 84 72
43 42 55
126 102 67
90 89 80
114 75 85
131 104 63
43 34 34
69 58 41
85 67 74
114 98 82
91 71 65
109 79 75
111 93 74
110 94 81
137 96 99
66 35 54
94 92 100
131 97 81
141 106 87
102 110 62
84 105 69
83 58 37
65 51 51
102 90 82
59 43 51
92 83 76
86 71 79
109 77 93
132 93 100
111 89 94
141 74 97
126 92 87
72 66 50
82 57 53
