# MHKP instance for submodel V0 of Deplano et al. (2019)
# BINS:  length width height priority
# ITEMS: length width height
# beta (gcd of item sides) = 1
BINS
120 120 120 5.78703703704e-07
144 120 120 4.8225308642e-07
168 144 120 3.444664903e-07
192 168 144 2.15291556437e-07
240 192 168 1.29174933862e-07
ITEMS
117 72 79
85 105 64
65 60 33
42 64 50
37 47 32
94 81 76
91 93 59
135 78 61
126 103 68
106 79 93
90 95 69
83 29 55
119 80 71
83 50 45
62 52 44
98 96 77
84 35 29
53 39 36
123 83 95
118 76 91
51 57 54
59 63 52
133 79 69
76 49 51
59 48 34
83 46 32
64 63 31
115 73 93
87 72 99
46 42 45
103 68 77
143 100 69
120 80 61
142 79 84
60 35 44
87 102 72
119 72 71
78 44 44
60 41 33
82 49 58
