129 587 233 220
108 30 76
108 30 76
108 30 76
108 30 76
108 30 76
108 30 76
108 30 76
108 30 76
108 30 76
108 30 76
108 30 76
108 30 76
110 25 43
110 25 43
110 25 43
110 25 43
110 25 43
110 25 43
110 25 43
110 25 43
110 25 43
110 25 43
110 25 43
110 25 43
92 55 81
92 55 81
92 55 81
92 55 81
92 55 81
92 55 81
81 28 33
81 28 33
81 28 33
81 28 33
81 28 33
81 28 33
81 28 33
81 28 33
81 28 33
120 73 99
120 73 99
120 73 99
120 73 99
120 73 99
111 48 70
111 48 70
111 48 70
111 48 70
111 48 70
111 48 70
111 48 70
111 48 70
111 48 70
111 48 70
111 48 70
111 48 70
98 46 72
98 46 72
98 46 72
98 46 72
98 46 72
98 46 72
98 46 72
98 46 72
98 46 72
95 31 66
95 31 66
95 31 66
95 31 66
95 31 66
95 31 66
95 31 66
95 31 66
95 31 66
95 31 66
85 30 84
85 30 84
85 30 84
85 30 84
85 30 84
85 30 84
85 30 84
85 30 84
71 25 32
71 25 32
71 25 32
36 25 34
36 25 34
36 25 34
36 25 34
36 25 34
36 25 34
36 25 34
36 25 34
36 25 34
36 25 34
97 62 67
97 62 67
97 62 67
97 62 67
97 62 67
97 62 67
97 62 67
33 23 25
33 23 25
33 23 25
33 23 25
33 23 25
33 23 25
33 23 25
95 26 27
95 26 27
95 26 27
95 26 27
95 26 27
95 26 27
95 26 27
95 26 27
95 26 27
95 26 27
94 44 81
94 44 81
94 44 81
94 44 81
94 44 81
94 44 81
94 44 81
94 44 81
94 44 81
