144 587 233 220
68 31 66
68 31 66
68 31 66
68 31 66
68 31 66
68 31 66
68 31 66
68 31 66
68 31 66
68 31 66
120 26 34
120 26 34
120 26 34
120 26 34
120 26 34
120 26 34
95 60 76
95 60 76
95 60 76
95 60 76
95 60 76
95 60 76
95 60 76
95 60 76
95 60 76
95 60 76
95 60 76
95 60 76
61 34 47
61 34 47
61 34 47
61 34 47
61 34 47
61 34 47
61 34 47
61 34 47
61 34 47
61 34 47
61 34 47
53 36 45
53 36 45
53 36 45
53 36 45
53 36 45
53 36 45
53 36 45
80 42 52
80 42 52
80 42 52
80 42 52
80 42 52
80 42 52
80 42 52
80 42 52
80 42 52
109 28 63
109 28 63
109 28 63
109 28 63
109 28 63
109 28 63
74 35 64
74 35 64
74 35 64
74 35 64
74 35 64
74 35 64
74 35 64
74 35 64
74 35 64
74 35 64
74 35 64
74 35 64
74 35 64
53 36 40
53 36 40
53 36 40
53 36 40
53 36 40
53 36 40
53 36 40
53 36 40
53 36 40
53 36 40
102 59 96
102 59 96
102 59 96
102 59 96
102 59 96
102 59 96
102 59 96
102 59 96
102 59 96
64 47 60
64 47 60
64 47 60
64 47 60
64 47 60
64 47 60
64 47 60
99 32 90
99 32 90
99 32 90
99 32 90
99 32 90
99 32 90
99 32 90
76 43 50
76 43 50
76 43 50
76 43 50
76 43 50
76 43 50
76 43 50
76 43 50
76 43 50
76 43 50
90 25 75
90 25 75
90 25 75
90 25 75
90 25 75
90 25 75
90 25 75
90 25 75
90 25 75
90 25 75
90 25 75
90 25 75
90 25 75
90 25 75
90 25 75
94 37 65
94 37 65
94 37 65
94 37 65
94 37 65
94 37 65
94 37 65
94 37 65
94 37 65
94 37 65
94 37 65
94 37 65
