131 587 233 220
74 61 63
74 61 63
74 61 63
74 61 63
74 61 63
74 61 63
74 61 63
71 25 60
71 25 60
71 25 60
71 25 60
71 25 60
71 25 60
71 25 60
71 25 60
106 59 80
106 59 80
106 59 80
106 59 80
106 59 80
106 59 80
106 59 80
106 59 80
106 59 80
106 59 80
109 42 76
109 42 76
109 42 76
109 42 76
109 42 76
109 42 76
109 42 76
109 42 76
109 42 76
118 22 56
118 22 56
118 22 56
118 22 56
118 22 56
118 22 56
118 22 56
118 22 56
105 43 67
105 43 67
105 43 67
105 43 67
72 37 65
72 37 65
72 37 65
72 37 65
72 37 65
72 37 65
72 37 65
72 37 65
72 37 65
72 37 65
84 54 59
84 54 59
84 54 59
84 54 59
84 54 59
84 54 59
84 54 59
84 54 59
84 54 59
84 54 59
84 54 59
84 54 59
91 26 69
91 26 69
91 26 69
91 26 69
91 26 69
91 26 69
91 26 69
91 26 69
91 26 69
91 26 69
91 26 69
69 28 31
69 28 31
69 28 31
69 28 31
69 28 31
69 28 31
69 28 31
69 28 31
76 37 67
76 37 67
76 37 67
76 37 67
76 37 67
76 37 67
76 37 67
76 37 67
48 25 39
48 25 39
48 25 39
48 25 39
48 25 39
48 25 39
48 25 39
48 25 39
48 25 39
48 25 39
48 25 39
48 25 39
48 25 39
48 25 39
91 66 79
91 66 79
91 66 79
91 66 79
91 66 79
91 66 79
91 66 79
91 66 79
72 42 63
72 42 63
72 42 63
72 42 63
72 42 63
72 42 63
72 42 63
72 42 63
74 60 74
74 60 74
74 60 74
74 60 74
74 60 74
74 60 74
