129 587 233 220
109 72 93
109 72 93
109 72 93
109 72 93
95 32 67
95 32 67
95 32 67
95 32 67
95 32 67
95 32 67
119 36 45
119 36 45
119 36 45
119 36 45
119 36 45
119 36 45
119 36 45
95 62 78
95 62 78
95 62 78
95 62 78
95 62 78
95 62 78
95 62 78
95 62 78
95 62 78
95 62 78
95 62 78
116 32 89
116 32 89
116 32 89
116 32 89
116 32 89
116 32 89
116 32 89
116 32 89
116 32 89
116 32 89
98 38 65
98 38 65
98 38 65
98 38 65
98 38 65
98 38 65
98 38 65
98 38 65
98 38 65
72 24 51
72 24 51
72 24 51
72 24 51
72 24 51
72 24 51
72 24 51
102 26 88
102 26 88
102 26 88
102 26 88
102 26 88
102 26 88
102 26 88
102 26 88
102 26 88
99 44 47
99 44 47
99 44 47
99 44 47
99 44 47
99 44 47
99 44 47
99 44 47
99 44 47
99 44 47
99 44 47
99 44 47
106 31 52
106 31 52
106 31 52
106 31 52
106 31 52
106 31 52
55 32 41
55 32 41
55 32 41
55 32 41
55 32 41
55 32 41
71 29 65
71 29 65
71 29 65
71 29 65
71 29 65
71 29 65
71 29 65
71 29 65
71 29 65
71 29 65
71 29 65
71 29 65
58 48 57
58 48 57
58 48 57
58 48 57
58 48 57
58 48 57
58 48 57
58 48 57
58 48 57
58 48 57
79 25 56
79 25 56
79 25 56
79 25 56
79 25 56
79 25 56
79 25 56
79 25 56
79 25 56
79 25 56
79 25 56
77 53 67
77 53 67
77 53 67
77 53 67
77 53 67
77 53 67
77 53 67
77 53 67
77 53 67
