138 587 233 220
91 57 58
91 57 58
91 57 58
91 57 58
91 57 58
91 57 58
91 57 58
91 57 58
91 57 58
91 57 58
92 53 78
92 53 78
92 53 78
92 53 78
92 53 78
92 53 78
92 53 78
92 53 78
92 53 78
112 28 48
112 28 48
112 28 48
112 28 48
112 28 48
112 28 48
112 28 48
112 28 48
112 28 48
112 28 48
78 26 47
78 26 47
78 26 47
78 26 47
78 26 47
78 26 47
78 26 47
78 26 47
41 28 40
41 28 40
41 28 40
41 28 40
41 28 40
41 28 40
41 28 40
41 28 40
41 28 40
41 28 40
41 28 40
41 28 40
57 32 47
57 32 47
57 32 47
57 32 47
57 32 47
54 40 47
54 40 47
54 40 47
54 40 47
54 40 47
54 40 47
54 40 47
54 40 47
54 40 47
54 40 47
54 40 47
54 40 47
54 40 47
85 25 80
85 25 80
85 25 80
85 25 80
85 25 80
85 25 80
85 25 80
85 25 80
85 25 80
89 54 86
89 54 86
89 54 86
89 54 86
89 54 86
89 54 86
89 54 86
118 68 94
118 68 94
118 68 94
118 68 94
118 68 94
118 68 94
118 68 94
98 36 63
98 36 63
98 36 63
98 36 63
98 36 63
98 36 63
98 36 63
98 36 63
81 38 42
81 38 42
81 38 42
81 38 42
81 38 42
81 38 42
81 38 42
81 38 42
81 38 42
81 38 42
81 38 42
86 39 59
86 39 59
86 39 59
86 39 59
86 39 59
86 39 59
86 39 59
86 39 59
86 39 59
86 39 59
86 39 59
86 39 59
86 39 59
91 40 67
91 40 67
91 40 67
91 40 67
91 40 67
91 40 67
91 40 67
91 40 67
91 40 67
91 40 67
73 41 61
73 41 61
73 41 61
73 41 61
73 41 61
73 41 61
