159 587 233 220
70 49 63
70 49 63
70 49 63
70 49 63
70 49 63
70 49 63
70 49 63
70 49 63
70 49 63
84 49 54
84 49 54
84 49 54
84 49 54
84 49 54
84 49 54
84 49 54
84 49 54
84 49 54
84 49 54
84 49 54
84 49 54
89 42 70
89 42 70
89 42 70
89 42 70
89 42 70
89 42 70
89 42 70
89 42 70
89 42 70
89 42 70
89 42 70
89 42 70
80 39 48
80 39 48
80 39 48
80 39 48
80 39 48
80 39 48
114 42 47
114 42 47
114 42 47
114 42 47
114 42 47
114 42 47
114 42 47
114 42 47
114 42 47
92 34 62
92 34 62
92 34 62
92 34 62
92 34 62
92 34 62
92 34 62
92 34 62
92 34 62
92 34 62
92 34 62
92 34 62
92 34 62
72 43 66
72 43 66
72 43 66
72 43 66
72 43 66
72 43 66
72 43 66
72 43 66
72 43 66
72 43 66
72 43 66
72 43 66
120 46 55
120 46 55
120 46 55
120 46 55
120 46 55
120 46 55
120 46 55
120 46 55
120 46 55
120 46 55
120 46 55
106 25 62
106 25 62
106 25 62
106 25 62
106 25 62
106 25 62
106 25 62
72 34 53
72 34 53
72 34 53
72 34 53
72 34 53
72 34 53
72 34 53
72 34 53
72 34 53
72 34 53
72 34 53
72 34 53
74 35 44
74 35 44
74 35 44
74 35 44
74 35 44
74 35 44
74 35 44
74 35 44
74 35 44
74 35 44
74 35 44
74 35 44
74 35 44
103 28 71
103 28 71
103 28 71
103 28 71
103 28 71
103 28 71
103 28 71
103 28 71
103 28 71
103 28 71
103 28 71
103 28 71
103 28 71
115 31 35
115 31 35
115 31 35
115 31 35
115 31 35
115 31 35
115 31 35
115 31 35
115 31 35
117 39 62
117 39 62
117 39 62
117 39 62
117 39 62
117 39 62
117 39 62
117 39 62
60 32 32
60 32 32
60 32 32
60 32 32
60 32 32
60 32 32
60 32 32
60 32 32
60 32 32
60 32 32
60 32 32
60 32 32
60 32 32
