183 587 233 220
89 45 56
89 45 56
89 45 56
89 45 56
89 45 56
89 45 56
89 45 56
89 45 56
89 45 56
89 45 56
89 45 56
89 45 56
89 45 56
89 45 56
89 45 56
89 45 56
53 34 37
53 34 37
53 34 37
53 34 37
53 34 37
53 34 37
53 34 37
53 34 37
53 34 37
53 34 37
53 34 37
54 25 35
54 25 35
54 25 35
54 25 35
54 25 35
54 25 35
54 25 35
54 25 35
54 25 35
54 25 35
54 25 35
54 25 35
73 33 39
73 33 39
73 33 39
73 33 39
73 33 39
73 33 39
73 33 39
73 33 39
73 33 39
73 33 39
73 33 39
73 38 39
73 38 39
73 38 39
73 38 39
73 38 39
73 38 39
73 38 39
73 38 39
73 38 39
73 38 39
73 38 39
73 38 39
73 38 39
73 38 39
73 38 39
73 38 39
73 38 39
73 38 39
73 38 39
50 29 42
50 29 42
50 29 42
50 29 42
50 29 42
50 29 42
50 29 42
62 54 59
62 54 59
62 54 59
62 54 59
62 54 59
62 54 59
62 54 59
62 54 59
62 54 59
62 54 59
62 54 59
62 54 59
62 54 59
98 44 53
98 44 53
98 44 53
98 44 53
98 44 53
98 44 53
98 44 53
98 44 53
98 44 53
98 44 53
98 44 53
98 44 53
98 44 53
94 31 32
94 31 32
94 31 32
94 31 32
94 31 32
94 31 32
94 31 32
97 28 64
97 28 64
97 28 64
97 28 64
97 28 64
97 28 64
97 28 64
97 28 64
97 28 64
97 28 64
97 28 64
97 28 64
97 28 64
97 28 64
102 42 77
102 42 77
102 42 77
102 42 77
102 42 77
102 42 77
102 42 77
102 42 77
102 42 77
102 42 77
80 44 75
80 44 75
80 44 75
80 44 75
80 44 75
80 44 75
80 44 75
80 44 75
80 44 75
80 44 75
80 44 75
93 41 52
93 41 52
93 41 52
93 41 52
93 41 52
93 41 52
93 41 52
93 41 52
93 41 52
93 41 52
93 41 52
93 41 52
93 41 52
93 41 52
93 41 52
93 41 52
77 38 51
77 38 51
77 38 51
77 38 51
77 38 51
77 38 51
77 38 51
77 38 51
77 38 51
77 38 51
57 52 54
57 52 54
57 52 54
57 52 54
57 52 54
57 52 54
57 52 54
57 52 54
57 52 54
57 52 54
57 52 54
57 52 54
57 52 54
