131 587 233 220
109 68 80
109 68 80
109 68 80
109 68 80
90 31 45
90 31 45
90 31 45
90 31 45
90 31 45
90 31 45
90 31 45
90 31 45
90 31 45
90 31 45
66 34 56
66 34 56
66 34 56
66 34 56
66 34 56
66 34 56
66 34 56
66 34 56
66 34 56
66 34 56
66 34 56
76 34 66
76 34 66
76 34 66
76 34 66
76 34 66
76 34 66
76 34 66
76 34 66
76 34 66
111 53 80
111 53 80
111 53 80
111 53 80
111 53 80
111 53 80
86 29 59
86 29 59
86 29 59
86 29 59
86 29 59
86 29 59
86 29 59
86 29 59
80 63 72
80 63 72
80 63 72
80 63 72
80 63 72
80 63 72
80 63 72
80 63 72
81 22 47
81 22 47
81 22 47
81 22 47
81 22 47
81 22 47
81 22 47
81 22 47
81 22 47
81 22 47
81 22 47
81 22 47
81 22 47
81 22 47
114 64 80
114 64 80
114 64 80
114 64 80
114 64 80
114 64 80
114 64 80
114 64 80
90 32 37
90 32 37
90 32 37
90 32 37
90 32 37
90 32 37
90 32 37
90 32 37
90 32 37
90 32 37
90 32 37
75 40 48
75 40 48
75 40 48
75 40 48
75 40 48
75 40 48
75 40 48
75 40 48
67 45 52
67 45 52
67 45 52
67 45 52
67 45 52
67 45 52
67 45 52
67 45 52
67 45 52
67 45 52
67 45 52
88 74 82
88 74 82
88 74 82
88 74 82
88 74 82
88 74 82
100 23 63
100 23 63
100 23 63
100 23 63
100 23 63
100 23 63
100 23 63
100 23 63
103 48 53
103 48 53
103 48 53
103 48 53
103 48 53
103 48 53
103 48 53
103 48 53
103 48 53
