110 587 233 220
59 48 49
59 48 49
59 48 49
79 46 63
79 46 63
79 46 63
79 46 63
79 46 63
79 46 63
79 46 63
95 38 58
95 38 58
95 38 58
95 38 58
95 38 58
95 47 79
95 47 79
95 47 79
95 47 79
95 47 79
95 47 79
95 47 79
95 47 79
72 27 46
72 27 46
72 27 46
72 27 46
72 27 46
72 27 46
72 27 46
72 27 46
72 27 46
88 72 74
88 72 74
88 72 74
88 72 74
88 72 74
88 72 74
88 72 74
88 72 74
90 67 77
90 67 77
90 67 77
90 67 77
90 67 77
90 67 77
90 67 77
96 36 59
96 36 59
96 36 59
96 36 59
96 36 59
62 46 55
62 46 55
62 46 55
62 46 55
62 46 55
62 46 55
62 46 55
62 46 55
62 46 55
92 43 77
92 43 77
92 43 77
92 43 77
92 43 77
92 43 77
92 43 77
92 43 77
92 43 77
100 41 66
100 41 66
100 41 66
100 41 66
100 41 66
100 41 66
100 41 66
100 41 66
76 44 72
76 44 72
76 44 72
76 44 72
76 44 72
76 44 72
76 44 72
76 44 72
76 44 72
76 44 72
76 44 72
95 35 68
95 35 68
95 35 68
95 35 68
95 35 68
95 35 68
95 35 68
95 35 68
108 48 66
108 48 66
108 48 66
108 48 66
108 48 66
108 48 66
108 48 66
108 48 66
108 48 66
86 52 78
86 52 78
86 52 78
86 52 78
