145 587 233 220
88 39 54
88 39 54
88 39 54
88 39 54
88 39 54
88 39 54
88 39 54
94 36 54
94 36 54
94 36 54
94 36 54
94 36 54
87 43 77
87 43 77
87 43 77
87 43 77
87 43 77
87 43 77
87 43 77
87 43 77
87 43 77
87 43 77
87 43 77
100 72 80
100 72 80
100 72 80
100 72 80
100 72 80
100 72 80
100 72 80
100 72 80
83 36 40
83 36 40
83 36 40
83 36 40
83 36 40
83 36 40
83 36 40
83 36 40
83 36 40
83 36 40
83 36 40
83 36 40
83 36 40
83 36 40
83 36 40
83 36 40
91 22 54
91 22 54
91 22 54
91 22 54
91 22 54
91 22 54
91 22 54
91 22 54
91 22 54
91 22 54
91 22 54
91 22 54
91 22 54
109 54 58
109 54 58
109 54 58
109 54 58
109 54 58
109 54 58
109 54 58
109 54 58
109 54 58
109 54 58
109 54 58
109 54 58
109 54 58
109 54 58
109 54 58
109 54 58
94 30 55
94 30 55
94 30 55
94 30 55
94 30 55
94 30 55
94 30 55
94 30 55
94 30 55
94 30 55
34 31 32
34 31 32
34 31 32
34 31 32
34 31 32
34 31 32
34 31 32
34 31 32
83 57 80
83 57 80
83 57 80
83 57 80
108 26 40
108 26 40
108 26 40
108 26 40
108 26 40
108 26 40
108 26 40
108 26 40
108 26 40
108 26 40
108 26 40
72 32 37
72 32 37
72 32 37
72 32 37
72 32 37
72 32 37
72 32 37
72 32 37
93 28 93
93 28 93
93 28 93
93 28 93
93 28 93
93 28 93
93 28 93
93 28 93
93 28 93
93 28 93
93 28 93
93 28 93
93 28 93
71 33 56
71 33 56
71 33 56
71 33 56
71 33 56
71 33 56
71 33 56
71 33 56
71 33 56
71 33 56
104 26 78
104 26 78
104 26 78
104 26 78
104 26 78
