116 587 233 220
87 32 45
87 32 45
87 32 45
87 32 45
87 32 45
87 32 45
87 32 45
87 32 45
87 32 45
87 32 45
87 32 45
87 32 45
87 32 45
87 32 45
87 32 45
87 32 45
84 46 63
84 46 63
84 46 63
84 46 63
84 46 63
84 46 63
84 46 63
84 46 63
84 46 63
84 44 67
84 44 67
84 44 67
84 44 67
84 44 67
76 30 55
76 30 55
76 30 55
76 30 55
76 30 55
87 61 78
87 61 78
87 61 78
87 61 78
87 61 78
87 61 78
87 61 78
115 53 77
115 53 77
115 53 77
115 53 77
115 53 77
115 53 77
78 51 72
78 51 72
78 51 72
78 51 72
78 51 72
78 51 72
78 51 72
78 51 72
78 51 72
78 51 72
78 51 72
78 51 72
93 62 91
93 62 91
93 62 91
93 62 91
93 62 91
93 62 91
93 62 91
48 40 41
48 40 41
48 40 41
48 40 41
48 40 41
48 40 41
92 53 82
92 53 82
92 53 82
92 53 82
92 53 82
92 53 82
92 53 82
102 54 69
102 54 69
102 54 69
102 54 69
80 34 52
80 34 52
80 34 52
80 34 52
80 34 52
80 34 52
80 34 52
80 34 52
80 34 52
90 60 71
90 60 71
90 60 71
90 60 71
90 60 71
66 42 43
66 42 43
66 42 43
66 42 43
66 42 43
66 42 43
66 42 43
66 42 43
66 42 43
73 52 58
73 52 58
73 52 58
73 52 58
73 52 58
73 52 58
73 52 58
73 52 58
73 52 58
