150 587 233 220
119 38 41
119 38 41
119 38 41
119 38 41
119 38 41
119 38 41
119 38 41
119 38 41
119 38 41
90 35 44
90 35 44
90 35 44
90 35 44
90 35 44
90 35 44
90 35 44
90 35 44
90 35 44
67 27 55
67 27 55
67 27 55
67 27 55
67 27 55
67 27 55
71 36 47
71 36 47
71 36 47
71 36 47
71 36 47
90 51 55
90 51 55
90 51 55
90 51 55
90 51 55
90 51 55
90 51 55
90 51 55
90 51 55
90 51 55
87 40 68
87 40 68
87 40 68
87 40 68
87 40 68
87 40 68
87 40 68
87 40 68
87 40 68
87 40 68
87 36 53
87 36 53
87 36 53
87 36 53
87 36 53
87 36 53
87 36 53
87 36 53
87 36 53
113 34 47
113 34 47
113 34 47
113 34 47
113 34 47
113 34 47
113 34 47
113 34 47
113 34 47
113 34 47
113 34 47
113 34 47
113 34 47
97 35 56
97 35 56
97 35 56
97 35 56
97 35 56
97 35 56
97 35 56
97 35 56
97 35 56
97 35 56
90 25 60
90 25 60
90 25 60
90 25 60
90 25 60
90 25 60
90 25 60
90 25 60
90 25 60
90 25 60
90 25 60
88 70 75
88 70 75
88 70 75
88 70 75
88 70 75
88 70 75
88 70 75
88 70 75
88 70 75
88 70 75
88 70 75
111 51 64
111 51 64
111 51 64
111 51 64
111 51 64
111 51 64
111 51 64
111 51 64
111 51 64
111 51 64
111 51 64
111 51 64
105 31 77
105 31 77
105 31 77
105 31 77
105 31 77
105 31 77
105 31 77
105 31 77
105 31 77
105 31 77
91 29 33
91 29 33
91 29 33
91 29 33
91 29 33
91 29 33
91 29 33
91 29 33
91 29 33
91 29 33
91 29 33
91 29 33
91 29 33
53 31 34
53 31 34
53 31 34
53 31 34
53 31 34
53 31 34
53 31 34
53 31 34
53 31 34
53 31 34
53 31 34
53 31 34
