122 587 233 220
77 30 42
77 30 42
77 30 42
77 30 42
77 30 42
77 30 42
77 30 42
77 30 42
77 30 42
77 30 42
77 30 42
98 28 45
98 28 45
98 28 45
98 28 45
98 28 45
61 32 58
61 32 58
61 32 58
61 32 58
61 32 58
61 32 58
92 61 77
92 61 77
92 61 77
92 61 77
92 61 77
92 61 77
92 61 77
58 27 44
58 27 44
58 27 44
58 27 44
58 27 44
58 27 44
58 27 44
58 27 44
58 27 44
58 27 44
58 27 44
108 50 72
108 50 72
108 50 72
108 50 72
108 50 72
108 50 72
108 50 72
108 50 72
93 71 72
93 71 72
93 71 72
93 71 72
93 71 72
93 71 72
111 30 49
111 30 49
111 30 49
111 30 49
111 30 49
111 30 49
79 49 66
79 49 66
79 49 66
79 49 66
79 49 66
79 49 66
79 49 66
79 49 66
79 49 66
79 49 66
79 49 66
79 49 66
79 49 66
79 49 66
85 39 74
85 39 74
85 39 74
85 39 74
85 39 74
85 39 74
85 39 74
85 39 74
85 39 74
85 39 74
85 39 74
106 33 34
106 33 34
106 33 34
106 33 34
106 33 34
106 33 34
106 33 34
106 33 34
106 33 34
113 76 91
113 76 91
113 76 91
113 76 91
113 76 91
113 76 91
113 76 91
113 76 91
57 43 49
57 43 49
57 43 49
57 43 49
103 27 80
103 27 80
103 27 80
103 27 80
103 27 80
103 27 80
103 27 80
74 31 66
74 31 66
74 31 66
74 31 66
74 31 66
74 31 66
74 31 66
74 31 66
74 31 66
