168 587 233 220
64 46 48
64 46 48
64 46 48
64 46 48
64 46 48
64 46 48
64 46 48
64 46 48
64 46 48
64 46 48
79 22 25
79 22 25
79 22 25
79 22 25
79 22 25
79 22 25
79 22 25
79 22 25
79 22 25
79 22 25
79 22 25
79 22 25
79 22 25
79 22 25
79 22 25
89 33 85
89 33 85
89 33 85
89 33 85
89 33 85
89 33 85
89 33 85
89 33 85
89 33 85
89 33 85
89 33 85
89 33 85
89 33 85
89 33 85
89 33 85
89 33 85
79 34 66
79 34 66
79 34 66
79 34 66
79 34 66
79 34 66
79 34 66
79 34 66
79 34 66
79 34 66
79 31 54
79 31 54
79 31 54
79 31 54
79 31 54
79 31 54
79 31 54
79 31 54
79 31 54
79 31 54
79 31 54
79 31 54
79 31 54
79 31 54
79 31 54
115 22 95
115 22 95
115 22 95
115 22 95
115 22 95
115 22 95
115 22 95
115 22 95
115 22 95
115 22 95
76 44 54
76 44 54
76 44 54
76 44 54
76 44 54
76 44 54
76 44 54
80 29 44
80 29 44
80 29 44
80 29 44
80 29 44
80 29 44
80 29 44
80 29 44
80 29 44
80 29 44
80 29 44
80 29 44
80 29 44
80 29 44
80 29 44
80 29 44
80 29 44
66 26 33
66 26 33
66 26 33
66 26 33
66 26 33
66 26 33
66 26 33
66 26 33
50 32 32
50 32 32
50 32 32
50 32 32
50 32 32
50 32 32
50 32 32
116 21 93
116 21 93
116 21 93
116 21 93
116 21 93
116 21 93
116 21 93
116 21 93
116 21 93
113 50 64
113 50 64
113 50 64
113 50 64
113 50 64
113 50 64
113 50 64
113 50 64
113 50 64
101 31 80
101 31 80
101 31 80
101 31 80
101 31 80
101 31 80
101 31 80
101 31 80
101 31 80
101 31 80
101 31 80
101 31 80
101 31 80
96 46 76
96 46 76
96 46 76
96 46 76
96 46 76
96 46 76
96 46 76
96 46 76
96 46 76
96 46 76
96 46 76
96 46 76
96 46 76
96 46 76
61 26 61
61 26 61
61 26 61
61 26 61
61 26 61
61 26 61
61 26 61
61 26 61
