129 587 233 220
83 46 71
83 46 71
83 46 71
83 46 71
83 46 71
83 46 71
83 46 71
83 46 71
83 46 71
83 46 71
83 46 71
83 46 71
83 46 71
76 54 63
76 54 63
76 54 63
76 54 63
76 54 63
76 54 63
76 54 63
76 54 63
76 54 63
76 54 63
76 54 63
91 40 56
91 40 56
91 40 56
91 40 56
91 40 56
91 40 56
91 40 56
91 40 56
91 40 56
61 34 42
61 34 42
61 34 42
61 34 42
61 34 42
61 34 42
61 34 42
61 34 42
61 34 42
84 47 67
84 47 67
84 47 67
84 47 67
84 47 67
95 57 79
95 57 79
95 57 79
95 57 79
95 57 79
95 57 79
95 57 79
95 57 79
95 57 79
90 23 80
90 23 80
90 23 80
90 23 80
90 23 80
90 23 80
90 23 80
90 23 80
90 23 80
90 23 80
69 28 43
69 28 43
69 28 43
69 28 43
69 28 43
69 28 43
69 28 43
72 48 69
72 48 69
72 48 69
72 48 69
72 48 69
72 48 69
72 48 69
83 58 64
83 58 64
83 58 64
83 58 64
83 58 64
83 58 64
83 58 64
83 58 64
83 58 64
83 58 64
83 58 64
99 24 94
99 24 94
99 24 94
99 24 94
99 24 94
99 24 94
96 53 69
96 53 69
96 53 69
96 53 69
96 53 69
96 53 69
96 53 69
71 36 70
71 36 70
71 36 70
71 36 70
71 36 70
71 36 70
71 36 70
71 36 70
71 36 70
57 45 52
57 45 52
57 45 52
57 45 52
57 45 52
57 45 52
57 45 52
57 45 52
57 45 52
57 45 52
57 45 52
99 43 71
99 43 71
99 43 71
99 43 71
99 43 71
