100 587 233 220
95 46 92
95 46 92
95 46 92
95 46 92
65 40 60
65 40 60
65 40 60
65 40 60
65 40 60
65 40 60
65 40 60
103 59 62
103 59 62
103 59 62
103 59 62
103 59 62
103 59 62
103 59 62
103 59 62
103 59 62
71 52 65
71 52 65
71 52 65
71 52 65
71 52 65
71 52 65
71 52 65
71 52 65
119 28 87
119 28 87
119 28 87
119 28 87
119 28 87
119 28 87
109 78 92
109 78 92
109 78 92
109 78 92
109 78 92
109 78 92
109 78 92
58 35 54
58 35 54
58 35 54
98 64 73
98 64 73
98 64 73
98 64 73
98 64 73
98 64 73
98 64 73
98 64 73
98 64 73
98 64 73
44 40 44
44 40 44
44 40 44
44 40 44
44 40 44
44 40 44
44 40 44
44 40 44
44 40 44
44 40 44
44 40 44
44 40 44
70 35 69
70 35 69
70 35 69
70 35 69
70 35 69
70 35 69
119 58 61
119 58 61
119 58 61
119 58 61
119 58 61
119 58 61
119 58 61
89 45 55
89 45 55
89 45 55
89 45 55
75 58 68
75 58 68
75 58 68
75 58 68
75 58 68
75 58 68
75 58 68
75 58 68
43 30 37
43 30 37
43 30 37
43 30 37
43 30 37
95 41 77
95 41 77
95 41 77
95 41 77
