114 587 233 220
95 57 80
95 57 80
95 57 80
95 57 80
95 57 80
95 57 80
95 57 80
95 57 80
112 23 87
112 23 87
112 23 87
112 23 87
112 23 87
112 23 87
112 23 87
112 23 87
112 23 87
112 23 87
112 23 87
112 23 87
112 23 87
112 23 87
112 23 87
116 40 41
116 40 41
116 40 41
116 40 41
116 40 41
116 40 41
116 40 41
116 40 41
116 40 41
116 40 41
116 40 41
116 40 41
98 56 80
98 56 80
98 56 80
98 56 80
98 56 80
98 56 80
98 56 80
98 56 80
98 56 80
98 56 80
98 56 80
98 56 80
98 56 80
98 56 80
98 56 80
108 59 60
108 59 60
108 59 60
108 59 60
108 59 60
108 59 60
108 59 60
108 59 60
82 67 77
82 67 77
82 67 77
82 67 77
82 67 77
82 67 77
82 67 77
82 67 77
82 67 77
67 36 46
67 36 46
67 36 46
67 36 46
67 36 46
67 36 46
67 36 46
67 36 46
104 44 72
104 44 72
104 44 72
104 44 72
104 44 72
104 44 72
104 44 72
104 44 72
104 44 72
104 44 72
104 44 72
89 24 56
89 24 56
89 24 56
89 24 56
89 24 56
89 24 56
89 24 56
89 24 56
89 24 56
89 24 56
89 24 56
89 24 56
89 24 56
89 24 56
89 24 56
89 24 56
89 24 56
64 36 36
64 36 36
64 36 36
64 36 36
64 36 36
64 36 36
64 36 36
64 36 36
64 36 36
64 36 36
64 36 36
