169 587 233 220
52 25 36
52 25 36
52 25 36
52 25 36
52 25 36
52 25 36
52 25 36
52 25 36
52 25 36
52 25 36
52 25 36
52 25 36
52 25 36
52 25 36
52 25 36
52 25 36
52 25 36
52 25 36
52 25 36
52 25 36
52 25 36
52 25 36
52 25 36
52 25 36
52 25 36
52 25 36
52 25 36
63 21 37
63 21 37
63 21 37
63 21 37
63 21 37
63 21 37
63 21 37
63 21 37
63 21 37
63 21 37
63 21 37
63 21 37
63 21 37
100 36 61
100 36 61
100 36 61
100 36 61
100 36 61
100 36 61
100 36 61
100 36 61
100 36 61
100 36 61
100 36 61
100 36 61
100 36 61
100 36 61
100 36 61
100 36 61
79 36 52
79 36 52
79 36 52
79 36 52
79 36 52
79 36 52
79 36 52
79 36 52
79 36 52
79 36 52
79 36 52
79 36 52
79 36 52
79 36 52
79 36 52
79 36 52
79 36 52
79 36 52
99 36 63
99 36 63
99 36 63
99 36 63
99 36 63
99 36 63
99 36 63
99 36 63
99 36 63
99 36 63
99 36 63
99 36 63
99 36 63
97 30 49
97 30 49
97 30 49
97 30 49
97 30 49
97 30 49
97 30 49
97 30 49
97 30 49
97 30 49
97 30 49
97 30 49
90 55 69
90 55 69
90 55 69
90 55 69
90 55 69
90 55 69
90 55 69
90 55 69
90 55 69
90 55 69
90 55 69
90 55 69
90 55 69
90 55 69
90 55 69
90 55 69
91 28 33
91 28 33
91 28 33
91 28 33
91 28 33
91 28 33
91 28 33
91 28 33
91 28 33
91 28 33
91 28 33
91 28 33
91 28 33
91 28 33
111 41 76
111 41 76
111 41 76
111 41 76
111 41 76
111 41 76
111 41 76
111 41 76
111 41 76
111 41 76
111 41 76
111 41 76
111 41 76
111 41 76
111 41 76
111 41 76
111 41 76
111 41 76
111 41 76
111 41 76
111 41 76
111 41 76
111 41 76
111 41 76
95 35 44
95 35 44
95 35 44
95 35 44
95 35 44
95 35 44
95 35 44
95 35 44
95 35 44
95 35 44
95 35 44
95 35 44
95 35 44
95 35 44
95 35 44
95 35 44
