75 587 233 220
104 30 55
104 30 55
104 30 55
104 30 55
104 30 55
104 30 55
104 30 55
104 30 55
104 30 55
92 73 89
92 73 89
92 73 89
92 73 89
92 73 89
92 73 89
92 73 89
92 73 89
88 43 88
88 43 88
88 43 88
88 43 88
88 43 88
88 43 88
88 43 88
88 43 88
88 43 88
90 60 60
90 60 60
90 60 60
90 60 60
90 60 60
90 60 60
90 60 60
79 41 53
79 41 53
79 41 53
79 41 53
79 41 53
79 41 53
96 28 91
96 28 91
96 28 91
96 28 91
96 28 91
100 79 90
100 79 90
100 79 90
100 79 90
100 79 90
100 79 90
100 79 90
100 79 90
100 79 90
73 32 42
73 32 42
73 32 42
73 32 42
73 32 42
73 32 42
73 32 42
73 32 42
73 32 42
115 60 85
115 60 85
115 60 85
115 60 85
115 60 85
115 60 85
115 60 85
113 76 83
113 76 83
113 76 83
113 76 83
113 76 83
113 76 83
