138 587 233 220
60 26 45
60 26 45
60 26 45
60 26 45
60 26 45
60 26 45
60 26 45
60 26 45
60 26 45
60 26 45
60 26 45
60 26 45
60 26 45
60 26 45
60 26 45
71 39 43
71 39 43
71 39 43
71 39 43
71 39 43
71 39 43
71 39 43
71 39 43
71 39 43
71 39 43
71 39 43
99 64 71
99 64 71
99 64 71
99 64 71
99 64 71
99 64 71
99 64 71
99 64 71
99 64 71
99 64 71
99 64 71
61 40 41
61 40 41
61 40 41
61 40 41
61 40 41
61 40 41
61 40 41
61 40 41
61 40 41
61 40 41
61 40 41
83 43 79
83 43 79
83 43 79
83 43 79
83 43 79
83 43 79
83 43 79
83 43 79
83 43 79
83 43 79
63 35 52
63 35 52
63 35 52
63 35 52
63 35 52
63 35 52
63 35 52
63 35 52
63 35 52
63 35 52
63 35 52
63 35 52
63 35 52
63 35 52
63 35 52
63 35 52
63 35 52
54 20 33
54 20 33
54 20 33
54 20 33
54 20 33
54 20 33
54 20 33
54 20 33
54 20 33
54 20 33
54 20 33
54 20 33
54 20 33
62 51 57
62 51 57
62 51 57
62 51 57
62 51 57
62 51 57
62 51 57
62 51 57
62 51 57
62 51 57
62 51 57
62 51 57
62 51 57
62 51 57
62 51 57
62 51 57
62 51 57
79 71 76
79 71 76
79 71 76
79 71 76
79 71 76
79 71 76
79 71 76
79 71 76
79 71 76
79 71 76
79 71 76
79 71 76
79 71 76
79 71 76
79 71 76
79 71 76
79 71 76
79 71 76
79 71 76
91 48 81
91 48 81
91 48 81
91 48 81
91 48 81
91 48 81
91 48 81
91 48 81
91 48 81
91 48 81
91 48 81
91 48 81
91 48 81
91 48 81
