137 587 233 220
113 29 80
113 29 80
113 29 80
113 29 80
113 29 80
113 29 80
113 29 80
113 29 80
113 29 80
113 29 80
113 29 80
113 29 80
113 29 80
113 29 80
113 29 80
98 62 65
98 62 65
98 62 65
98 62 65
98 62 65
98 62 65
98 62 65
98 62 65
98 62 65
98 62 65
60 46 59
60 46 59
60 46 59
60 46 59
60 46 59
60 46 59
60 46 59
60 46 59
60 46 59
60 46 59
60 46 59
60 46 59
60 46 59
60 46 59
60 46 59
60 46 59
100 64 97
100 64 97
100 64 97
100 64 97
100 64 97
99 23 88
99 23 88
99 23 88
99 23 88
99 23 88
99 23 88
99 23 88
99 23 88
99 23 88
99 23 88
99 23 88
99 23 88
99 23 88
99 23 88
99 23 88
106 33 49
106 33 49
106 33 49
106 33 49
106 33 49
106 33 49
106 33 49
106 33 49
106 33 49
106 33 49
106 33 49
78 30 54
78 30 54
78 30 54
78 30 54
78 30 54
78 30 54
78 30 54
78 30 54
78 30 54
78 30 54
78 30 54
78 30 54
78 30 54
78 30 54
78 30 54
78 30 54
78 30 54
71 41 68
71 41 68
71 41 68
71 41 68
71 41 68
71 41 68
71 41 68
71 41 68
71 41 68
71 41 68
83 35 80
83 35 80
83 35 80
83 35 80
83 35 80
83 35 80
83 35 80
83 35 80
83 35 80
83 35 80
83 35 80
83 35 80
83 35 80
83 35 80
83 35 80
83 35 80
83 35 80
83 35 80
83 35 80
83 35 80
83 35 80
83 35 80
99 27 55
99 27 55
99 27 55
99 27 55
99 27 55
99 27 55
99 27 55
99 27 55
99 27 55
99 27 55
99 27 55
99 27 55
99 27 55
99 27 55
99 27 55
99 27 55
