158 587 233 220
86 41 71
86 41 71
86 41 71
86 41 71
86 41 71
86 41 71
86 41 71
86 41 71
86 41 71
86 41 71
86 41 71
86 41 71
86 41 71
86 41 71
86 41 71
86 41 71
86 41 71
86 41 71
75 58 58
75 58 58
75 58 58
75 58 58
75 58 58
75 58 58
75 58 58
75 58 58
75 58 58
75 58 58
75 58 58
75 58 58
75 58 58
75 58 58
75 58 58
75 58 58
75 58 58
75 58 58
75 58 58
75 58 58
75 58 58
100 27 81
100 27 81
100 27 81
100 27 81
100 27 81
100 27 81
100 27 81
100 27 81
100 27 81
100 27 81
100 27 81
100 27 81
100 27 81
100 27 81
100 27 81
59 24 42
59 24 42
59 24 42
59 24 42
59 24 42
59 24 42
59 24 42
59 24 42
59 24 42
59 24 42
59 24 42
59 24 42
59 24 42
59 24 42
59 24 42
59 24 42
59 24 42
69 30 37
69 30 37
69 30 37
69 30 37
69 30 37
69 30 37
69 30 37
69 30 37
69 30 37
69 30 37
69 30 37
69 30 37
69 30 37
69 30 37
69 30 37
69 30 37
69 30 37
69 30 37
63 36 50
63 36 50
63 36 50
63 36 50
63 36 50
63 36 50
63 36 50
63 36 50
63 36 50
63 36 50
96 34 72
96 34 72
96 34 72
96 34 72
96 34 72
96 34 72
96 34 72
96 34 72
96 34 72
96 34 72
96 34 72
96 34 72
96 34 72
96 34 72
96 34 72
111 29 71
111 29 71
111 29 71
111 29 71
111 29 71
111 29 71
111 29 71
111 29 71
111 29 71
111 29 71
111 29 71
111 29 71
111 29 71
102 53 67
102 53 67
102 53 67
102 53 67
102 53 67
102 53 67
102 53 67
102 53 67
102 53 67
102 53 67
102 53 67
102 53 67
102 53 67
102 53 67
102 53 67
102 53 67
71 32 34
71 32 34
71 32 34
71 32 34
71 32 34
71 32 34
71 32 34
71 32 34
71 32 34
71 32 34
71 32 34
71 32 34
71 32 34
71 32 34
71 32 34
