175 587 233 220
62 52 59
62 52 59
62 52 59
62 52 59
62 52 59
62 52 59
62 52 59
62 52 59
62 52 59
62 52 59
62 52 59
62 52 59
62 52 59
62 52 59
62 52 59
62 52 59
62 52 59
62 52 59
62 52 59
62 52 59
62 52 59
62 52 59
62 52 59
54 50 52
54 50 52
54 50 52
54 50 52
54 50 52
54 50 52
54 50 52
54 50 52
54 50 52
54 50 52
54 50 52
102 65 69
102 65 69
102 65 69
102 65 69
102 65 69
102 65 69
102 65 69
102 65 69
102 65 69
97 46 76
97 46 76
97 46 76
97 46 76
97 46 76
97 46 76
97 46 76
97 46 76
97 46 76
97 46 76
97 46 76
97 46 76
97 46 76
97 46 76
97 46 76
97 46 76
52 37 50
52 37 50
52 37 50
52 37 50
52 37 50
52 37 50
52 37 50
52 37 50
52 37 50
52 37 50
52 37 50
52 37 50
52 37 50
52 37 50
52 37 50
52 37 50
52 37 50
52 37 50
52 37 50
52 37 50
93 23 85
93 23 85
93 23 85
93 23 85
93 23 85
93 23 85
93 23 85
93 23 85
93 23 85
93 23 85
93 23 85
93 23 85
93 23 85
90 38 38
90 38 38
90 38 38
90 38 38
90 38 38
90 38 38
90 38 38
90 38 38
90 38 38
90 38 38
90 38 38
90 38 38
90 38 38
90 38 38
90 38 38
90 38 38
90 38 38
90 38 38
90 38 38
90 38 38
90 38 38
90 38 38
90 38 38
90 38 38
90 38 38
66 40 60
66 40 60
66 40 60
66 40 60
66 40 60
66 40 60
66 40 60
66 40 60
66 40 60
66 40 60
66 40 60
66 40 60
66 40 60
66 40 60
66 40 60
66 40 60
66 40 60
38 26 31
38 26 31
38 26 31
38 26 31
38 26 31
38 26 31
38 26 31
38 26 31
38 26 31
38 26 31
38 26 31
38 26 31
38 26 31
38 26 31
38 26 31
38 26 31
38 26 31
38 26 31
38 26 31
38 26 31
38 26 31
86 36 60
86 36 60
86 36 60
86 36 60
86 36 60
86 36 60
86 36 60
86 36 60
86 36 60
86 36 60
86 36 60
86 36 60
86 36 60
86 36 60
86 36 60
86 36 60
86 36 60
86 36 60
86 36 60
86 36 60
