135 587 233 220
97 27 81
97 27 81
97 27 81
97 27 81
97 27 81
97 27 81
97 27 81
97 27 81
102 39 78
102 39 78
102 39 78
102 39 78
102 39 78
102 39 78
102 39 78
102 39 78
102 39 78
102 39 78
102 39 78
102 39 78
102 39 78
102 39 78
102 39 78
102 39 78
113 36 46
113 36 46
113 36 46
113 36 46
113 36 46
113 36 46
113 36 46
113 36 46
113 36 46
113 36 46
113 36 46
113 36 46
66 42 50
66 42 50
66 42 50
66 42 50
66 42 50
66 42 50
66 42 50
66 42 50
66 42 50
66 42 50
66 42 50
66 42 50
101 26 30
101 26 30
101 26 30
101 26 30
101 26 30
101 26 30
101 26 30
101 26 30
101 26 30
101 26 30
101 26 30
101 26 30
101 26 30
101 26 30
101 26 30
101 26 30
101 26 30
101 26 30
100 35 56
100 35 56
100 35 56
100 35 56
100 35 56
100 35 56
100 35 56
100 35 56
100 35 56
100 35 56
100 35 56
100 35 56
100 35 56
91 40 50
91 40 50
91 40 50
91 40 50
91 40 50
91 40 50
91 40 50
91 40 50
91 40 50
91 40 50
91 40 50
91 40 50
91 40 50
91 40 50
106 56 61
106 56 61
106 56 61
106 56 61
106 56 61
106 56 61
106 56 61
106 56 61
106 56 61
106 56 61
106 56 61
106 56 61
106 56 61
106 56 61
106 56 61
106 56 61
106 56 61
103 58 63
103 58 63
103 58 63
103 58 63
103 58 63
103 58 63
103 58 63
103 58 63
103 58 63
103 58 63
103 58 63
103 58 63
75 41 57
75 41 57
75 41 57
75 41 57
75 41 57
75 41 57
75 41 57
75 41 57
75 41 57
75 41 57
75 41 57
75 41 57
75 41 57
