151 587 233 220
100 31 33
100 31 33
100 31 33
100 31 33
100 31 33
100 31 33
100 31 33
100 31 33
84 42 68
84 42 68
84 42 68
84 42 68
84 42 68
84 42 68
84 42 68
84 42 68
84 42 68
84 42 68
84 42 68
84 42 68
84 42 68
84 42 68
84 42 68
95 31 84
95 31 84
95 31 84
95 31 84
95 31 84
95 31 84
95 31 84
95 31 84
95 31 84
95 31 84
95 31 84
95 31 84
95 31 84
95 31 84
95 31 84
57 30 39
57 30 39
57 30 39
57 30 39
57 30 39
57 30 39
57 30 39
57 30 39
57 30 39
57 30 39
57 30 39
57 30 39
57 30 39
57 30 39
57 30 39
76 60 71
76 60 71
76 60 71
76 60 71
76 60 71
76 60 71
76 60 71
76 60 71
76 60 71
76 60 71
76 60 71
76 60 71
76 60 71
76 60 71
76 60 71
76 60 71
76 60 71
76 60 71
76 60 71
76 60 71
76 60 71
76 60 71
71 46 68
71 46 68
71 46 68
71 46 68
71 46 68
71 46 68
71 46 68
71 46 68
71 46 68
71 46 68
71 46 68
71 46 68
71 46 68
71 46 68
71 46 68
71 46 68
71 46 68
71 46 68
109 26 51
109 26 51
109 26 51
109 26 51
109 26 51
109 26 51
109 26 51
109 26 51
109 26 51
109 26 51
109 26 51
109 26 51
109 26 51
109 26 51
109 26 51
109 26 51
109 45 54
109 45 54
109 45 54
109 45 54
109 45 54
109 45 54
109 45 54
109 45 54
109 45 54
109 45 54
109 45 54
109 45 54
109 45 54
84 29 55
84 29 55
84 29 55
84 29 55
84 29 55
84 29 55
84 29 55
84 29 55
84 29 55
84 29 55
84 29 55
84 29 55
84 29 55
84 29 55
84 29 55
104 20 66
104 20 66
104 20 66
104 20 66
104 20 66
104 20 66
104 20 66
104 20 66
104 20 66
104 20 66
104 20 66
104 20 66
104 20 66
104 20 66
