115 587 233 220
104 50 94
104 50 94
104 50 94
104 50 94
104 50 94
104 50 94
104 50 94
104 50 94
102 36 87
102 36 87
102 36 87
102 36 87
102 36 87
102 36 87
102 36 87
102 36 87
102 36 87
102 36 87
102 36 87
102 36 87
102 36 87
102 36 87
102 36 87
102 36 87
102 36 87
102 36 87
102 36 87
102 36 87
102 36 87
115 33 42
115 33 42
115 33 42
115 33 42
115 33 42
115 33 42
115 33 42
115 33 42
115 33 42
61 32 58
61 32 58
61 32 58
61 32 58
61 32 58
61 32 58
61 32 58
61 32 58
61 32 58
70 48 62
70 48 62
70 48 62
70 48 62
70 48 62
70 48 62
70 48 62
70 48 62
70 48 62
70 48 62
70 48 62
70 48 62
70 48 62
70 48 62
70 48 62
70 48 62
91 78 79
91 78 79
91 78 79
91 78 79
91 78 79
90 53 57
90 53 57
90 53 57
90 53 57
90 53 57
90 53 57
90 53 57
90 53 57
90 53 57
90 53 57
78 25 68
78 25 68
78 25 68
78 25 68
78 25 68
78 25 68
78 25 68
78 25 68
78 25 68
78 25 68
78 25 68
78 25 68
77 39 44
77 39 44
77 39 44
77 39 44
77 39 44
77 39 44
77 39 44
77 39 44
77 39 44
77 39 44
77 39 44
77 39 44
77 39 44
77 39 44
77 39 44
77 39 44
97 56 89
97 56 89
97 56 89
97 56 89
97 56 89
97 56 89
97 56 89
97 56 89
97 56 89
