121 587 233 220
76 50 74
76 50 74
76 50 74
76 50 74
76 50 74
76 50 74
76 50 74
76 50 74
76 50 74
76 50 74
76 50 74
76 50 74
76 50 74
76 50 74
76 50 74
76 50 74
76 50 74
86 29 40
86 29 40
86 29 40
86 29 40
86 29 40
86 29 40
86 29 40
86 29 40
86 29 40
86 29 40
86 29 40
66 48 55
66 48 55
66 48 55
66 48 55
66 48 55
66 48 55
66 48 55
66 48 55
66 48 55
66 48 55
75 37 57
75 37 57
75 37 57
75 37 57
75 37 57
75 37 57
75 37 57
75 37 57
75 37 57
102 29 83
102 29 83
102 29 83
102 29 83
102 29 83
102 29 83
102 29 83
102 29 83
102 29 83
102 29 83
74 52 58
74 52 58
74 52 58
74 52 58
74 52 58
74 52 58
74 52 58
74 52 58
74 52 58
74 52 58
74 52 58
74 52 58
74 52 58
74 52 58
74 52 58
89 36 65
89 36 65
89 36 65
89 36 65
89 36 65
89 36 65
89 36 65
89 36 65
89 36 65
89 36 65
89 36 65
89 36 65
89 36 65
89 36 65
89 36 65
89 36 65
99 67 68
99 67 68
99 67 68
99 67 68
99 67 68
99 67 68
99 67 68
99 67 68
99 67 68
99 67 68
99 67 68
99 67 68
80 66 78
80 66 78
80 66 78
80 66 78
80 66 78
80 66 78
80 66 78
80 66 78
80 66 78
80 66 78
80 66 78
80 66 78
65 45 57
65 45 57
65 45 57
65 45 57
65 45 57
65 45 57
65 45 57
65 45 57
65 45 57
