138 587 233 220
114 25 67
114 25 67
114 25 67
114 25 67
114 25 67
114 25 67
114 25 67
114 25 67
114 25 67
114 25 67
114 25 67
114 25 67
114 25 67
114 25 67
114 25 67
114 25 67
114 25 67
114 25 67
114 25 67
114 25 67
92 25 79
92 25 79
92 25 79
92 25 79
92 25 79
92 25 79
92 25 79
92 25 79
92 25 79
92 25 79
92 25 79
92 25 79
92 25 79
92 25 79
92 25 79
89 36 87
89 36 87
89 36 87
89 36 87
89 36 87
89 36 87
89 36 87
89 36 87
89 36 87
89 36 87
89 36 87
89 36 87
89 36 87
89 36 87
89 36 87
89 36 87
89 36 87
89 36 87
89 36 87
95 36 71
95 36 71
95 36 71
95 36 71
95 36 71
95 36 71
95 36 71
95 36 71
95 36 71
95 36 71
95 36 71
95 36 71
95 36 71
95 36 71
90 43 83
90 43 83
90 43 83
90 43 83
90 43 83
90 43 83
90 43 83
90 43 83
90 43 83
90 43 83
90 43 83
90 43 83
93 28 39
93 28 39
93 28 39
93 28 39
93 28 39
93 28 39
93 28 39
93 28 39
93 28 39
93 28 39
93 28 39
93 28 39
69 31 54
69 31 54
69 31 54
69 31 54
69 31 54
69 31 54
69 31 54
69 31 54
69 31 54
69 31 54
69 31 54
69 31 54
69 31 54
69 31 54
69 31 54
69 31 54
107 37 61
107 37 61
107 37 61
107 37 61
107 37 61
107 37 61
107 37 61
107 37 61
107 37 61
107 37 61
107 37 61
107 37 61
107 37 61
98 40 52
98 40 52
98 40 52
98 40 52
98 40 52
98 40 52
98 40 52
98 40 52
83 60 69
83 60 69
83 60 69
83 60 69
83 60 69
83 60 69
83 60 69
83 60 69
83 60 69
