199 587 233 220
76 46 52
76 46 52
76 46 52
76 46 52
76 46 52
76 46 52
76 46 52
76 46 52
76 46 52
76 46 52
76 46 52
76 46 52
76 46 52
76 46 52
76 46 52
76 46 52
76 46 52
76 46 52
66 31 59
66 31 59
66 31 59
66 31 59
66 31 59
66 31 59
66 31 59
66 31 59
66 31 59
66 31 59
66 31 59
66 31 59
66 31 59
66 31 59
66 31 59
66 31 59
66 31 59
66 31 59
66 31 59
66 31 59
66 31 59
66 31 59
66 31 59
66 31 59
66 31 59
66 31 59
62 44 55
62 44 55
62 44 55
62 44 55
62 44 55
62 44 55
62 44 55
62 44 55
62 44 55
62 44 55
62 44 55
62 44 55
62 44 55
62 44 55
62 44 55
62 44 55
62 44 55
62 44 55
62 44 55
62 44 55
62 44 55
62 44 55
62 44 55
62 44 55
62 44 55
95 36 46
95 36 46
95 36 46
95 36 46
95 36 46
95 36 46
95 36 46
95 36 46
95 36 46
95 36 46
95 36 46
95 36 46
63 35 59
63 35 59
63 35 59
63 35 59
63 35 59
63 35 59
63 35 59
63 35 59
63 35 59
63 35 59
63 35 59
100 32 37
100 32 37
100 32 37
100 32 37
100 32 37
100 32 37
100 32 37
100 32 37
100 32 37
100 32 37
100 32 37
100 32 37
100 32 37
100 32 37
100 32 37
100 32 37
100 32 37
100 32 37
100 32 37
100 32 37
100 32 37
100 32 37
100 32 37
91 37 54
91 37 54
91 37 54
91 37 54
91 37 54
91 37 54
91 37 54
91 37 54
91 37 54
91 37 54
91 37 54
91 37 54
91 37 54
91 37 54
91 37 54
91 37 54
91 37 54
91 37 54
91 37 54
91 37 54
91 37 54
49 36 44
49 36 44
49 36 44
49 36 44
49 36 44
49 36 44
49 36 44
49 36 44
49 36 44
49 36 44
49 36 44
49 36 44
49 36 44
49 36 44
49 36 44
49 36 44
49 36 44
49 36 44
49 36 44
49 36 44
49 36 44
49 36 44
49 36 44
49 36 44
49 36 44
49 36 44
109 49 66
109 49 66
109 49 66
109 49 66
109 49 66
109 49 66
109 49 66
109 49 66
109 49 66
109 49 66
109 49 66
109 49 66
109 49 66
109 49 66
109 49 66
109 49 66
109 49 66
109 49 66
69 27 48
69 27 48
69 27 48
69 27 48
69 27 48
69 27 48
69 27 48
69 27 48
69 27 48
69 27 48
69 27 48
69 27 48
69 27 48
69 27 48
69 27 48
69 27 48
69 27 48
69 27 48
69 27 48
