125 587 233 220
70 50 63
70 50 63
70 50 63
70 50 63
70 50 63
70 50 63
70 50 63
70 50 63
70 50 63
70 50 63
70 50 63
70 50 63
70 50 63
70 50 63
100 34 53
100 34 53
100 34 53
100 34 53
100 34 53
100 34 53
100 34 53
100 34 53
100 34 53
93 45 78
93 45 78
93 45 78
93 45 78
93 45 78
93 45 78
93 45 78
93 45 78
93 45 78
93 45 78
93 45 78
100 48 55
100 48 55
100 48 55
100 48 55
100 48 55
100 48 55
100 48 55
100 48 55
100 48 55
100 48 55
98 50 73
98 50 73
98 50 73
98 50 73
98 50 73
98 50 73
98 50 73
98 50 73
98 50 73
98 50 73
98 50 73
98 50 73
98 50 73
69 43 45
69 43 45
69 43 45
69 43 45
69 43 45
69 43 45
69 43 45
69 43 45
69 43 45
43 36 42
43 36 42
43 36 42
43 36 42
43 36 42
43 36 42
43 36 42
43 36 42
43 36 42
43 36 42
43 36 42
43 36 42
43 36 42
43 36 42
43 36 42
104 63 92
104 63 92
104 63 92
104 63 92
104 63 92
104 63 92
104 63 92
104 63 92
104 63 92
104 63 92
104 63 92
104 63 92
104 63 92
104 63 92
104 63 92
104 63 92
93 26 36
93 26 36
93 26 36
93 26 36
93 26 36
93 26 36
93 26 36
93 26 36
93 26 36
93 26 36
93 26 36
50 41 45
50 41 45
50 41 45
50 41 45
50 41 45
50 41 45
50 41 45
50 41 45
50 41 45
50 41 45
50 41 45
50 41 45
50 41 45
50 41 45
50 41 45
50 41 45
50 41 45
