118 587 233 220
114 20 54
114 20 54
114 20 54
114 20 54
114 20 54
114 20 54
114 20 54
114 20 54
114 20 54
114 20 54
114 20 54
114 20 54
114 20 54
114 20 54
114 20 54
114 20 54
92 50 87
92 50 87
92 50 87
92 50 87
92 50 87
92 50 87
92 50 87
92 50 87
92 50 87
92 50 87
114 26 43
114 26 43
114 26 43
114 26 43
114 26 43
114 26 43
114 26 43
114 26 43
114 26 43
114 26 43
93 42 69
93 42 69
93 42 69
93 42 69
93 42 69
93 42 69
93 42 69
80 64 79
80 64 79
80 64 79
80 64 79
80 64 79
80 64 79
80 64 79
80 64 79
80 64 79
80 64 79
80 64 79
80 64 79
80 64 79
80 64 79
80 64 79
80 64 79
80 64 79
80 64 79
80 64 79
99 29 80
99 29 80
99 29 80
99 29 80
99 29 80
99 29 80
99 29 80
99 29 80
60 47 54
60 47 54
60 47 54
60 47 54
60 47 54
60 47 54
60 47 54
60 47 54
60 47 54
60 47 54
60 47 54
60 47 54
54 32 53
54 32 53
54 32 53
54 32 53
54 32 53
54 32 53
54 32 53
54 32 53
54 32 53
54 32 53
54 32 53
54 32 53
54 32 53
54 32 53
54 32 53
54 32 53
113 68 75
113 68 75
113 68 75
113 68 75
113 68 75
113 68 75
113 68 75
113 68 75
113 68 75
113 68 75
67 49 66
67 49 66
67 49 66
67 49 66
67 49 66
67 49 66
67 49 66
67 49 66
67 49 66
67 49 66
