156 587 233 220
55 26 50
55 26 50
55 26 50
55 26 50
55 26 50
55 26 50
55 26 50
55 26 50
48 37 42
48 37 42
48 37 42
48 37 42
48 37 42
48 37 42
48 37 42
48 37 42
48 37 42
48 37 42
48 37 42
48 37 42
48 37 42
48 37 42
48 37 42
48 37 42
47 26 34
47 26 34
47 26 34
47 26 34
47 26 34
47 26 34
47 26 34
47 26 34
47 26 34
47 26 34
47 26 34
47 26 34
47 26 34
47 26 34
47 26 34
47 26 34
47 26 34
104 50 74
104 50 74
104 50 74
104 50 74
104 50 74
104 50 74
104 50 74
104 50 74
104 50 74
104 50 74
104 50 74
104 50 74
104 50 74
104 50 74
104 50 74
104 50 74
104 50 74
104 50 74
83 40 70
83 40 70
83 40 70
83 40 70
83 40 70
83 40 70
83 40 70
83 40 70
83 40 70
83 40 70
83 40 70
83 40 70
83 40 70
83 40 70
83 40 70
83 40 70
83 40 70
53 38 52
53 38 52
53 38 52
53 38 52
53 38 52
53 38 52
53 38 52
53 38 52
53 38 52
53 38 52
53 38 52
53 38 52
53 38 52
53 38 52
53 38 52
53 38 52
53 38 52
53 38 52
53 38 52
108 49 69
108 49 69
108 49 69
108 49 69
108 49 69
108 49 69
108 49 69
108 49 69
108 49 69
108 49 69
108 49 69
78 72 73
78 72 73
78 72 73
78 72 73
78 72 73
78 72 73
78 72 73
78 72 73
78 72 73
78 72 73
78 72 73
78 72 73
78 72 73
78 72 73
78 72 73
78 72 73
78 72 73
78 72 73
78 72 73
78 72 73
77 24 62
77 24 62
77 24 62
77 24 62
77 24 62
77 24 62
77 24 62
77 24 62
77 24 62
77 24 62
77 24 62
77 24 62
77 24 62
77 24 62
77 24 62
74 21 34
74 21 34
74 21 34
74 21 34
74 21 34
74 21 34
74 21 34
74 21 34
74 21 34
74 21 34
74 21 34
74 21 34
74 21 34
74 21 34
74 21 34
