117 587 233 220
56 28 32
56 28 32
56 28 32
56 28 32
56 28 32
56 28 32
56 28 32
56 28 32
56 28 32
92 39 68
92 39 68
92 39 68
92 39 68
92 39 68
92 39 68
92 39 68
92 39 68
92 39 68
92 39 68
92 39 68
90 29 86
90 29 86
90 29 86
90 29 86
90 29 86
90 29 86
90 29 86
90 29 86
90 29 86
73 52 54
73 52 54
73 52 54
73 52 54
73 52 54
73 52 54
73 52 54
73 52 54
73 52 54
73 52 54
73 52 54
73 52 54
73 52 54
73 52 54
73 52 54
73 52 54
73 52 54
114 45 100
114 45 100
114 45 100
114 45 100
114 45 100
114 45 100
114 45 100
114 45 100
114 45 100
114 45 100
114 45 100
114 45 100
114 45 100
114 45 100
114 45 100
114 45 100
114 45 100
94 36 51
94 36 51
94 36 51
94 36 51
94 36 51
94 36 51
94 36 51
94 36 51
94 36 51
94 36 51
94 36 51
94 36 51
94 36 51
94 36 51
108 38 59
108 38 59
108 38 59
108 38 59
108 38 59
108 38 59
108 38 59
108 38 59
108 38 59
108 38 59
108 38 59
108 38 59
108 38 59
89 61 82
89 61 82
89 61 82
89 61 82
89 61 82
89 61 82
89 61 82
81 43 71
81 43 71
81 43 71
81 43 71
81 43 71
81 43 71
81 43 71
81 43 71
81 43 71
81 43 71
81 43 71
81 43 71
61 37 53
61 37 53
61 37 53
61 37 53
61 37 53
61 37 53
61 37 53
61 37 53
