117 587 233 220
90 37 73
90 37 73
90 37 73
90 37 73
90 37 73
90 37 73
90 37 73
90 37 73
90 37 73
102 33 95
102 33 95
102 33 95
102 33 95
102 33 95
102 33 95
102 33 95
102 33 95
102 33 95
102 33 95
102 33 95
102 33 95
102 33 95
102 33 95
102 33 95
117 30 38
117 30 38
117 30 38
117 30 38
117 30 38
117 30 38
117 30 38
117 30 38
117 30 38
117 30 38
75 57 73
75 57 73
75 57 73
75 57 73
75 57 73
75 57 73
75 57 73
75 57 73
75 57 73
75 57 73
75 57 73
75 57 73
75 57 73
86 34 36
86 34 36
86 34 36
86 34 36
86 34 36
86 34 36
86 34 36
86 34 36
86 34 36
86 34 36
86 34 36
86 34 36
101 62 81
101 62 81
101 62 81
101 62 81
101 62 81
101 62 81
101 62 81
101 62 81
101 62 81
101 62 81
101 62 81
101 62 81
101 62 81
101 62 81
90 65 66
90 65 66
90 65 66
90 65 66
90 65 66
90 65 66
90 65 66
90 65 66
90 65 66
76 51 69
76 51 69
76 51 69
76 51 69
76 51 69
76 51 69
76 51 69
76 51 69
76 51 69
76 51 69
76 51 69
76 51 69
76 51 69
76 51 69
76 51 69
65 30 30
65 30 30
65 30 30
65 30 30
65 30 30
65 30 30
65 30 30
65 30 30
61 37 46
61 37 46
61 37 46
61 37 46
61 37 46
61 37 46
61 37 46
61 37 46
61 37 46
61 37 46
61 37 46
61 37 46
