104 587 233 220
110 55 60
110 55 60
110 55 60
110 55 60
110 55 60
110 55 60
110 55 60
110 55 60
110 55 60
80 71 78
80 71 78
80 71 78
80 71 78
80 71 78
80 71 78
80 71 78
110 50 75
110 50 75
110 50 75
110 50 75
110 50 75
110 50 75
110 50 75
110 50 75
110 50 75
110 50 75
100 40 72
100 40 72
100 40 72
100 40 72
100 40 72
100 40 72
100 40 72
100 40 72
100 40 72
100 40 72
103 32 60
103 32 60
103 32 60
103 32 60
103 32 60
103 32 60
103 32 60
103 32 60
103 32 60
103 32 60
103 32 60
103 32 60
70 49 60
70 49 60
70 49 60
70 49 60
70 49 60
70 49 60
70 49 60
70 49 60
70 49 60
70 49 60
70 49 60
70 49 60
70 49 60
70 49 60
80 62 72
80 62 72
80 62 72
80 62 72
80 62 72
80 62 72
80 62 72
80 62 72
80 62 72
80 62 72
120 67 74
120 67 74
120 67 74
120 67 74
120 67 74
120 67 74
120 67 74
75 37 52
75 37 52
75 37 52
75 37 52
75 37 52
75 37 52
75 37 52
75 37 52
57 48 54
57 48 54
57 48 54
57 48 54
57 48 54
57 48 54
57 48 54
57 48 54
57 48 54
57 48 54
57 48 54
57 48 54
57 48 54
57 48 54
57 48 54
57 48 54
57 48 54
