152 587 233 220
87 28 33
87 28 33
87 28 33
87 28 33
87 28 33
87 28 33
87 28 33
87 28 33
87 28 33
87 28 33
87 28 33
87 28 33
87 28 33
87 28 33
87 28 33
87 28 33
87 28 33
97 57 70
97 57 70
97 57 70
97 57 70
97 57 70
97 57 70
97 57 70
97 57 70
97 57 70
97 57 70
97 57 70
97 57 70
97 57 70
97 57 70
97 57 70
97 57 70
71 38 57
71 38 57
71 38 57
71 38 57
71 38 57
71 38 57
71 38 57
71 38 57
71 38 57
71 38 57
71 38 57
71 38 57
71 38 57
71 38 57
71 38 57
71 38 57
63 47 53
63 47 53
63 47 53
63 47 53
63 47 53
63 47 53
63 47 53
63 47 53
63 47 53
63 47 53
63 47 53
63 47 53
63 47 53
63 47 53
63 47 53
77 37 56
77 37 56
77 37 56
77 37 56
77 37 56
77 37 56
77 37 56
77 37 56
77 37 56
77 37 56
77 37 56
77 37 56
77 37 56
77 37 56
102 47 67
102 47 67
102 47 67
102 47 67
102 47 67
102 47 67
102 47 67
102 47 67
102 47 67
102 47 67
102 47 67
102 47 67
102 47 67
72 29 31
72 29 31
72 29 31
72 29 31
72 29 31
72 29 31
72 29 31
72 29 31
72 29 31
72 29 31
72 29 31
72 29 31
72 29 31
72 29 31
72 29 31
72 29 31
84 38 58
84 38 58
84 38 58
84 38 58
84 38 58
84 38 58
84 38 58
84 38 58
84 38 58
84 38 58
84 38 58
84 38 58
84 38 58
84 38 58
84 38 58
84 38 58
84 56 57
84 56 57
84 56 57
84 56 57
84 56 57
84 56 57
84 56 57
84 56 57
84 56 57
84 56 57
84 56 57
84 56 57
84 56 57
84 56 57
84 56 57
84 56 57
84 56 57
88 33 76
88 33 76
88 33 76
88 33 76
88 33 76
88 33 76
88 33 76
88 33 76
88 33 76
88 33 76
88 33 76
88 33 76
