93 587 233 220
95 46 92
95 46 92
95 46 92
95 46 92
95 46 92
95 46 92
95 46 92
65 40 60
65 40 60
65 40 60
65 40 60
65 40 60
65 40 60
65 40 60
65 40 60
65 40 60
65 40 60
65 40 60
103 59 62
103 59 62
103 59 62
103 59 62
103 59 62
103 59 62
103 59 62
103 59 62
103 59 62
103 59 62
71 52 65
71 52 65
71 52 65
71 52 65
71 52 65
71 52 65
119 28 87
119 28 87
119 28 87
119 28 87
119 28 87
119 28 87
119 28 87
119 28 87
119 28 87
119 28 87
119 28 87
119 28 87
109 78 92
109 78 92
109 78 92
109 78 92
109 78 92
109 78 92
109 78 92
109 78 92
109 78 92
109 78 92
109 78 92
109 78 92
109 78 92
58 35 54
58 35 54
58 35 54
58 35 54
58 35 54
58 35 54
58 35 54
98 64 73
98 64 73
98 64 73
98 64 73
98 64 73
98 64 73
98 64 73
44 40 44
44 40 44
44 40 44
44 40 44
44 40 44
44 40 44
44 40 44
44 40 44
44 40 44
44 40 44
70 35 69
70 35 69
70 35 69
70 35 69
70 35 69
70 35 69
70 35 69
70 35 69
70 35 69
70 35 69
