134 587 233 220
86 57 65
86 57 65
86 57 65
86 57 65
86 57 65
86 57 65
86 57 65
61 32 37
61 32 37
61 32 37
61 32 37
61 32 37
61 32 37
61 32 37
61 32 37
61 32 37
61 32 37
61 32 37
61 32 37
61 32 37
61 32 37
61 32 37
39 27 33
39 27 33
39 27 33
39 27 33
39 27 33
39 27 33
39 27 33
39 27 33
39 27 33
39 27 33
39 27 33
85 26 33
85 26 33
85 26 33
85 26 33
85 26 33
85 26 33
85 26 33
85 26 33
85 26 33
101 42 94
101 42 94
101 42 94
101 42 94
101 42 94
101 42 94
101 42 94
101 42 94
101 42 94
101 42 94
101 42 94
101 42 94
101 42 94
101 42 94
101 42 94
65 46 53
65 46 53
65 46 53
65 46 53
65 46 53
65 46 53
65 46 53
65 46 53
65 46 53
65 46 53
76 39 72
76 39 72
76 39 72
76 39 72
76 39 72
76 39 72
76 39 72
76 39 72
76 39 72
76 39 72
76 39 72
76 39 72
76 39 72
76 39 72
76 39 72
76 39 72
76 39 72
76 39 72
47 25 42
47 25 42
47 25 42
47 25 42
47 25 42
47 25 42
47 25 42
47 25 42
47 25 42
47 25 42
47 25 42
47 25 42
47 25 42
47 25 42
93 60 76
93 60 76
93 60 76
93 60 76
93 60 76
93 60 76
93 60 76
93 60 76
93 60 76
93 60 76
93 60 76
93 60 76
93 60 76
93 60 76
93 60 76
93 60 76
95 51 74
95 51 74
95 51 74
95 51 74
95 51 74
95 51 74
95 51 74
95 51 74
95 51 74
95 51 74
95 51 74
95 51 74
95 51 74
95 51 74
95 51 74
95 51 74
95 51 74
95 51 74
95 51 74
