78 587 233 220
78 37 69
78 37 69
78 37 69
78 37 69
78 37 69
115 58 90
115 58 90
115 58 90
115 58 90
115 58 90
115 58 90
115 58 90
115 58 90
68 20 53
68 20 53
68 20 53
68 20 53
68 20 53
68 20 53
68 20 53
68 20 53
68 20 53
119 47 71
119 47 71
119 47 71
119 47 71
119 47 71
119 47 71
100 57 82
100 57 82
100 57 82
100 57 82
100 57 82
100 57 82
100 57 82
88 52 76
88 52 76
88 52 76
88 52 76
88 52 76
95 43 90
95 43 90
95 43 90
95 43 90
95 43 90
95 43 90
95 43 90
95 43 90
95 43 90
87 62 72
87 62 72
87 62 72
87 62 72
87 62 72
87 62 72
87 62 72
87 62 72
87 62 72
87 62 72
87 62 72
87 62 72
87 62 72
87 62 72
80 47 66
80 47 66
80 47 66
80 47 66
80 47 66
80 47 66
120 67 78
120 67 78
120 67 78
120 67 78
120 67 78
120 67 78
120 67 78
120 67 78
120 67 78
