142 587 233 220
74 32 60
74 32 60
74 32 60
74 32 60
74 32 60
74 32 60
74 32 60
74 32 60
74 32 60
74 32 60
74 32 60
74 32 60
74 32 60
74 32 60
74 32 60
100 43 50
100 43 50
100 43 50
100 43 50
100 43 50
100 43 50
100 43 50
100 43 50
100 43 50
100 43 50
100 43 50
100 43 50
100 43 50
95 42 74
95 42 74
95 42 74
95 42 74
95 42 74
95 42 74
95 42 74
95 42 74
95 42 74
95 42 74
95 42 74
95 42 74
95 42 74
95 42 74
95 42 74
95 42 74
95 30 70
95 30 70
95 30 70
95 30 70
95 30 70
95 30 70
95 30 70
95 30 70
95 30 70
95 30 70
95 30 70
95 30 70
95 30 70
95 30 70
95 30 70
45 24 37
45 24 37
45 24 37
45 24 37
45 24 37
45 24 37
45 24 37
45 24 37
45 24 37
45 24 37
45 24 37
45 24 37
45 24 37
45 24 37
45 24 37
45 24 37
67 25 60
67 25 60
67 25 60
67 25 60
67 25 60
67 25 60
67 25 60
67 25 60
67 25 60
67 25 60
67 25 60
67 25 60
67 25 60
67 25 60
55 35 51
55 35 51
55 35 51
55 35 51
55 35 51
55 35 51
55 35 51
55 35 51
55 35 51
55 35 51
55 35 51
55 35 51
76 61 71
76 61 71
76 61 71
76 61 71
76 61 71
76 61 71
76 61 71
76 61 71
76 61 71
76 61 71
76 61 71
76 61 71
76 61 71
76 61 71
76 61 71
76 61 71
119 51 88
119 51 88
119 51 88
119 51 88
119 51 88
119 51 88
119 51 88
119 51 88
119 51 88
119 51 88
119 51 88
98 26 81
98 26 81
98 26 81
98 26 81
98 26 81
98 26 81
98 26 81
98 26 81
98 26 81
98 26 81
98 26 81
98 26 81
98 26 81
98 26 81
