# MHKP instance for submodel V0 of Deplano et al. (2019)
# BINS:  length width height priority
# ITEMS: length width height
# beta (gcd of item sides) = 1
BINS
120 120 120 5.78703703704e-07
144 120 120 4.8225308642e-07
ITEMS
52 58 71
56 65 58
49 21 28
85 71 67
34 30 32
57 49 54
82 52 44
26 19 26
41 34 42
39 37 22
71 72 62
58 54 46
43 33 40
71 58 57
45 19 36
51 62 51
70 51 60
66 50 64
84 52 54
73 50 69
66 47 53
77 55 71
62 46 54
42 26 31
41 40 32
86 47 52
55 52 62
57 72 55
83 70 53
79 67 66
67 69 71
46 36 33
34 22 19
78 48 42
77 43 62
63 57 51
63 66 58
49 34 21
64 58 50
67 69 62
30 22 23
41 35 36
50 29 33
32 33 27
74 70 72
29 18 32
82 48 54
73 52 42
81 51 53
39 19 36
81 54 54
38 18 32
52 60 52
68 47 64
61 47 53
35 29 34
71 46 57
52 54 46
68 53 50
85 55 63
61 42 45
84 53 63
84 59 71
61 66 63
71 53 65
23 27 38
53 42 69
83 66 52
77 49 63
73 64 45
77 65 68
74 52 64
46 41 22
77 63 44
81 53 72
65 63 62
76 52 63
61 52 43
70 68 68
39 27 34
79 43 50
83 44 59
61 43 71
45 34 34
45 31 31
52 42 55
68 68 70
76 67 44
64 65 46
22 25 21
54 59 62
57 53 55
36 24 39
80 72 53
75 61 64
55 60 71
64 48 51
63 63 50
47 29 36
79 67 72
53 53 71
73 54 47
76 67 53
57 67 62
84 43 44
66 50 48
30 35 20
52 63 70
69 70 43
47 22 20
44 26 33
39 30 41
65 71 71
47 20 42
62 49 67
29 26 32
76 70 66
40 42 26
59 70 63
65 50 54
27 27 19
42 21 18
46 22 41
81 44 67
69 42 59
65 43 60
53 71 63
47 35 31
70 42 69
85 68 63
76 49 71
65 44 48
26 20 22
51 63 44
61 49 65
77 44 68
64 49 67
77 51 62
34 28 39
86 45 56
69 43 43
61 55 56
62 62 45
63 68 51
64 62 63
22 28 40
46 24 32
41 28 41
64 54 67
68 52 48
66 42 72
63 65 57
46 38 21
35 29 19
81 54 69
40 32 41
60 59 42
49 26 25
42 28 18
22 41 35
71 62 42
64 57 47
41 19 33
64 50 46
21 21 42
41 36 36
71 46 69
29 22 36
25 33 28
51 50 64
53 64 45
77 45 51
64 57 62
56 44 59
84 45 52
70 57 57
59 55 48
86 71 51
61 48 47
57 67 56
81 71 42
50 39 20
51 58 60
84 50 49
81 68 49
46 32 40
71 44 43
41 32 24
82 72 66
51 49 56
60 48 69
40 36 34
52 45 54
55 49 57
86 51 54
27 24 22
84 67 46
61 56 50
43 30 25
53 47 43
