# MHKP instance for submodel V0 of Deplano et al. (2019)
# BINS:  length width height priority
# ITEMS: length width height
# beta (gcd of item sides) = 1
BINS
120 120 120 5.78703703704e-07
144 120 120 4.8225308642e-07
ITEMS
32 26 34
24 34 41
78 50 63
83 42 69
67 64 63
73 45 60
59 59 44
83 53 70
31 28 32
76 48 52
53 70 45
71 64 54
72 70 58
53 70 50
64 56 44
85 70 45
59 64 63
68 72 67
26 18 29
51 43 51
56 59 67
28 40 27
69 60 72
85 42 54
65 67 56
36 28 25
44 36 42
51 68 48
65 62 48
34 38 27
55 55 63
84 52 46
62 52 69
80 53 60
35 22 21
55 45 65
85 52 55
81 63 62
73 64 58
25 42 32
27 22 39
55 42 45
37 28 40
66 59 59
39 34 29
63 46 50
50 71 70
41 19 26
77 51 45
77 66 72
50 56 65
72 56 61
54 47 64
22 18 38
62 70 66
21 26 31
34 35 35
75 60 46
82 42 60
62 62 65
34 20 33
76 50 58
77 62 71
47 25 22
41 30 24
49 40 36
74 70 55
49 27 27
85 55 58
70 42 67
86 55 45
35 40 19
77 54 64
86 42 66
84 43 53
60 70 50
75 70 64
72 43 50
72 68 57
68 56 53
86 47 69
44 21 21
54 69 64
78 72 64
22 32 28
82 52 66
65 69 54
42 20 36
75 47 69
69 60 71
57 61 54
80 66 65
76 57 45
62 67 58
50 28 19
49 26 29
48 21 33
72 67 42
23 31 30
67 61 70
68 70 70
68 42 69
74 51 49
46 22 38
84 50 46
50 57 72
76 42 59
61 64 48
85 44 72
60 44 67
51 59 53
81 66 48
22 20 28
51 59 49
51 45 57
66 57 64
82 59 44
26 23 38
79 69 46
60 51 69
22 33 22
77 52 44
68 44 58
37 20 36
40 32 23
75 69 51
23 34 42
55 72 62
62 69 45
73 53 53
33 26 23
85 61 64
53 59 62
41 36 32
83 45 47
76 46 50
35 38 21
47 26 32
57 54 53
84 62 63
48 31 26
69 59 44
62 70 49
46 42 21
72 62 63
52 69 56
67 61 72
85 67 45
46 30 33
31 41 26
73 47 70
50 38 22
66 50 67
79 43 71
85 47 57
22 27 36
80 56 49
34 18 21
62 70 49
86 65 69
30 22 41
86 52 58
68 70 59
73 48 54
74 47 58
54 67 47
29 23 38
34 35 27
53 69 51
32 23 38
75 68 59
49 28 23
66 70 67
22 19 31
39 42 27
28 33 42
75 55 61
76 50 66
29 38 34
74 47 43
75 72 58
77 67 71
43 40 35
74 46 66
71 57 52
52 60 66
64 52 51
70 50 69
24 30 35
69 55 69
46 41 31
22 38 34
54 44 49
40 30 34
29 38 18
69 64 72
85 61 71
74 69 66
81 66 50
83 43 60
