# MHKP instance for submodel V0 of Deplano et al. (2019)
# BINS:  length width height priority
# ITEMS: length width height
# beta (gcd of item sides) = 1
BINS
120 120 120 5.78703703704e-07
144 120 120 4.8225308642e-07
ITEMS
42 29 26
72 46 72
63 61 46
58 60 46
71 62 62
79 68 50
57 61 65
70 72 45
74 59 51
81 48 66
81 46 56
80 54 47
43 42 30
39 31 31
83 64 65
43 23 20
63 43 51
75 68 46
69 60 69
31 22 32
55 47 46
80 70 60
68 51 64
46 35 29
56 45 64
59 49 42
23 37 36
80 68 61
76 55 46
78 65 55
61 57 43
41 20 22
59 42 72
84 52 58
37 25 31
33 21 26
70 47 61
21 21 31
84 66 52
85 67 53
84 64 53
69 62 63
69 56 45
50 21 31
63 57 59
74 56 61
58 46 71
40 41 23
77 68 62
32 27 36
75 61 71
21 31 19
79 49 60
61 66 53
24 24 38
36 33 40
21 29 33
70 47 49
21 22 41
35 20 31
51 55 62
86 54 47
76 51 63
84 58 58
79 59 51
60 71 71
49 22 34
27 31 26
77 59 69
31 37 24
58 63 48
54 58 42
83 67 60
59 66 69
46 19 19
34 20 23
31 25 40
30 42 36
26 18 33
21 42 36
70 61 69
25 21 26
26 42 39
86 65 60
62 56 48
54 47 55
50 60 49
24 24 20
64 69 54
78 63 69
56 50 69
38 32 39
59 50 71
51 59 59
23 22 26
63 51 68
50 62 52
44 26 26
63 72 61
40 34 41
55 52 54
85 68 45
86 72 62
44 20 28
66 52 52
83 56 68
23 26 32
65 45 62
40 33 38
41 20 24
70 66 66
53 43 71
58 71 55
50 45 68
52 53 48
74 61 65
71 71 44
69 56 68
75 58 44
54 60 69
24 34 21
25 32 24
67 64 72
62 55 59
75 60 72
59 58 67
38 20 42
70 72 53
62 54 54
63 60 45
84 71 65
63 58 58
72 63 58
64 72 62
69 72 50
33 31 29
28 25 21
81 45 42
48 41 20
69 61 53
50 41 29
61 48 60
35 39 19
71 44 67
60 66 46
70 45 51
66 45 66
68 67 53
57 45 70
53 66 51
78 51 68
77 54 52
59 50 56
53 65 62
86 56 52
66 44 47
76 65 43
78 52 71
25 31 26
76 55 71
75 45 67
78 65 50
59 58 72
76 66 43
78 63 58
50 57 67
49 40 29
39 21 18
30 29 19
37 42 32
71 64 65
69 61 56
69 60 68
78 67 61
55 71 62
74 45 71
86 63 54
47 23 39
65 69 52
77 46 70
50 41 24
27 38 40
62 46 53
55 44 64
24 26 32
75 71 43
84 62 65
80 65 56
37 28 19
57 54 56
61 69 58
50 41 33
29 42 31
55 43 63
65 70 44
53 45 47
85 54 46
68 67 50
81 42 54
59 55 55
