# MHKP instance for submodel V0 of Deplano et al. (2019)
# BINS:  length width height priority
# ITEMS: length width height
# beta (gcd of item sides) = 1
BINS
120 120 120 5.78703703704e-07
144 120 120 4.8225308642e-07
ITEMS
58 49 42
72 69 48
62 57 67
79 67 71
67 70 61
59 57 68
85 45 50
63 64 50
24 37 25
27 21 35
51 63 46
73 55 61
62 42 55
49 20 28
62 49 55
79 68 59
40 30 29
66 46 43
81 58 43
66 57 61
53 69 43
65 56 48
78 46 60
44 27 32
82 52 45
51 55 65
74 43 64
64 59 71
61 63 59
35 25 23
42 40 36
66 48 68
56 58 43
49 42 38
28 21 23
56 48 43
49 18 24
83 56 69
51 42 49
56 68 53
69 47 59
64 61 68
86 52 67
65 67 47
68 60 61
38 18 42
76 47 52
76 54 50
62 70 54
32 34 26
50 69 54
60 42 45
29 25 42
59 68 60
53 43 62
50 64 52
64 43 50
35 32 34
83 61 66
84 67 49
56 57 47
67 45 62
45 29 18
74 66 53
61 58 72
65 47 67
63 54 61
86 47 64
57 70 56
66 66 46
73 54 58
55 62 68
73 53 64
28 38 24
65 69 53
61 53 66
81 58 53
45 19 28
86 51 71
60 53 43
73 64 59
51 72 67
54 63 63
68 60 45
77 45 42
84 42 46
39 33 41
37 26 37
29 36 18
39 39 19
67 59 50
78 56 63
21 38 18
39 31 30
80 53 48
85 44 71
54 72 56
38 23 20
65 59 57
27 36 31
59 58 47
57 57 65
78 58 67
70 70 63
64 72 55
47 37 29
60 49 50
53 44 58
86 42 66
73 69 66
65 44 59
50 43 53
73 50 50
56 44 57
23 25 28
78 47 60
26 33 28
51 61 71
30 23 35
83 62 45
85 65 43
76 63 49
26 23 19
46 19 27
51 65 60
83 44 59
81 60 67
59 58 69
73 61 67
63 66 58
26 27 20
42 35 30
72 72 71
70 62 60
81 70 43
34 22 29
68 56 64
85 49 52
58 43 56
58 65 59
26 31 23
61 67 52
83 56 51
70 71 67
39 24 42
84 67 50
71 42 62
47 38 42
74 42 62
21 32 31
56 52 62
59 71 61
78 58 58
64 59 55
82 65 69
80 70 63
27 24 26
59 43 63
52 68 65
50 27 27
74 60 57
55 70 56
74 60 50
67 46 49
75 51 42
68 54 42
65 55 54
74 61 60
72 59 57
50 60 72
80 42 57
42 32 23
61 72 62
31 30 31
64 71 47
67 72 58
71 46 58
64 44 49
86 58 62
27 21 26
63 57 52
27 42 40
41 37 34
78 57 54
83 51 68
75 72 69
54 72 51
77 63 58
51 67 56
56 51 63
80 59 58
64 58 69
44 38 26
86 52 48
45 33 42
55 61 53
21 29 22
55 58 48
41 38 42
80 60 58
