# MHKP instance for submodel V0 of Deplano et al. (2019)
# BINS:  length width height priority
# ITEMS: length width height
# beta (gcd of item sides) = 1
BINS
120 120 120 5.78703703704e-07
144 120 120 4.8225308642e-07
ITEMS
78 65 53
75 50 42
85 51 70
62 65 51
61 47 59
80 63 45
50 50 60
24 32 34
79 57 72
78 72 62
66 62 70
49 27 25
63 70 42
85 45 71
73 46 65
56 71 59
44 31 35
67 71 45
47 34 18
69 66 43
77 64 45
81 52 49
85 60 53
62 53 42
48 20 33
65 55 69
34 40 40
70 71 51
67 54 57
50 66 56
67 71 49
39 28 23
22 29 21
85 58 49
53 47 63
61 43 50
71 54 51
85 72 58
84 42 47
27 38 38
82 45 62
33 41 19
40 37 26
58 60 61
56 49 63
70 51 72
58 52 66
63 46 66
34 24 32
62 60 72
77 52 62
33 39 18
32 19 20
74 52 55
58 66 61
68 43 62
83 57 42
77 58 70
70 45 62
61 56 63
50 43 52
58 42 51
32 20 20
57 45 44
67 49 61
61 64 46
69 67 65
66 51 67
62 48 71
30 22 42
68 43 67
32 34 42
54 58 72
69 62 70
79 53 70
83 54 61
75 60 46
60 61 69
59 55 69
84 42 43
62 72 60
67 60 68
86 67 64
45 41 19
83 57 45
21 40 21
82 59 60
45 19 27
76 61 48
65 50 58
30 27 32
82 69 50
75 64 45
73 48 50
72 52 57
33 29 18
81 51 62
56 60 53
59 42 72
42 18 32
42 23 42
75 48 71
46 40 42
83 46 54
58 57 61
51 61 47
37 19 33
26 34 38
74 42 42
50 61 45
35 30 22
82 71 63
50 20 38
66 45 68
71 62 62
31 35 42
62 52 57
40 23 42
77 65 51
50 72 59
77 50 60
59 65 61
65 56 68
62 47 49
38 19 25
62 55 48
73 52 58
82 52 44
38 26 20
72 47 52
57 53 44
77 72 70
52 69 54
37 19 27
50 24 20
50 26 27
51 64 44
30 34 21
70 61 70
22 28 21
45 26 32
61 44 42
56 52 49
32 30 26
62 45 68
63 48 70
82 44 43
43 19 19
62 60 52
64 44 50
23 27 31
72 50 43
64 51 62
63 56 50
59 49 44
76 43 47
32 27 20
53 71 72
48 32 37
62 70 42
53 51 67
84 72 69
27 37 18
60 67 67
79 58 42
63 58 67
86 64 55
80 52 55
48 33 22
62 70 65
60 46 68
28 25 31
70 42 63
76 42 47
25 41 36
55 69 43
69 70 54
60 64 71
71 62 58
36 42 35
40 21 24
68 66 55
73 45 69
81 48 43
85 59 50
68 66 50
77 54 72
62 58 45
70 51 53
74 70 50
48 41 27
57 72 48
55 57 58
84 52 60
36 20 30
85 51 56
32 37 32
72 44 58
39 34 33
22 38 42
