# MHKP instance for submodel V0 of Deplano et al. (2019)
# BINS:  length width height priority
# ITEMS: length width height
# beta (gcd of item sides) = 1
BINS
120 120 120 5.78703703704e-07
ITEMS
59 42 66
69 70 45
46 65 45
22 37 35
45 65 44
71 56 42
42 43 55
71 43 47
61 63 51
35 18 27
69 62 49
43 69 61
70 56 51
45 65 47
54 63 58
71 65 50
24 31 40
53 66 62
29 37 21
51 71 66
42 61 63
22 39 28
49 43 55
44 60 58
23 36 24
35 42 34
41 31 20
65 44 42
43 43 58
52 50 71
59 71 46
29 26 41
50 58 44
46 71 70
72 66 56
42 46 42
58 58 64
62 47 47
66 44 53
22 20 36
28 32 28
38 22 23
61 66 65
49 68 49
26 19 42
52 49 63
53 42 51
33 32 39
36 42 39
61 51 70
60 45 65
42 70 63
46 65 48
71 64 54
22 32 27
51 61 72
70 59 42
47 43 52
20 32 36
41 23 18
60 64 43
24 41 29
29 23 38
70 46 54
66 59 55
49 46 43
49 51 54
70 65 63
57 44 58
59 42 43
33 39 36
33 19 40
35 26 37
34 35 24
61 61 47
35 18 27
67 71 70
56 49 58
69 62 72
47 46 68
69 62 72
48 72 56
58 43 42
66 44 58
25 37 18
69 45 62
35 41 19
43 59 62
23 21 23
24 37 19
45 71 70
48 52 70
70 59 55
70 42 53
61 62 51
55 60 65
54 51 71
19 32 29
27 35 20
27 19 24
36 25 22
70 63 43
67 67 42
30 28 22
56 62 57
45 68 62
66 58 56
69 50 48
38 41 18
47 63 66
57 56 61
40 36 27
56 43 48
72 63 65
49 61 47
45 71 64
67 44 46
32 24 19
48 68 55
43 54 46
61 46 65
68 63 62
58 49 70
71 45 43
66 42 54
44 71 53
51 59 67
66 69 67
65 43 60
68 54 53
70 49 62
48 63 58
55 71 55
35 39 37
59 69 51
57 61 47
49 43 52
70 60 46
47 67 47
67 69 68
46 50 45
67 68 59
18 23 25
68 49 50
69 57 56
42 45 47
42 19 38
23 20 30
65 68 72
45 71 62
27 30 33
67 52 53
54 51 53
72 56 45
42 70 64
47 55 72
43 47 70
28 38 41
70 50 45
64 57 70
55 68 53
69 70 61
54 72 59
53 49 44
28 34 29
50 51 58
53 64 60
65 56 71
54 59 54
51 42 62
34 34 33
55 51 45
47 59 69
46 58 45
69 50 49
47 64 63
42 32 42
66 43 61
61 52 42
19 38 28
45 59 57
64 68 46
30 30 34
30 23 30
63 67 69
47 58 55
51 64 67
64 72 70
25 30 30
70 60 43
