# MHKP instance for submodel V0 of Deplano et al. (2019)
# BINS:  length width height priority
# ITEMS: length width height
# beta (gcd of item sides) = 1
BINS
120 120 120 5.78703703704e-07
ITEMS
26 30 37
38 34 40
31 22 29
65 44 70
18 18 29
41 28 28
54 58 42
40 27 23
54 67 47
60 57 64
50 51 59
49 47 47
65 50 72
33 36 32
18 39 34
55 51 59
47 60 43
62 59 47
24 35 42
51 67 68
69 68 59
22 25 20
31 26 31
22 25 35
64 60 66
70 69 56
56 54 60
67 69 42
47 58 69
69 46 62
19 35 22
59 70 68
44 66 43
25 30 39
21 21 31
46 52 42
26 24 26
43 45 52
49 55 48
37 25 34
37 33 42
25 42 22
72 53 51
36 24 36
42 59 64
30 19 39
31 25 38
68 49 53
60 68 50
25 18 30
66 60 43
33 33 28
57 68 51
20 36 31
61 63 62
27 25 22
53 58 66
64 52 70
70 51 48
50 42 58
34 39 35
43 70 70
42 40 22
46 67 59
46 58 62
70 56 47
57 55 65
46 70 50
59 63 49
71 60 64
70 48 53
54 57 52
53 60 70
61 46 58
36 38 22
60 51 55
56 46 69
64 55 50
67 46 69
31 37 22
57 68 64
72 54 61
42 46 46
66 63 55
60 68 46
64 68 55
30 20 22
34 20 41
69 72 57
38 36 34
68 44 44
71 65 69
60 58 54
22 24 35
65 63 55
67 63 44
48 42 42
67 70 56
57 65 52
69 46 65
27 28 35
45 47 59
61 43 47
50 42 59
22 38 39
49 66 61
21 18 25
67 51 68
42 63 69
72 51 56
45 51 42
58 44 50
64 60 52
53 55 46
61 51 72
25 25 20
21 37 30
66 51 64
68 44 68
59 48 44
56 53 65
58 69 52
24 21 34
27 37 30
42 60 46
57 46 64
63 64 70
52 50 61
43 71 71
21 40 26
72 42 47
67 42 66
60 48 60
60 58 48
62 63 60
40 32 20
65 46 55
60 43 45
44 71 59
63 51 70
44 55 49
52 55 70
39 27 30
61 60 43
50 57 67
70 46 67
60 53 63
60 71 67
50 57 45
67 63 44
42 18 22
71 43 48
58 60 48
21 40 35
29 20 30
72 52 56
70 52 58
50 59 70
71 63 62
51 72 72
68 63 64
45 56 46
51 55 56
48 44 67
51 54 67
67 70 60
30 33 26
37 22 33
22 40 32
43 52 68
58 67 54
30 30 29
44 45 46
57 70 71
42 71 69
66 71 53
51 68 47
72 49 52
46 44 64
69 52 71
33 36 27
58 42 66
22 25 42
56 68 60
62 63 52
59 51 42
23 18 18
50 68 64
51 59 69
47 47 49
