# MHKP instance for submodel V0 of Deplano et al. (2019)
# BINS:  length width height priority
# ITEMS: length width height
# beta (gcd of item sides) = 1
BINS
120 120 120 5.78703703704e-07
ITEMS
50 53 55
28 35 40
43 58 53
45 71 46
49 72 70
51 65 65
53 44 55
42 57 43
47 58 51
71 53 72
65 67 71
67 43 64
38 29 31
59 62 61
60 63 72
22 24 29
68 55 52
34 18 34
55 66 43
44 67 69
50 60 54
68 68 51
63 69 44
29 31 38
67 72 61
50 63 62
70 42 69
72 62 56
44 71 63
44 65 69
69 50 64
63 50 59
31 24 21
71 59 55
40 27 24
42 26 39
62 44 42
41 28 22
71 54 52
40 40 38
22 27 31
45 70 64
32 32 32
56 57 42
54 63 61
44 57 50
41 36 42
41 20 33
19 28 41
71 60 49
32 28 20
43 44 42
59 43 57
56 64 55
70 53 42
32 19 34
42 18 39
20 23 24
60 54 52
54 53 43
46 69 52
62 49 49
56 72 58
56 57 49
66 70 57
48 49 47
56 55 48
47 48 50
52 46 66
71 58 56
63 54 61
54 66 59
29 20 20
62 52 46
27 38 29
56 51 58
56 54 53
35 23 42
42 63 49
62 47 45
53 43 45
49 70 69
23 27 19
44 58 59
52 50 47
68 53 45
67 59 49
64 53 53
42 31 19
34 26 24
67 51 42
19 31 34
68 47 66
25 29 22
33 18 24
43 43 71
18 23 34
67 55 62
62 49 64
59 71 44
71 68 61
53 56 50
38 40 30
46 45 56
43 55 59
53 61 69
38 25 24
55 50 69
56 71 68
65 58 70
56 53 61
62 61 53
67 67 59
46 63 70
24 33 29
37 38 40
44 66 43
28 20 35
59 55 49
66 48 67
30 41 31
24 42 27
47 50 42
60 42 45
23 39 35
48 51 62
18 25 24
42 28 21
60 61 53
45 46 47
36 25 34
47 60 64
48 67 50
42 71 51
30 31 25
69 68 57
20 21 34
53 46 69
42 63 67
43 58 67
31 35 23
61 49 43
70 52 64
44 63 49
33 38 42
34 33 37
45 46 68
68 65 72
18 39 25
43 45 61
42 56 53
54 46 50
63 55 50
66 43 50
66 53 71
50 65 67
57 50 51
54 63 47
46 63 59
22 31 19
30 29 34
42 40 33
41 40 22
72 71 70
33 19 37
72 45 66
47 63 57
37 24 21
70 52 67
28 39 42
30 34 35
61 62 42
20 24 21
69 64 62
63 67 46
68 45 62
42 47 45
64 71 45
71 70 65
53 63 50
71 65 60
50 45 52
48 72 68
19 40 29
53 61 58
62 68 57
44 71 42
70 57 67
20 42 25
43 69 51
