# MHKP instance for submodel V0 of Deplano et al. (2019)
# BINS:  length width height priority
# ITEMS: length width height
# beta (gcd of item sides) = 1
BINS
120 120 120 5.78703703704e-07
ITEMS
68 54 67
72 49 62
37 23 33
65 57 45
37 28 35
49 69 71
38 22 42
53 55 69
36 23 32
45 67 52
24 37 41
56 42 44
23 36 40
62 63 42
70 64 52
23 31 23
69 43 51
55 56 58
32 37 37
61 68 42
24 25 32
56 59 66
72 52 52
70 66 62
42 63 45
64 47 66
59 64 69
46 60 65
67 46 58
45 68 63
52 70 65
70 68 66
65 63 72
28 21 22
54 61 60
56 54 64
29 37 36
51 61 65
60 68 49
56 71 71
65 51 42
65 64 71
57 42 61
70 68 51
70 52 52
70 60 47
68 58 65
38 31 37
51 43 59
59 56 56
60 51 63
68 61 61
18 27 22
19 24 21
43 71 45
64 48 71
62 58 50
39 39 28
67 59 56
23 35 18
43 69 66
30 31 40
29 25 41
51 48 43
41 29 26
51 62 42
39 36 33
31 37 40
18 38 28
58 57 59
71 61 72
65 52 55
46 62 53
65 68 70
71 46 59
35 34 34
53 64 71
19 38 18
41 33 36
47 68 48
66 67 50
30 42 25
57 72 64
59 58 52
48 51 62
64 53 51
52 43 65
69 59 51
65 61 46
67 43 70
20 34 38
29 21 39
54 42 62
44 60 42
22 27 20
37 36 26
70 54 64
62 58 67
30 24 28
21 34 41
69 71 68
23 32 31
18 28 40
59 58 62
21 39 28
60 56 67
44 46 46
42 58 50
49 72 48
66 48 63
40 34 33
65 65 53
49 62 62
46 47 54
53 55 62
24 22 23
33 27 41
26 23 36
45 57 65
68 57 67
63 50 43
53 68 71
27 20 18
24 20 20
61 71 45
54 55 52
38 28 23
56 53 47
51 47 48
53 54 70
67 72 59
59 72 44
54 52 51
67 50 72
43 71 53
61 54 42
41 38 24
24 29 35
63 70 46
37 32 33
72 54 47
72 67 64
46 45 44
47 52 71
54 62 44
69 54 53
55 46 51
59 71 56
49 45 51
72 72 43
52 70 69
58 42 45
51 47 48
35 38 35
60 52 69
61 43 56
55 70 62
52 47 58
32 38 40
56 62 45
30 40 31
66 65 53
58 58 55
59 72 47
42 26 23
63 58 49
70 48 59
64 61 62
53 51 59
48 67 65
40 19 39
71 67 62
46 57 44
52 57 72
68 51 61
52 69 69
38 23 20
56 43 43
51 42 58
55 51 69
54 43 52
41 23 40
46 49 68
50 55 47
58 54 68
22 25 20
29 40 34
51 42 53
50 69 50
47 63 54
