# MHKP instance for submodel V0 of Deplano et al. (2019)
# BINS:  length width height priority
# ITEMS: length width height
# beta (gcd of item sides) = 1
BINS
120 120 120 5.78703703704e-07
ITEMS
35 35 37
53 60 45
39 22 35
44 69 59
31 20 39
67 55 66
20 20 35
65 58 52
26 22 38
69 59 52
58 46 72
42 71 47
51 50 54
57 55 65
18 38 32
68 48 56
55 51 56
72 69 57
42 52 45
25 37 23
67 62 45
72 56 47
39 21 36
67 68 66
72 50 62
27 37 18
56 46 69
71 53 44
26 18 32
24 28 30
18 18 35
71 52 71
25 37 41
54 63 43
47 60 42
50 56 51
37 23 39
25 28 41
54 56 62
35 36 21
44 71 71
53 43 46
62 48 55
49 59 45
51 58 42
61 67 51
44 64 51
42 70 59
39 23 41
49 63 64
69 44 62
60 46 57
67 49 49
19 18 40
20 29 25
70 52 42
21 19 41
49 67 71
60 62 44
47 65 58
49 63 71
72 53 64
57 47 68
51 59 65
36 33 18
20 29 33
52 58 59
54 71 57
63 72 56
62 65 64
58 56 70
52 57 66
45 49 69
23 20 23
40 29 20
44 55 51
55 43 57
64 47 45
59 52 72
39 31 42
38 41 27
19 28 21
56 49 58
66 44 69
72 67 68
66 58 42
56 62 69
68 54 49
46 71 68
47 72 69
70 63 68
62 43 55
63 58 54
67 52 46
45 56 65
49 47 71
42 52 55
33 28 25
53 55 66
55 65 42
47 71 55
27 34 29
67 69 70
49 46 66
67 54 42
60 58 44
65 48 43
22 35 28
67 50 69
64 55 47
62 71 50
58 56 63
57 44 68
48 66 63
36 30 33
49 54 72
38 24 27
47 46 66
72 45 55
43 66 64
38 30 24
57 70 67
44 49 53
38 23 19
70 54 59
63 56 47
36 18 34
71 51 70
29 26 32
31 19 19
70 55 56
60 45 43
29 35 24
53 72 42
55 57 55
21 41 21
25 33 26
61 55 46
51 55 58
45 70 68
30 24 25
35 31 33
36 37 36
58 42 53
55 67 50
71 58 58
26 21 36
32 19 35
66 43 69
32 24 34
65 46 46
43 48 54
63 44 51
44 42 45
42 22 22
37 39 19
48 53 52
63 52 60
27 39 19
23 22 19
23 36 38
50 61 58
65 62 43
56 67 55
60 42 70
25 32 31
42 53 59
36 39 41
42 56 70
18 33 34
19 37 27
69 55 44
68 67 51
47 54 57
69 63 50
66 66 57
35 39 39
22 38 19
50 57 47
59 66 65
59 53 56
70 70 48
23 31 36
42 45 64
24 26 37
49 49 44
47 58 45
49 62 66
41 31 36
49 65 46
