# MHKP instance for submodel V0 of Deplano et al. (2019)
# BINS:  length width height priority
# ITEMS: length width height
# beta (gcd of item sides) = 1
BINS
120 120 120 5.78703703704e-07
ITEMS
64 64 43
58 65 59
31 35 33
42 69 42
62 49 53
57 48 65
31 27 18
57 47 66
60 69 58
51 62 68
32 22 34
64 71 47
58 54 72
72 67 66
59 66 47
71 58 47
46 70 49
59 46 51
59 72 42
21 38 27
55 56 66
52 45 59
64 64 69
48 57 48
47 63 45
34 37 26
20 27 40
72 44 43
40 30 39
72 54 54
70 49 43
56 45 70
60 64 69
54 72 48
58 63 58
70 54 54
45 65 72
68 68 44
36 29 26
33 28 22
59 50 60
57 59 46
59 70 51
62 55 60
69 49 69
60 72 54
65 70 50
60 65 56
50 64 70
47 69 46
22 29 37
55 62 50
54 46 44
66 63 49
51 60 64
43 59 52
48 68 49
59 51 59
35 34 33
20 40 37
59 71 65
57 46 52
43 68 54
49 44 43
38 20 31
70 64 61
38 40 41
27 28 40
50 64 48
60 59 44
64 70 55
46 48 62
26 23 31
50 51 71
33 18 32
47 60 64
69 52 57
64 68 52
63 72 55
64 42 59
44 54 68
43 45 69
61 46 55
27 18 23
62 56 44
57 44 43
36 37 39
48 61 57
62 67 49
19 28 30
33 24 20
40 26 40
71 67 54
50 55 67
39 21 42
42 65 51
39 18 29
53 55 71
19 41 39
62 59 55
70 58 60
54 46 58
52 52 50
32 22 28
63 70 54
68 68 69
59 42 62
72 47 71
30 26 28
28 36 28
49 45 70
18 21 19
71 44 71
64 65 65
72 68 52
52 60 43
60 56 48
63 64 49
58 49 66
69 42 61
43 63 68
55 56 42
31 19 34
59 56 49
60 44 48
48 58 48
54 42 54
55 47 46
72 58 72
45 54 61
47 70 60
42 63 53
54 69 49
31 38 36
63 49 48
46 43 47
34 40 37
48 60 62
49 42 43
55 49 57
46 43 72
42 57 69
58 63 63
47 52 63
71 58 70
43 55 44
65 68 45
61 63 57
68 51 51
64 71 58
63 63 67
19 26 41
51 70 61
46 63 52
69 50 64
66 70 68
49 66 72
53 50 51
68 50 63
56 42 68
53 47 56
52 64 49
59 54 70
53 44 67
56 43 68
50 63 56
49 68 63
28 23 35
47 56 49
23 42 32
24 20 24
24 41 40
45 56 59
50 53 46
66 42 61
32 32 29
31 21 28
67 56 50
70 55 65
20 20 40
62 64 62
29 22 42
63 50 71
42 20 36
69 47 59
55 65 47
20 29 26
71 62 45
60 42 44
58 45 61
