# MHKP instance for submodel V0 of Deplano et al. (2019)
# BINS:  length width height priority
# ITEMS: length width height
# beta (gcd of item sides) = 1
BINS
120 120 120 5.78703703704e-07
ITEMS
58 69 58
72 48 59
37 19 25
62 56 51
32 32 26
44 59 46
42 44 69
72 55 56
45 69 53
41 40 34
39 42 29
44 56 61
62 66 50
63 55 54
50 47 68
68 59 48
52 71 58
55 53 49
33 34 42
18 22 40
23 22 30
22 22 41
71 63 47
72 52 43
45 46 57
70 56 67
41 27 30
59 42 51
46 50 66
18 33 27
37 29 31
43 70 58
22 36 42
19 29 41
31 38 34
60 63 69
54 64 60
67 46 48
42 38 20
32 21 30
45 71 71
67 65 44
57 52 56
47 45 72
45 61 69
42 37 42
62 42 52
33 40 30
66 42 62
29 37 20
63 61 57
35 35 20
56 57 47
38 27 35
25 27 35
66 59 48
28 35 27
59 43 45
68 69 72
54 42 68
63 60 49
39 24 21
65 64 55
45 59 49
41 38 39
55 44 54
42 65 58
32 18 39
48 42 68
38 30 34
46 60 65
70 55 46
46 58 67
50 48 44
58 55 42
66 46 72
57 55 70
40 35 40
53 56 46
56 61 48
69 56 53
60 65 47
49 59 68
23 25 42
51 51 69
70 55 69
47 49 60
60 54 49
69 52 70
62 50 68
52 46 53
22 18 42
64 65 59
68 43 59
72 57 58
56 58 66
18 32 22
56 53 44
58 52 51
26 19 23
57 55 55
72 44 70
54 53 56
19 42 42
53 45 51
56 44 53
62 55 59
66 43 58
30 24 34
41 19 42
50 68 46
50 59 72
68 42 57
70 57 70
32 33 26
40 24 27
21 19 34
26 38 39
22 37 21
64 70 54
62 58 66
60 67 56
63 43 66
65 43 44
25 22 33
58 47 71
53 45 53
56 67 47
61 51 68
22 19 24
51 62 65
48 52 50
60 60 69
53 72 55
56 43 47
35 25 27
42 67 61
64 61 53
71 59 62
34 38 33
28 40 31
42 38 42
71 54 63
33 25 37
28 31 19
51 45 48
34 30 41
62 62 46
65 44 71
49 53 53
39 30 22
33 40 22
69 48 70
49 72 56
65 57 57
28 23 35
18 35 32
52 67 59
58 54 55
59 52 68
24 40 41
40 18 19
63 42 42
65 56 59
65 49 49
51 66 54
27 28 18
44 44 70
69 45 51
43 49 58
36 22 19
42 57 63
26 25 37
46 47 42
34 20 20
68 62 63
45 58 62
65 46 62
43 67 47
31 36 21
45 61 50
53 42 42
21 25 18
26 29 20
23 35 21
45 57 50
54 54 52
72 50 71
43 44 45
51 65 45
