# MHKP instance for submodel V0 of Deplano et al. (2019)
# BINS:  length width height priority
# ITEMS: length width height
# beta (gcd of item sides) = 1
BINS
120 120 120 5.78703703704e-07
ITEMS
70 54 69
66 50 54
71 42 55
64 65 47
65 55 57
72 48 48
46 63 44
60 59 58
60 72 70
24 36 18
35 36 31
19 26 36
50 47 69
49 68 47
29 25 27
70 72 63
67 64 47
66 66 63
65 51 52
37 21 19
52 70 67
47 68 72
44 43 42
69 71 63
55 61 62
69 55 71
63 47 56
62 57 61
42 48 45
21 24 22
45 59 64
47 52 51
29 27 24
51 67 44
63 51 56
42 42 41
25 37 29
41 38 22
40 32 34
34 39 25
38 39 33
34 28 40
18 40 24
20 36 41
46 71 49
24 41 29
27 24 31
55 55 62
56 49 48
34 18 41
23 22 26
18 32 31
20 23 41
70 61 44
72 55 66
57 44 65
39 19 26
25 22 32
50 51 55
62 62 60
56 62 47
69 68 58
48 70 70
55 66 49
53 63 46
24 24 27
50 64 58
30 32 39
37 37 32
65 68 72
26 33 34
55 49 63
68 43 54
55 68 63
52 48 51
71 43 59
40 23 35
59 60 61
48 58 47
53 62 54
18 25 42
56 47 62
27 20 40
47 65 55
37 42 30
72 47 43
23 32 29
42 57 59
68 57 50
34 38 24
46 70 66
62 59 58
50 52 55
32 35 42
22 23 29
28 23 30
71 50 61
46 42 43
51 46 44
34 23 35
42 41 42
52 53 54
55 71 42
56 53 50
71 68 66
33 29 26
63 62 64
66 70 59
46 70 56
42 24 18
52 66 60
43 65 61
60 48 46
51 47 46
65 66 47
53 44 48
54 63 69
44 65 47
62 46 44
22 20 25
25 38 34
50 72 43
28 30 39
67 42 66
28 41 22
47 69 50
31 25 28
56 56 57
54 70 53
72 68 64
46 50 61
70 52 44
63 65 43
46 72 69
47 42 56
62 69 64
48 42 42
18 38 25
59 59 52
56 54 53
48 68 44
35 21 18
54 67 48
20 36 30
52 65 48
62 64 43
62 55 69
58 47 70
67 43 47
69 47 45
47 63 47
26 28 38
42 31 32
49 57 65
63 47 56
65 53 49
49 52 51
39 33 32
66 51 42
46 44 50
25 42 38
37 25 38
53 64 42
48 49 47
46 59 65
23 22 24
71 52 66
42 25 20
53 62 58
54 63 59
65 46 55
43 54 57
60 69 45
24 35 20
49 48 69
54 53 44
39 40 27
56 69 72
33 34 33
69 68 42
56 60 61
18 36 36
72 60 60
47 52 50
52 52 64
65 45 64
58 66 71
59 42 48
42 59 50
42 49 43
