# MHKP instance for submodel V0 of Deplano et al. (2019)
# BINS:  length width height priority
# ITEMS: length width height
# beta (gcd of item sides) = 1
BINS
120 120 120 5.78703703704e-07
ITEMS
33 41 30
21 40 24
49 56 52
66 49 44
60 71 42
23 32 39
26 18 30
28 28 29
47 70 48
35 19 41
71 52 48
31 36 35
50 68 69
45 67 53
50 62 45
33 28 27
65 70 57
64 62 70
46 43 62
66 67 71
62 68 48
70 55 57
51 51 42
54 50 44
29 28 26
46 52 45
52 55 42
66 45 54
61 68 52
58 65 50
53 58 61
48 54 43
64 52 70
22 24 25
69 51 60
62 61 57
59 69 62
46 66 46
61 46 46
44 56 50
22 30 22
49 49 53
69 60 70
40 40 27
21 28 28
69 57 66
70 69 51
50 58 71
22 26 24
49 64 71
56 68 54
66 56 66
66 49 70
61 70 68
72 70 55
33 41 31
70 69 52
56 59 49
68 43 52
43 45 58
56 60 65
49 62 45
39 30 30
69 62 64
51 49 45
67 62 47
19 20 40
23 26 32
72 55 53
58 72 53
65 48 60
56 67 43
65 52 64
36 20 33
52 49 42
46 57 52
50 49 57
43 56 58
71 63 44
35 41 38
51 47 60
22 28 41
54 48 70
60 46 68
72 64 58
71 72 71
26 27 41
47 58 71
22 37 19
58 65 47
55 55 57
19 32 35
48 63 67
55 62 51
72 55 66
20 31 35
21 19 39
18 38 18
44 42 42
18 25 24
56 70 49
67 42 49
18 32 35
39 21 18
60 70 52
44 62 61
20 30 36
59 45 66
39 20 36
18 23 28
63 67 70
45 64 71
30 23 27
58 47 67
53 60 42
42 19 35
20 26 36
47 58 43
51 54 42
22 31 31
66 43 54
54 54 50
49 61 59
28 24 21
56 48 70
72 69 70
43 60 49
63 61 48
43 72 72
35 24 18
34 25 28
66 47 71
25 38 20
48 47 65
28 25 29
51 66 44
54 58 45
57 43 56
70 44 58
55 58 56
30 29 39
45 50 62
40 21 19
64 68 60
64 59 63
18 28 33
28 23 40
29 26 19
65 68 68
62 70 44
24 39 34
26 22 29
19 31 22
67 44 60
61 72 46
70 67 49
67 45 52
25 21 27
70 68 53
72 53 57
70 52 46
61 62 46
65 48 72
71 53 70
65 66 50
27 29 29
29 22 40
35 39 39
47 67 46
42 46 65
68 69 61
33 38 34
25 33 39
42 45 72
45 69 62
51 69 61
64 70 71
37 41 42
50 69 54
59 47 62
58 49 64
55 60 53
52 43 65
60 72 51
57 69 52
24 24 35
43 66 49
39 27 32
64 52 68
39 25 20
