# MHKP instance for submodel V0 of Deplano et al. (2019)
# BINS:  length width height priority
# ITEMS: length width height
# beta (gcd of item sides) = 1
BINS
120 120 120 5.78703703704e-07
ITEMS
32 38 27
62 50 61
33 31 39
19 32 32
48 46 47
31 30 38
57 43 44
62 66 62
58 53 70
41 30 23
66 61 69
27 27 33
46 51 65
32 20 19
33 19 28
56 67 55
70 50 61
68 57 44
58 61 68
66 56 51
69 62 55
54 62 53
54 56 60
52 47 45
59 57 57
49 62 67
66 68 44
31 34 42
27 20 18
48 47 68
44 42 72
53 63 45
46 70 47
62 46 62
21 42 39
23 25 22
38 40 40
66 68 53
66 49 66
45 69 47
70 62 65
47 63 52
48 68 67
59 46 70
47 43 58
34 28 20
67 61 69
21 35 30
60 62 48
31 18 37
49 44 42
22 42 35
57 63 57
35 42 41
67 62 47
45 65 49
19 25 34
70 42 60
63 65 69
34 25 38
53 64 44
48 60 68
69 43 71
54 56 68
63 56 72
61 64 69
72 56 55
33 30 28
35 39 18
28 37 21
46 52 71
53 72 60
55 67 57
47 64 67
48 64 47
72 56 44
54 70 65
42 64 66
22 27 39
69 70 55
22 24 18
40 34 42
55 45 52
61 67 47
30 27 35
62 71 70
52 42 49
58 53 42
41 31 32
30 34 42
53 47 71
64 68 71
56 56 61
46 55 53
55 60 44
67 68 59
60 61 71
48 66 66
46 47 55
35 41 26
42 61 65
51 59 44
70 70 53
70 71 56
41 22 23
46 50 63
62 71 63
52 43 55
66 66 69
46 65 49
44 59 67
60 67 50
68 53 62
67 50 69
72 53 56
71 59 52
55 48 46
27 24 39
30 37 38
38 42 26
44 55 44
57 55 52
27 26 38
24 29 28
22 31 23
55 43 64
46 67 50
41 33 26
55 56 67
70 60 65
41 30 37
46 68 53
54 67 63
33 22 39
35 21 26
42 21 29
50 70 49
42 31 25
47 42 60
64 59 66
21 18 26
61 50 48
27 18 41
48 69 65
56 68 72
51 69 67
69 52 45
35 38 38
19 34 30
19 20 20
67 54 44
65 66 44
26 23 35
42 28 36
50 66 66
22 21 33
51 69 57
71 69 59
46 60 51
41 21 34
25 37 39
40 32 29
69 52 69
42 50 70
67 48 62
45 67 45
42 42 22
71 52 44
62 44 48
45 53 55
59 69 50
49 44 50
63 43 55
63 64 46
38 36 23
50 59 42
63 60 48
43 43 62
67 42 52
22 20 30
59 45 66
44 44 70
56 71 52
70 44 48
67 48 62
53 68 44
67 48 66
57 43 61
58 42 68
43 56 72
