# MHKP instance for submodel V0 of Deplano et al. (2019)
# BINS:  length width height priority
# ITEMS: length width height
# beta (gcd of item sides) = 1
BINS
120 120 120 5.78703703704e-07
144 120 120 4.8225308642e-07
168 144 120 3.444664903e-07
192 168 144 2.15291556437e-07
240 192 168 1.29174933862e-07
ITEMS
51 65 55
138 110 67
66 51 38
135 92 97
105 81 88
53 49 39
86 83 61
40 31 54
123 97 71
119 72 62
117 73 86
131 90 58
128 67 85
37 51 55
43 36 58
123 114 60
119 74 82
127 92 76
74 34 48
133 97 64
111 76 73
103 87 61
90 81 71
106 105 98
112 93 97
118 95 67
127 74 59
122 112 66
117 77 96
130 113 63
84 53 47
49 39 50
136 87 76
84 60 48
129 106 62
102 76 85
133 77 80
112 101 97
125 104 97
69 67 44
133 109 60
104 103 89
127 111 74
126 96 62
45 36 54
140 92 94
137 104 71
132 102 63
75 67 31
54 49 54
128 104 73
52 66 56
41 57 50
46 64 34
67 45 30
133 91 75
125 71 78
44 65 44
51 43 55
44 33 50
97 85 91
127 69 75
67 64 38
76 38 29
50 49 36
141 110 88
118 97 89
46 59 52
113 79 78
124 115 58
92 86 91
140 91 80
77 42 56
93 92 70
122 94 64
114 85 92
107 109 80
63 44 38
142 106 74
89 86 58
115 106 88
132 98 81
110 76 71
93 72 75
86 90 92
92 92 88
104 109 60
88 96 72
141 73 90
54 48 37
93 94 86
106 95 66
36 62 42
128 76 85
136 71 70
113 114 60
137 88 100
112 68 87
93 82 91
122 78 80
93 105 73
46 43 42
141 83 66
50 40 30
37 36 29
59 36 25
116 87 91
61 33 27
89 79 59
124 70 61
104 67 89
133 82 79
48 34 48
126 72 67
117 108 58
141 101 76
107 77 74
131 87 78
61 67 53
48 45 26
42 51 28
100 73 73
55 44 29
135 73 84
102 94 64
94 105 85
67 49 25
111 115 97
37 42 34
84 69 69
