# MHKP instance for submodel V0 of Deplano et al. (2019)
# BINS:  length width height priority
# ITEMS: length width height
# beta (gcd of item sides) = 1
BINS
120 120 120 5.78703703704e-07
144 120 120 4.8225308642e-07
168 144 120 3.444664903e-07
192 168 144 2.15291556437e-07
240 192 168 1.29174933862e-07
ITEMS
65 61 45
121 94 93
95 79 67
127 114 81
78 35 41
54 42 31
100 89 91
104 108 78
44 37 40
138 78 73
64 49 27
133 94 100
101 93 99
134 107 94
87 96 72
141 78 86
80 36 35
56 65 46
135 87 88
97 85 99
106 108 85
93 108 68
92 99 59
88 89 69
130 80 73
72 40 48
121 80 63
97 71 89
50 43 29
111 82 62
93 102 61
46 31 39
105 101 96
59 37 37
112 101 77
120 77 79
57 61 55
54 30 57
141 77 86
110 112 77
98 83 78
108 98 61
106 67 90
106 86 72
126 103 89
80 41 35
131 92 86
49 43 58
83 43 53
36 57 49
130 110 65
122 81 83
127 115 58
138 73 73
113 105 100
107 92 98
101 86 99
41 61 47
89 79 96
44 50 38
132 87 85
36 46 27
53 63 40
38 41 32
98 111 98
68 34 55
133 114 63
76 47 38
127 82 70
115 115 86
126 86 64
128 107 87
40 40 27
71 67 33
144 97 83
55 44 50
89 96 83
79 63 44
130 89 59
75 45 28
69 47 51
105 94 58
76 67 45
131 102 98
94 68 60
105 91 76
128 114 96
115 112 83
71 56 31
99 74 77
101 71 83
121 67 89
121 78 83
89 88 75
119 90 77
73 47 32
68 32 42
63 46 35
88 103 88
86 76 81
45 48 47
128 80 96
107 109 61
143 91 72
52 59 25
135 101 59
38 45 35
108 108 87
89 86 99
124 111 73
117 89 85
57 55 34
144 110 80
39 41 36
140 113 58
129 83 65
121 82 92
116 100 64
108 111 89
101 73 91
114 68 63
79 50 53
84 91 96
45 35 37
118 110 87
106 90 78
121 68 63
87 97 69
85 83 89
84 91 85
