# MHKP instance for submodel V0 of Deplano et al. (2019)
# BINS:  length width height priority
# ITEMS: length width height
# beta (gcd of item sides) = 1
BINS
120 120 120 5.78703703704e-07
144 120 120 4.8225308642e-07
168 144 120 3.444664903e-07
192 168 144 2.15291556437e-07
240 192 168 1.29174933862e-07
ITEMS
140 67 69
67 29 39
40 47 48
90 105 93
83 66 40
139 75 90
46 32 54
141 75 95
59 39 42
84 91 64
88 90 58
51 59 36
113 99 72
115 67 88
135 86 67
124 90 70
116 88 74
134 115 74
56 34 46
123 99 98
105 74 64
115 93 81
107 74 66
115 67 95
102 72 95
110 115 71
82 52 54
114 89 65
73 38 46
48 39 39
89 68 82
79 38 36
40 28 32
36 40 51
78 38 37
143 105 58
88 115 72
126 101 87
127 113 59
76 37 25
80 39 36
117 99 93
121 94 93
43 60 56
66 51 33
134 112 79
103 73 95
125 111 59
63 61 25
89 103 62
84 30 29
105 111 75
60 40 31
134 98 70
41 40 57
139 107 69
84 85 100
37 62 43
135 99 97
111 78 86
142 110 78
112 68 67
107 80 89
43 28 56
100 113 87
101 103 70
91 92 61
105 101 74
101 110 70
89 101 81
79 63 46
46 53 31
115 82 83
123 87 81
56 60 41
122 73 100
60 46 50
142 105 85
61 30 35
47 57 46
127 112 80
78 39 39
102 111 96
95 79 68
60 40 34
55 44 37
84 81 82
61 40 28
80 40 39
133 74 80
93 115 77
88 83 94
136 73 63
99 81 95
41 39 49
91 90 93
118 115 96
106 71 80
140 105 97
104 85 81
138 88 61
127 102 87
72 65 47
64 67 45
143 76 89
121 76 81
66 34 36
128 72 94
125 75 60
113 99 90
65 35 49
107 94 83
102 104 70
106 99 72
45 49 34
40 40 48
99 90 81
86 112 88
97 70 87
111 94 98
130 71 87
54 55 52
38 56 40
141 68 73
99 102 75
142 115 65
119 85 98
92 91 80
75 33 41
94 84 59
