# MHKP instance for submodel V0 of Deplano et al. (2019)
# BINS:  length width height priority
# ITEMS: length width height
# beta (gcd of item sides) = 1
BINS
120 120 120 5.78703703704e-07
144 120 120 4.8225308642e-07
168 144 120 3.444664903e-07
192 168 144 2.15291556437e-07
240 192 168 1.29174933862e-07
ITEMS
101 89 74
65 52 28
66 55 33
61 42 53
111 89 66
137 76 89
79 51 48
134 93 64
82 43 28
88 99 93
113 71 77
45 39 33
127 81 83
89 106 86
132 74 58
44 39 40
112 70 73
57 50 52
61 52 43
95 95 87
126 110 61
55 55 31
125 84 64
143 107 98
130 105 80
131 67 87
124 78 63
124 114 78
99 108 83
97 114 82
99 100 74
103 99 88
66 47 39
103 92 77
106 69 75
134 83 67
66 61 57
114 97 100
119 70 86
126 95 96
120 67 75
132 99 85
84 104 96
141 86 66
103 98 67
107 109 85
112 70 82
94 109 74
103 91 69
98 93 71
109 78 87
134 72 78
48 40 38
60 67 41
84 60 34
54 47 25
75 31 37
49 59 39
124 88 71
47 60 43
127 110 65
91 108 58
65 36 26
105 82 68
115 100 89
79 65 27
65 30 48
129 108 81
73 49 46
102 74 74
94 70 76
56 31 45
113 92 85
103 92 97
87 76 77
88 71 88
85 113 69
102 91 91
82 55 25
126 115 90
47 42 28
143 95 62
116 76 60
58 53 31
142 103 96
110 69 91
112 110 94
135 81 85
88 112 89
111 72 72
90 85 85
84 86 82
58 33 51
89 67 87
126 72 96
133 108 76
88 86 79
116 86 81
131 95 97
114 84 68
39 48 37
139 95 81
89 114 74
98 113 66
127 102 80
72 38 41
112 83 70
125 78 71
129 98 83
133 95 88
61 33 30
111 78 100
136 104 75
54 46 31
49 41 41
88 107 93
87 84 65
89 76 59
132 113 90
91 90 80
69 50 25
128 69 78
87 114 85
36 65 30
67 56 34
116 71 67
130 83 72
136 87 84
140 75 69
114 102 97
