# MHKP instance for submodel V0 of Deplano et al. (2019)
# BINS:  length width height priority
# ITEMS: length width height
# beta (gcd of item sides) = 1
BINS
120 120 120 5.78703703704e-07
144 120 120 4.8225308642e-07
168 144 120 3.444664903e-07
192 168 144 2.15291556437e-07
240 192 168 1.29174933862e-07
ITEMS
101 100 59
143 93 60
116 82 64
71 54 41
130 110 82
76 30 26
63 31 34
111 109 91
143 82 64
62 54 46
38 35 49
131 84 59
104 91 80
86 80 85
124 93 86
45 61 57
111 108 67
69 42 54
108 81 85
117 71 81
144 88 77
72 53 37
65 40 57
136 97 100
67 66 46
85 106 93
73 31 31
97 73 79
73 63 40
123 83 82
129 103 77
128 112 87
126 82 87
67 61 38
67 59 53
83 52 44
137 83 88
83 58 43
113 80 88
108 67 90
69 63 49
112 77 67
143 94 66
91 100 98
141 112 67
111 99 81
92 70 94
84 76 100
138 76 68
50 56 46
91 74 61
82 49 39
138 89 64
98 113 87
123 93 67
48 47 28
109 114 70
96 114 85
79 34 39
138 93 94
49 50 30
107 78 87
60 44 26
135 92 93
136 68 99
144 91 71
64 35 48
138 106 77
89 79 68
134 112 91
138 88 80
94 105 90
58 39 28
126 67 97
88 97 90
69 49 26
73 60 53
47 31 51
54 28 27
57 59 31
121 90 71
69 45 27
88 104 68
36 45 47
102 95 89
136 91 63
141 105 91
103 83 92
130 98 78
126 84 63
52 35 37
58 48 40
108 73 63
92 110 96
83 40 48
91 83 76
73 60 58
68 32 35
95 95 61
127 114 81
82 42 41
133 104 67
114 70 69
125 109 62
124 110 99
66 49 35
76 28 41
116 106 67
97 104 64
57 43 29
73 47 41
130 67 87
91 92 90
101 76 99
90 87 87
128 80 71
84 52 38
38 38 25
54 61 45
101 87 98
141 94 61
87 90 72
94 78 86
95 107 72
114 102 66
116 88 66
107 71 78
91 75 100
58 57 38
130 86 94
