# MHKP instance for submodel V0 of Deplano et al. (2019)
# BINS:  length width height priority
# ITEMS: length width height
# beta (gcd of item sides) = 1
BINS
120 120 120 5.78703703704e-07
144 120 120 4.8225308642e-07
ITEMS
31 41 29
65 54 60
62 70 66
57 54 67
74 42 51
33 22 39
76 61 55
74 48 50
37 20 31
57 47 69
57 43 68
65 64 71
57 54 42
83 43 72
59 68 55
61 65 44
25 39 36
32 31 34
33 31 18
33 26 30
37 22 29
35 25 27
40 36 35
63 54 71
59 55 45
30 19 30
83 59 60
81 52 49
83 54 72
50 66 63
22 33 28
77 59 71
44 24 40
82 61 48
70 50 42
40 24 20
51 45 51
50 66 49
74 57 42
28 24 35
41 40 21
51 62 63
73 58 47
61 54 71
80 53 70
58 57 55
67 44 72
43 23 28
76 70 44
50 28 39
58 42 69
84 45 67
26 37 41
38 22 23
72 49 47
81 46 42
58 55 67
26 39 38
36 42 18
70 69 70
69 44 44
79 51 72
27 40 28
81 72 62
60 61 60
57 48 65
25 19 31
80 70 45
37 19 30
71 44 60
82 60 63
58 54 64
83 64 49
82 66 45
46 41 33
52 53 42
69 47 44
24 42 32
55 44 52
32 32 19
30 37 41
79 45 43
22 24 18
63 68 70
42 25 40
75 50 56
34 30 18
58 56 49
61 58 53
52 48 53
55 57 64
63 64 54
75 44 65
27 23 28
56 62 65
69 48 69
75 61 71
71 62 67
53 72 63
61 42 48
32 32 27
81 47 70
66 48 55
59 43 53
79 66 42
52 64 56
36 32 23
30 41 28
73 47 69
72 57 63
52 46 51
51 72 69
35 32 26
61 45 70
66 71 52
75 45 67
74 50 44
32 27 24
28 30 36
23 27 39
78 47 57
69 69 60
83 42 72
57 65 45
47 26 27
76 57 54
28 20 21
67 68 44
61 50 52
36 30 21
