# MHKP instance for submodel V0 of Deplano et al. (2019)
# BINS:  length width height priority
# ITEMS: length width height
# beta (gcd of item sides) = 1
BINS
120 120 120 5.78703703704e-07
144 120 120 4.8225308642e-07
ITEMS
63 64 47
26 42 22
76 69 65
67 46 70
27 18 31
27 23 23
36 38 32
66 59 71
72 46 53
86 66 56
54 63 60
38 30 34
30 38 20
50 72 48
70 69 50
62 55 69
61 63 56
81 42 42
50 27 26
36 41 36
67 57 60
74 72 63
73 46 50
71 46 59
86 49 71
79 44 68
29 20 30
48 31 23
50 48 72
59 45 46
55 46 57
63 55 64
59 47 65
55 42 65
63 56 44
64 68 51
66 69 52
75 46 42
72 65 58
84 71 42
63 51 45
71 57 64
73 61 42
68 42 62
70 56 58
57 45 52
85 43 65
83 47 63
68 49 69
79 69 42
76 57 42
49 19 41
78 47 66
75 67 55
80 70 64
22 21 36
78 48 49
64 51 57
81 72 42
54 47 55
81 52 57
31 21 37
73 50 46
55 68 71
77 52 64
23 30 33
50 53 55
64 42 65
80 54 48
41 26 40
25 22 26
53 51 60
81 49 68
61 52 69
68 67 55
77 57 62
55 53 65
52 69 47
61 52 62
78 56 43
32 32 24
66 60 58
72 44 60
63 66 50
23 20 42
26 30 18
72 59 65
64 52 66
84 68 60
33 20 24
49 24 29
72 60 51
55 53 63
71 53 68
63 63 55
54 53 72
52 48 72
24 27 22
30 36 26
81 50 55
68 43 56
76 42 48
50 39 35
70 43 53
55 49 50
77 49 48
79 51 64
36 29 21
25 31 21
78 44 68
78 57 59
23 40 41
61 69 57
50 67 70
84 47 42
62 55 51
31 32 28
58 56 72
32 39 41
60 64 69
36 38 29
82 61 52
35 18 22
22 41 18
55 43 58
58 67 49
46 41 41
76 72 68
59 70 54
26 24 32
