# MHKP instance for submodel V0 of Deplano et al. (2019)
# BINS:  length width height priority
# ITEMS: length width height
# beta (gcd of item sides) = 1
BINS
120 120 120 5.78703703704e-07
144 120 120 4.8225308642e-07
ITEMS
81 64 62
83 47 51
82 50 59
85 65 54
75 53 44
63 69 59
75 66 67
37 33 21
54 72 42
35 24 33
55 65 68
74 65 66
42 39 34
79 56 68
54 70 52
82 68 48
83 45 56
24 40 36
43 33 35
60 71 44
86 44 70
75 55 60
60 63 57
49 32 22
79 48 42
86 42 47
57 61 45
84 47 47
85 60 61
83 70 56
51 56 60
74 61 44
53 57 53
25 22 24
73 69 68
78 61 59
50 31 29
26 29 27
55 53 45
53 45 56
66 69 47
43 19 42
66 64 52
53 56 45
82 55 45
50 33 18
55 60 67
56 47 47
65 43 47
80 71 46
31 41 37
61 67 65
58 46 50
65 52 48
84 69 45
33 19 42
21 37 29
23 34 18
67 58 51
52 53 53
32 41 20
72 55 56
30 25 25
47 36 36
85 63 55
83 46 57
50 37 40
60 51 55
52 62 44
64 70 51
61 58 55
60 51 49
28 40 25
59 52 51
76 52 60
45 21 18
72 55 64
68 54 59
38 22 42
50 37 33
56 70 48
44 38 36
29 38 37
81 55 49
21 35 24
40 35 40
34 28 34
62 70 61
59 72 52
66 61 70
70 69 62
67 62 60
30 33 31
80 70 59
67 61 62
65 47 69
26 31 34
73 60 68
64 52 42
75 72 50
62 66 60
70 57 62
60 72 54
27 38 28
58 48 42
80 60 48
66 72 66
84 68 45
68 51 46
54 64 71
33 22 19
73 49 49
50 48 72
83 51 47
74 59 62
26 38 24
55 46 49
78 56 63
74 50 54
33 31 40
62 50 51
71 57 42
31 26 31
77 54 49
54 44 46
83 65 71
72 65 72
51 63 55
54 42 66
52 65 63
