# MHKP instance for submodel V0 of Deplano et al. (2019)
# BINS:  length width height priority
# ITEMS: length width height
# beta (gcd of item sides) = 1
BINS
120 120 120 5.78703703704e-07
144 120 120 4.8225308642e-07
ITEMS
54 60 59
71 72 53
68 48 44
24 28 41
81 51 66
53 52 58
49 32 40
48 38 23
83 71 45
76 57 63
51 59 50
51 69 63
51 54 72
49 35 38
50 70 60
84 53 49
64 56 67
80 47 59
41 18 41
70 43 62
50 22 23
34 41 37
67 45 60
71 50 46
57 53 53
71 57 56
61 62 71
66 63 43
39 36 24
31 22 25
27 41 40
45 42 21
77 57 42
73 66 62
77 57 56
79 68 66
58 51 50
65 42 66
22 35 20
76 67 69
36 39 41
75 71 54
64 50 56
76 67 71
24 31 37
72 54 61
77 54 44
68 61 58
69 63 43
53 52 66
65 52 60
66 67 50
48 26 33
62 55 54
80 46 54
75 64 64
72 44 65
51 56 61
72 64 49
57 47 65
30 34 42
56 66 50
57 59 48
35 39 41
65 67 58
66 58 56
58 52 64
64 70 46
24 34 38
61 47 56
33 21 42
61 53 52
32 30 24
35 34 22
56 58 60
63 56 64
59 72 49
64 45 49
37 41 25
82 71 53
36 40 21
72 72 59
58 42 61
62 70 46
61 46 42
65 62 54
31 32 34
63 62 55
50 50 65
54 66 54
69 57 48
83 59 63
25 28 37
66 53 51
81 57 68
64 44 65
47 19 31
34 39 24
36 29 21
63 62 68
70 53 52
32 41 21
70 69 52
82 49 45
61 67 53
52 57 65
43 20 24
51 50 47
42 32 25
37 28 25
77 69 51
79 69 65
58 47 62
82 63 49
79 58 46
74 70 53
55 68 72
71 55 63
41 29 18
84 58 42
27 22 24
33 22 25
54 52 66
78 55 69
66 54 51
27 32 29
60 43 59
48 24 27
68 64 64
21 34 41
