# MHKP instance for submodel V0 of Deplano et al. (2019)
# BINS:  length width height priority
# ITEMS: length width height
# beta (gcd of item sides) = 1
BINS
120 120 120 5.78703703704e-07
144 120 120 4.8225308642e-07
ITEMS
25 33 20
49 39 26
27 27 22
81 44 50
71 44 65
58 60 57
85 71 55
74 50 53
43 32 31
59 70 57
58 68 43
68 62 62
31 19 20
25 24 20
79 55 61
84 57 60
84 56 66
58 45 46
40 19 40
77 64 70
27 26 40
58 72 69
82 50 68
79 55 67
53 69 45
23 41 38
78 69 55
48 36 41
82 56 62
81 47 64
54 63 43
63 49 66
27 19 20
71 44 66
47 33 35
59 57 44
85 48 46
65 72 60
55 57 61
66 56 63
86 47 49
51 69 54
50 54 44
55 57 61
80 67 54
33 20 35
69 71 69
27 24 27
58 60 56
64 72 70
47 20 36
54 49 62
39 35 26
81 47 62
35 32 26
62 72 46
32 39 34
63 42 55
59 69 57
80 67 61
59 53 44
83 68 66
61 54 53
44 24 22
24 21 38
43 25 30
73 66 46
39 23 28
86 60 53
46 18 42
71 62 43
60 71 60
65 54 61
38 41 35
21 21 33
69 54 57
63 57 71
65 53 71
51 56 65
45 42 18
79 62 56
57 64 71
55 50 51
80 69 50
65 54 45
64 65 67
80 48 47
69 55 69
53 46 45
38 19 35
59 44 72
42 29 35
68 69 64
37 20 23
68 67 44
80 42 66
68 48 48
54 61 53
26 18 20
64 51 47
26 18 26
85 65 72
78 46 56
49 22 39
62 70 42
67 63 44
82 61 58
62 71 44
72 55 61
28 37 41
61 72 53
65 46 70
35 42 27
47 24 34
73 69 44
69 43 56
53 54 61
76 68 70
45 39 20
67 44 54
79 65 69
27 39 37
70 50 61
82 46 63
66 67 55
50 42 27
86 46 64
80 71 68
79 50 52
64 69 64
