# MHKP instance for submodel V0 of Deplano et al. (2019)
# BINS:  length width height priority
# ITEMS: length width height
# beta (gcd of item sides) = 1
BINS
120 120 120 5.78703703704e-07
ITEMS
53 52 68
65 68 56
51 66 62
61 61 63
64 42 51
62 48 64
23 42 40
21 20 25
30 33 26
59 72 59
43 56 56
69 68 45
25 34 31
71 59 72
18 32 20
67 70 50
63 53 61
25 34 38
51 69 47
66 51 70
70 58 59
71 43 69
29 36 37
43 65 43
28 33 38
53 52 60
23 32 30
23 40 38
50 57 45
19 27 26
61 48 47
24 28 38
32 20 23
37 24 35
53 51 58
46 50 71
57 71 45
49 42 48
70 50 69
49 60 46
51 55 68
42 65 53
33 22 41
56 42 59
57 42 68
