# MHKP instance for submodel V0 of Deplano et al. (2019)
# BINS:  length width height priority
# ITEMS: length width height
# beta (gcd of item sides) = 1
BINS
120 120 120 5.78703703704e-07
ITEMS
46 44 69
42 41 35
39 22 32
69 54 65
18 38 23
62 56 61
43 65 67
54 65 57
30 37 37
63 45 42
24 42 29
52 48 54
62 57 47
29 28 29
59 55 59
62 48 72
41 33 24
69 53 55
45 72 59
53 49 48
58 45 57
67 64 54
65 46 61
43 48 45
40 33 21
41 40 25
42 69 53
46 49 42
42 42 65
56 50 43
69 57 46
53 72 58
21 28 41
70 51 66
43 64 60
67 55 42
51 43 69
72 51 56
44 47 69
24 38 32
52 54 71
55 56 72
23 24 21
18 29 23
68 54 60
