# MHKP instance for submodel V0 of Deplano et al. (2019)
# BINS:  length width height priority
# ITEMS: length width height
# beta (gcd of item sides) = 1
BINS
120 120 120 5.78703703704e-07
ITEMS
42 41 32
53 44 63
43 54 68
21 35 42
66 42 58
38 25 28
23 32 18
55 60 56
27 32 24
21 24 24
29 25 30
60 58 62
18 19 22
53 64 54
21 30 35
47 43 60
45 71 50
57 60 42
52 61 67
43 55 66
36 25 32
23 20 41
29 21 37
45 64 57
48 42 44
56 51 45
64 66 72
27 32 25
18 36 41
62 69 48
26 27 19
34 27 41
72 61 67
67 65 51
24 41 28
28 20 21
54 63 54
44 70 64
58 61 43
70 45 48
45 70 70
65 44 52
47 66 68
67 63 55
63 46 48
