# MHKP instance for submodel V0 of Deplano et al. (2019)
# BINS:  length width height priority
# ITEMS: length width height
# beta (gcd of item sides) = 1
BINS
120 120 120 5.78703703704e-07
ITEMS
71 61 44
45 52 53
40 25 39
68 52 54
33 32 37
60 64 50
66 56 60
67 56 42
42 66 55
46 63 53
31 37 37
54 57 57
67 56 69
60 64 55
20 40 19
51 53 66
53 65 64
67 65 51
33 19 20
44 70 66
50 67 52
31 36 36
23 22 40
69 50 58
61 56 68
36 18 37
65 53 51
43 69 58
61 48 51
61 65 45
42 54 69
65 52 44
36 29 27
62 65 64
57 55 66
70 56 43
50 55 57
51 51 65
65 44 50
25 35 23
36 18 33
33 24 38
57 44 62
38 27 31
53 51 47
