# MHKP instance for submodel V0 of Deplano et al. (2019)
# BINS:  length width height priority
# ITEMS: length width height
# beta (gcd of item sides) = 1
BINS
120 120 120 5.78703703704e-07
ITEMS
54 62 61
63 49 50
61 45 63
44 46 45
53 61 46
19 38 39
34 40 21
35 21 33
48 68 46
54 58 61
68 42 47
54 65 42
67 58 59
49 64 57
31 22 23
67 53 52
61 57 58
42 34 23
60 52 47
71 55 61
21 20 38
48 43 46
54 61 59
42 52 52
32 27 36
61 63 50
68 62 48
51 59 68
46 66 49
56 69 64
66 63 53
31 40 32
49 60 55
23 28 19
64 72 60
46 60 64
34 38 36
29 25 27
64 52 68
59 45 63
70 68 65
41 32 39
26 42 22
30 27 28
47 63 71
