# MHKP instance for submodel V0 of Deplano et al. (2019)
# BINS:  length width height priority
# ITEMS: length width height
# beta (gcd of item sides) = 1
BINS
120 120 120 5.78703703704e-07
ITEMS
41 38 22
19 27 29
21 33 39
60 43 68
37 26 22
41 22 33
50 46 53
35 29 24
64 57 47
42 63 69
46 55 62
23 31 29
47 51 44
23 31 33
68 60 53
37 36 32
54 65 55
69 72 68
51 47 71
55 45 42
66 53 62
44 65 60
48 52 58
45 53 62
62 68 54
51 42 58
32 33 23
56 49 54
23 34 37
46 51 43
52 64 68
19 21 21
42 55 68
51 52 42
57 43 64
59 70 53
50 47 60
32 21 30
22 28 39
27 37 28
59 60 47
22 36 41
19 23 37
67 49 66
38 37 36
