# MHKP instance for submodel V0 of Deplano et al. (2019)
# BINS:  length width height priority
# ITEMS: length width height
# beta (gcd of item sides) = 1
BINS
120 120 120 5.78703703704e-07
ITEMS
52 72 56
55 55 51
70 54 67
72 62 54
63 57 59
43 60 44
31 20 38
68 68 43
71 71 56
71 52 55
66 44 42
29 29 20
48 54 56
35 24 26
40 27 32
50 52 59
37 21 39
31 26 30
54 51 68
48 45 70
60 42 71
31 41 18
54 54 56
49 70 71
34 19 36
24 26 35
23 35 18
49 58 49
34 41 38
46 45 69
33 19 28
66 45 46
54 68 53
68 49 45
43 62 67
44 69 71
72 71 49
72 55 71
26 23 41
53 42 54
57 49 68
42 35 24
63 42 53
69 65 58
57 66 60
