# MHKP instance for submodel V0 of Deplano et al. (2019)
# BINS:  length width height priority
# ITEMS: length width height
# beta (gcd of item sides) = 1
BINS
120 120 120 5.78703703704e-07
ITEMS
53 72 63
29 31 28
56 56 57
34 30 19
35 42 32
59 43 58
59 61 67
60 52 71
54 50 44
42 51 62
37 38 29
66 68 61
67 50 62
56 42 49
52 43 55
59 64 70
71 71 61
69 46 68
64 56 59
43 60 42
46 58 71
55 61 70
64 49 46
38 23 22
61 42 63
62 56 54
68 69 50
44 46 52
50 59 60
62 64 59
59 56 67
51 62 43
58 62 68
47 56 57
44 44 50
71 65 60
59 47 46
59 65 68
65 43 56
60 64 64
52 45 71
64 72 61
33 24 33
46 44 53
65 71 61
