# MHKP instance for submodel V0 of Deplano et al. (2019)
# BINS:  length width height priority
# ITEMS: length width height
# beta (gcd of item sides) = 1
BINS
120 120 120 5.78703703704e-07
ITEMS
53 61 53
69 50 59
67 63 64
56 51 53
44 49 67
35 31 41
69 69 60
34 33 22
58 48 47
65 56 64
66 67 64
61 50 59
49 53 42
58 65 67
39 39 39
20 26 39
31 30 40
71 71 62
53 42 70
58 63 47
55 70 53
36 40 40
64 58 67
58 68 44
58 46 67
42 63 54
60 58 71
58 72 67
66 65 60
62 72 56
70 72 49
62 52 53
26 18 30
49 72 47
54 66 50
58 67 56
52 62 55
44 49 47
48 51 71
48 65 53
33 42 22
22 39 19
31 32 28
60 70 51
26 28 18
