# MHKP instance for submodel V0 of Deplano et al. (2019)
# BINS:  length width height priority
# ITEMS: length width height
# beta (gcd of item sides) = 1
BINS
120 120 120 5.78703703704e-07
ITEMS
44 52 42
24 29 23
61 60 52
25 29 32
50 56 71
35 28 40
58 57 46
44 56 51
69 68 65
29 30 28
31 19 28
23 19 39
47 66 44
70 53 60
67 51 47
23 42 30
19 37 23
60 71 43
55 68 72
28 40 24
39 39 25
63 69 63
53 70 68
57 48 68
21 19 18
50 65 53
49 53 43
47 55 60
69 71 46
26 20 40
52 50 67
69 70 56
55 62 71
45 43 69
68 43 55
51 53 58
47 64 43
35 22 31
60 64 60
24 21 21
55 52 44
18 21 26
31 22 38
67 65 59
29 42 31
