# MHKP instance for submodel V0 of Deplano et al. (2019)
# BINS:  length width height priority
# ITEMS: length width height
# beta (gcd of item sides) = 1
BINS
120 120 120 5.78703703704e-07
144 120 120 4.8225308642e-07
ITEMS
65 63 42
74 63 71
59 43 52
84 55 72
85 64 44
45 37 33
60 59 43
76 53 55
67 54 66
21 40 24
58 53 42
56 49 65
72 51 64
74 60 43
62 57 49
55 65 67
81 66 45
63 50 43
72 68 46
85 62 60
46 39 34
28 39 29
86 64 65
53 58 66
64 54 66
53 58 42
34 39 29
57 50 59
84 60 60
75 57 61
69 66 54
22 20 26
31 32 24
78 61 66
45 25 29
85 49 48
24 39 20
52 72 46
54 67 61
38 42 23
73 46 52
38 20 24
78 65 60
65 53 50
23 36 31
34 30 31
44 19 32
74 58 56
56 61 68
40 26 29
50 43 63
46 38 42
56 63 57
78 50 51
45 32 22
27 22 30
52 47 60
44 26 33
74 68 46
75 54 48
55 64 45
61 53 57
57 65 69
75 46 49
78 48 52
79 61 57
57 60 72
75 64 67
24 24 28
72 57 63
54 67 71
54 69 44
54 44 68
56 58 62
54 63 60
62 51 51
53 48 71
82 45 72
44 23 25
42 24 32
34 21 42
61 47 49
72 46 69
63 65 61
50 55 52
72 45 64
54 65 57
67 46 49
58 44 50
54 46 54
69 52 63
83 71 46
76 43 68
33 40 26
83 50 51
54 43 69
53 58 56
34 22 38
47 18 34
43 31 33
66 71 57
52 71 56
68 42 52
79 43 56
79 63 45
61 44 57
80 64 68
86 48 62
72 72 66
81 69 70
86 59 72
74 49 52
78 61 72
72 47 45
67 61 64
70 71 72
76 54 44
76 67 57
75 59 59
22 21 40
72 48 55
59 59 67
45 30 42
85 59 42
42 22 25
64 56 54
84 71 56
43 19 29
78 46 66
43 38 31
49 40 36
72 65 71
68 55 62
24 37 23
63 50 49
43 35 33
79 62 64
49 27 33
57 43 44
72 58 62
61 55 62
69 55 48
71 53 69
54 50 43
35 39 22
23 23 35
42 30 19
57 60 66
44 31 33
84 55 72
61 44 54
84 49 51
49 35 42
66 63 63
29 36 41
70 53 65
49 33 37
83 44 61
73 71 53
72 53 43
