# MHKP instance for submodel V0 of Deplano et al. (2019)
# BINS:  length width height priority
# ITEMS: length width height
# beta (gcd of item sides) = 1
BINS
120 120 120 5.78703703704e-07
144 120 120 4.8225308642e-07
ITEMS
65 43 70
57 43 70
49 20 40
54 63 70
71 50 58
30 34 31
38 32 37
72 53 59
70 60 42
78 56 70
55 59 53
57 42 42
33 35 24
79 61 47
34 30 25
54 45 53
46 29 21
46 25 22
70 66 47
43 31 29
34 40 29
57 48 60
49 18 31
64 68 51
80 50 65
74 70 69
56 55 55
35 34 41
83 70 64
69 42 58
24 38 29
34 42 25
42 19 40
81 58 47
62 50 72
59 65 55
80 43 69
51 71 55
84 49 54
76 48 72
78 67 64
60 48 56
27 20 30
66 63 53
78 43 60
70 53 60
81 51 66
56 65 44
59 67 44
82 64 54
72 54 61
23 39 37
64 69 51
24 20 35
24 22 35
32 39 25
22 38 25
23 39 30
82 54 62
41 42 42
77 63 64
67 42 43
28 24 23
75 46 46
68 48 67
73 60 56
45 23 41
35 23 40
56 66 43
46 18 18
58 58 58
58 72 60
73 54 70
60 66 55
64 50 59
53 67 45
70 57 71
21 25 19
32 22 31
64 49 59
23 34 20
32 31 34
67 59 42
58 56 64
45 24 29
57 53 59
82 48 63
81 68 64
38 22 21
63 60 52
59 53 45
54 49 68
22 38 23
84 54 50
71 62 67
51 47 42
41 38 19
24 21 24
86 43 47
24 32 22
71 72 71
21 37 32
47 40 34
54 64 50
68 59 58
40 39 27
62 61 55
33 21 38
28 30 32
85 66 67
62 48 64
76 42 64
39 34 25
55 63 68
31 19 21
60 42 52
80 69 45
54 45 67
78 45 47
31 42 37
49 24 28
62 58 45
66 64 62
68 55 67
83 65 68
85 43 47
86 69 48
44 33 27
43 36 40
63 52 53
44 35 25
35 39 31
61 57 43
55 57 45
74 47 61
30 29 29
76 64 72
55 69 55
81 42 50
63 47 51
55 61 42
76 51 69
57 48 50
24 25 24
85 65 51
59 72 43
41 28 18
81 55 62
81 69 54
48 19 18
80 56 65
40 31 33
40 23 40
58 44 46
41 35 37
27 41 27
77 59 53
21 25 36
27 21 20
77 61 64
