# MHKP instance for submodel V0 of Deplano et al. (2019)
# BINS:  length width height priority
# ITEMS: length width height
# beta (gcd of item sides) = 1
BINS
120 120 120 5.78703703704e-07
144 120 120 4.8225308642e-07
ITEMS
24 21 41
78 61 44
76 43 44
36 20 36
34 22 38
39 22 18
72 51 46
46 24 39
42 19 40
70 65 46
46 39 30
65 53 54
76 69 69
60 43 46
40 26 27
73 64 48
68 51 69
48 32 21
77 58 66
63 72 48
66 63 68
24 34 31
58 66 42
61 71 64
85 62 43
86 65 55
56 72 53
31 34 20
22 37 25
62 46 68
55 53 48
51 55 48
62 48 48
86 55 61
63 53 57
52 44 46
58 65 54
57 49 66
64 58 56
37 42 29
41 25 25
58 47 55
77 68 65
68 53 46
69 52 71
68 67 67
64 45 61
60 70 72
58 64 49
62 72 44
57 54 67
82 65 46
68 68 57
38 26 27
57 56 50
69 46 72
79 62 53
85 69 52
71 47 45
52 45 50
50 49 46
52 62 55
50 20 27
58 46 64
55 63 61
84 42 42
84 48 55
60 53 44
63 72 58
84 63 63
60 52 60
76 68 45
30 25 27
59 69 49
24 28 41
73 57 43
51 50 63
58 64 65
49 34 33
63 46 52
79 57 61
70 42 62
28 29 32
75 56 48
71 72 52
61 67 65
43 39 36
83 62 58
21 36 39
59 61 57
41 24 30
68 67 66
80 67 72
22 27 23
83 43 57
56 69 57
40 37 34
50 60 65
85 62 55
75 68 59
66 64 65
58 46 45
69 69 51
45 20 21
77 48 64
67 54 57
55 70 61
57 47 52
71 64 71
61 63 65
71 50 68
40 30 32
38 18 23
61 65 59
53 55 61
68 72 72
38 25 25
49 26 42
67 52 54
70 61 44
66 46 71
67 48 49
53 64 50
60 61 44
58 45 55
61 62 53
68 66 57
82 48 49
84 46 62
29 20 38
26 21 40
40 21 32
77 51 59
32 38 37
72 60 61
50 43 66
77 59 63
73 68 54
63 65 52
86 65 49
70 63 47
70 60 68
85 48 44
23 25 19
44 42 21
57 56 48
62 68 51
25 24 20
67 67 51
55 43 56
41 23 42
58 50 62
35 26 39
80 45 68
60 55 65
64 69 47
78 69 54
50 25 39
44 28 25
79 70 45
