# MHKP instance for submodel V0 of Deplano et al. (2019)
# BINS:  length width height priority
# ITEMS: length width height
# beta (gcd of item sides) = 1
BINS
120 120 120 5.78703703704e-07
144 120 120 4.8225308642e-07
ITEMS
56 55 62
72 51 69
68 47 46
45 28 28
28 41 41
24 21 42
82 43 64
70 50 72
65 53 67
67 56 69
78 66 55
71 42 69
74 46 53
79 65 55
34 32 29
33 38 18
54 62 55
83 42 66
69 67 67
82 45 70
84 49 49
62 64 52
38 36 42
28 40 41
25 38 42
85 71 42
69 60 67
66 49 56
83 72 68
72 52 63
55 56 51
54 68 61
63 66 59
54 67 42
64 54 54
69 67 61
73 46 71
26 31 36
33 31 41
86 63 47
80 53 63
83 44 52
72 44 60
74 43 44
22 20 31
86 61 48
79 54 64
48 27 40
77 69 43
84 42 52
77 63 58
36 42 23
83 60 42
48 34 26
38 23 34
61 45 55
69 62 72
58 62 59
57 59 60
39 27 33
65 42 58
76 70 59
21 21 38
43 26 24
57 43 42
32 33 31
26 23 39
42 41 24
61 69 65
84 71 65
35 25 22
59 68 56
76 54 64
57 55 52
34 21 30
41 28 22
61 43 50
70 69 68
84 71 63
66 62 53
83 60 46
39 23 26
69 45 63
38 32 31
61 42 57
57 66 53
83 54 64
74 49 56
82 51 43
63 69 43
36 36 21
77 59 72
77 66 49
30 22 42
31 41 35
81 67 51
26 32 28
50 66 71
50 27 32
78 56 51
64 58 69
65 47 51
27 21 22
66 45 67
47 31 19
86 71 64
82 59 56
69 61 45
81 54 63
74 44 42
78 55 42
39 42 40
52 64 66
77 70 68
49 35 28
41 32 38
82 52 64
43 18 33
32 39 31
59 43 71
42 21 28
61 45 60
66 48 71
71 63 51
36 25 18
71 42 67
61 66 47
54 49 64
67 45 48
50 32 21
22 32 32
42 31 20
72 47 51
77 62 52
38 20 37
79 47 45
77 68 51
75 52 43
72 45 49
53 47 69
66 47 56
60 44 62
50 29 23
85 64 61
79 67 59
69 62 49
73 45 44
50 28 23
86 71 67
24 35 27
44 42 35
73 61 51
74 51 48
52 64 59
80 44 42
86 58 42
62 47 62
72 58 52
65 69 63
64 58 64
