# MHKP instance for submodel V0 of Deplano et al. (2019)
# BINS:  length width height priority
# ITEMS: length width height
# beta (gcd of item sides) = 1
BINS
120 120 120 5.78703703704e-07
144 120 120 4.8225308642e-07
ITEMS
80 57 46
46 32 21
27 25 21
61 59 62
56 70 66
75 71 60
50 42 21
74 64 49
82 56 56
70 43 48
57 50 60
71 56 63
82 72 52
80 44 54
32 29 20
81 51 70
53 65 68
35 21 41
64 69 47
65 69 70
51 60 50
85 57 62
82 53 57
65 63 50
25 35 31
28 18 20
37 28 19
62 57 71
81 69 52
84 44 42
22 29 26
80 59 43
60 58 72
66 65 58
30 31 34
31 27 38
46 42 37
47 41 38
58 49 56
71 54 51
39 30 41
82 67 52
79 48 72
24 26 21
82 57 51
31 25 31
73 44 56
25 42 21
75 68 69
61 59 62
59 54 54
30 39 23
38 31 26
84 48 60
74 52 45
79 53 64
74 46 71
51 58 51
76 69 64
76 65 63
50 71 56
76 63 64
50 20 32
27 22 35
42 40 40
65 58 68
73 46 52
81 69 42
74 58 61
77 69 42
27 31 35
83 63 66
29 21 27
32 34 29
83 72 58
69 71 69
56 52 66
49 24 33
78 44 61
67 59 45
38 39 24
45 33 37
61 68 42
30 36 41
85 64 59
24 25 18
36 28 31
39 28 18
73 51 72
46 26 19
65 71 67
38 21 31
42 38 38
50 49 50
86 65 62
73 51 62
24 21 37
78 71 72
66 47 44
34 42 42
63 72 45
75 64 64
32 36 24
44 32 34
32 23 22
49 19 31
82 68 68
53 63 52
57 42 56
66 44 58
73 43 59
73 58 59
47 21 37
37 41 35
82 71 53
82 65 50
38 33 21
69 66 60
57 63 64
74 63 72
59 44 54
26 36 26
47 23 36
52 51 51
33 38 32
35 29 31
43 31 27
26 40 25
77 46 62
79 50 66
86 62 68
59 48 47
40 38 27
61 46 57
22 37 20
34 22 29
72 50 70
54 48 72
57 64 71
23 29 35
81 55 53
58 66 63
67 57 50
80 65 45
69 70 70
65 68 72
25 28 39
51 58 45
26 33 25
24 31 37
69 59 46
79 72 67
53 42 71
28 36 24
86 46 46
36 26 33
64 49 44
64 71 47
78 72 50
82 72 59
