# MHKP instance for submodel V0 of Deplano et al. (2019)
# BINS:  length width height priority
# ITEMS: length width height
# beta (gcd of item sides) = 1
BINS
120 120 120 5.78703703704e-07
144 120 120 4.8225308642e-07
168 144 120 3.444664903e-07
ITEMS
40 43 30
86 69 60
83 74 49
69 63 56
50 48 26
33 26 34
97 52 66
95 76 45
38 28 29
63 62 47
99 54 63
63 59 62
58 81 51
27 49 24
71 65 65
62 60 52
42 49 21
69 75 44
84 61 61
72 63 43
28 45 22
27 24 32
78 50 44
80 67 68
58 75 43
90 83 58
64 56 46
26 28 18
96 85 65
81 64 70
48 34 41
75 78 42
67 70 56
29 25 22
87 68 69
87 59 68
84 70 63
81 68 69
82 54 68
81 61 63
95 73 65
64 56 59
60 53 65
77 65 45
100 51 54
97 83 63
30 29 24
43 48 42
82 68 43
44 27 39
81 72 63
87 61 42
87 58 59
34 50 40
25 49 40
94 54 61
93 55 43
82 75 61
61 79 67
83 60 42
39 34 22
73 83 60
68 50 61
65 82 42
94 63 69
31 32 39
81 50 63
58 61 44
90 74 57
84 78 64
