# MHKP instance for submodel V0 of Deplano et al. (2019)
# BINS:  length width height priority
# ITEMS: length width height
# beta (gcd of item sides) = 1
BINS
120 120 120 5.78703703704e-07
144 120 120 4.8225308642e-07
168 144 120 3.444664903e-07
ITEMS
28 23 29
53 47 28
65 63 46
26 39 22
98 73 66
34 22 36
45 37 27
64 56 57
76 71 61
77 76 70
38 44 36
43 48 36
91 86 65
41 36 28
73 51 48
62 52 61
99 68 53
67 53 72
81 73 44
60 69 55
70 55 47
55 24 20
70 62 71
68 67 61
70 65 67
88 85 59
95 57 44
60 53 64
57 43 25
69 71 66
77 78 66
93 83 49
100 56 70
84 86 70
67 85 52
35 40 40
79 61 50
98 51 43
51 36 41
69 74 55
39 42 26
78 62 58
95 56 44
100 55 44
55 22 32
28 35 26
53 25 42
64 84 72
88 82 46
43 22 34
29 37 20
58 72 71
63 74 46
58 69 56
74 84 58
58 41 27
69 55 56
63 65 55
83 64 44
99 68 48
72 61 62
58 67 54
94 78 47
84 84 57
93 70 63
54 22 26
59 58 51
92 53 59
47 41 27
90 60 59
