# MHKP instance for submodel V0 of Deplano et al. (2019)
# BINS:  length width height priority
# ITEMS: length width height
# beta (gcd of item sides) = 1
BINS
120 120 120 5.78703703704e-07
144 120 120 4.8225308642e-07
168 144 120 3.444664903e-07
ITEMS
48 37 37
81 61 56
40 27 38
59 81 47
60 68 61
78 61 59
100 72 54
97 68 64
82 75 45
94 55 54
95 84 50
34 38 37
33 29 18
95 59 44
72 67 66
90 71 51
58 48 40
46 45 33
43 49 39
88 69 63
88 73 59
46 41 34
77 57 43
39 43 35
87 53 46
57 42 37
60 66 55
99 65 45
61 73 42
79 78 68
93 54 69
92 78 58
27 44 22
81 55 66
80 60 71
89 67 43
64 74 70
47 29 41
28 22 24
80 76 62
62 59 46
89 63 59
100 52 60
89 80 43
33 34 40
90 67 65
96 76 67
78 78 50
86 62 45
37 36 40
68 63 56
90 57 48
89 51 72
64 59 45
64 81 64
97 83 69
50 41 20
44 39 41
100 65 70
87 81 71
60 52 60
93 55 53
72 71 69
62 77 62
72 79 54
80 85 46
95 79 53
46 35 18
96 75 63
89 67 44
