# MHKP instance for submodel V0 of Deplano et al. (2019)
# BINS:  length width height priority
# ITEMS: length width height
# beta (gcd of item sides) = 1
BINS
120 120 120 5.78703703704e-07
144 120 120 4.8225308642e-07
168 144 120 3.444664903e-07
ITEMS
50 39 19
70 70 45
79 53 69
83 78 50
37 47 23
65 61 66
36 41 28
81 52 53
60 84 54
87 72 57
80 78 64
45 23 19
53 36 33
81 81 57
27 36 19
78 71 61
75 70 62
61 86 68
93 58 64
40 22 18
62 59 50
35 23 38
39 43 33
79 84 58
49 43 32
79 50 54
78 57 69
64 61 67
73 56 52
25 48 26
94 65 47
80 63 66
55 33 38
91 55 46
64 83 56
37 24 33
77 58 72
46 40 25
100 59 63
63 85 64
70 54 71
84 64 59
98 70 48
62 65 58
78 50 54
51 40 19
30 23 29
61 81 71
61 80 68
54 25 21
78 66 65
93 70 54
90 58 51
55 39 37
57 24 42
89 86 64
36 38 20
50 46 22
63 83 49
94 53 45
40 25 30
53 33 26
93 82 65
25 22 22
99 69 43
63 73 62
85 85 65
63 68 52
87 59 64
55 28 42
