# MHKP instance for submodel V0 of Deplano et al. (2019)
# BINS:  length width height priority
# ITEMS: length width height
# beta (gcd of item sides) = 1
BINS
120 120 120 5.78703703704e-07
144 120 120 4.8225308642e-07
168 144 120 3.444664903e-07
ITEMS
45 40 37
27 49 35
37 35 28
91 74 64
71 71 44
72 66 69
64 52 59
70 63 68
79 67 53
63 60 58
32 50 18
44 40 40
71 80 70
65 78 50
37 35 29
68 52 65
62 73 63
36 37 39
75 68 52
88 75 46
51 23 36
49 32 28
97 59 69
80 77 66
46 21 33
43 26 24
73 53 67
84 75 71
64 54 46
99 79 45
37 39 19
96 59 61
67 65 51
28 28 25
61 61 51
61 65 55
96 54 70
45 37 30
59 79 52
76 61 46
60 83 48
97 68 61
39 22 29
65 81 70
40 29 27
73 64 48
37 38 30
86 61 59
26 25 21
96 85 43
49 39 20
52 32 34
89 58 56
99 68 47
83 68 58
94 65 45
63 80 52
41 32 18
59 82 55
34 37 40
91 76 56
32 37 29
65 52 49
81 56 58
99 61 72
98 63 71
65 60 61
83 51 56
44 45 30
90 56 61
