50 1000 1000 1000
220 215 166
395 356 200
154 281 138
268 372 66
106 211 71
283 395 127
348 226 147
357 756 831
120 242 118
254 354 195
112 303 26
71 376 204
144 303 281
152 224 96
367 305 386
342 574 57
141 263 372
447 467 54
490 119 422
383 372 103
74 238 124
494 337 150
883 211 923
226 213 93
904 938 309
384 267 207
268 301 3
24 298 180
515 356 819
250 387 128
355 366 16
19 342 218
148 325 107
455 622 225
346 318 133
435 69 504
327 278 65
301 672 31
251 149 908
211 392 352
394 276 17
370 322 638
452 19 377
340 78 389
371 373 164
165 374 258
248 221 194
504 120 487
305 322 973
68 229 265
