50 1000 1000 1000
194 334 82
329 396 396
47 241 213
521 251 621
320 210 306
57 315 243
533 307 395
462 14 583
774 722 674
268 353 230
285 823 341
4 216 400
38 262 357
5 303 52
181 304 222
265 344 73
275 303 368
391 277 279
490 333 27
338 220 437
47 357 40
227 227 45
294 57 998
79 492 648
19 181 748
158 386 323
2 341 399
117 258 56
192 249 926
648 151 514
328 286 332
352 381 13
642 685 982
404 102 646
159 317 368
78 69 855
523 135 432
294 282 106
377 679 22
224 391 388
67 246 183
535 96 458
155 246 811
50 129 886
185 222 200
338 293 374
381 260 189
295 312 72
294 320 5
82 228 300
