50 1000 1000 1000
35 251 375
330 233 369
208 398 266
42 328 154
1 207 119
298 232 136
883 903 316
411 73 160
95 399 7
349 350 43
326 340 234
5 253 373
199 219 10
326 380 185
262 301 35
306 311 66
276 340 341
152 234 332
79 47 688
477 768 351
288 274 333
228 264 18
549 27 445
400 369 181
571 214 379
399 303 216
3 378 372
278 215 109
447 219 521
945 384 977
169 203 225
353 218 386
203 242 235
829 778 914
240 314 181
603 66 432
462 554 634
455 689 159
87 146 741
305 388 201
358 513 26
504 599 806
374 279 398
638 99 386
266 219 13
179 210 267
382 297 162
7 116 867
365 547 88
163 225 113
