50 1000 1000 1000
141 373 313
298 183 681
34 760 764
278 560 232
347 209 377
4 354 74
349 345 134
37 235 58
381 731 85
395 92 663
282 512 222
106 172 787
159 234 910
112 462 763
208 303 293
212 383 304
514 147 525
178 396 30
197 342 388
23 370 209
626 142 657
94 306 36
363 290 349
486 601 209
145 336 215
4 169 874
269 220 390
304 377 207
75 395 85
291 386 235
875 725 963
629 244 498
479 454 183
15 260 292
76 241 803
174 334 84
328 396 52
81 201 257
284 388 233
285 204 711
14 285 14
170 241 224
130 251 156
373 262 181
212 221 271
285 332 205
217 31 822
382 381 223
1 279 316
333 323 991
