50 1000 1000 1000
267 114 934
63 354 378
271 329 165
335 369 243
245 59 958
210 8 853
216 224 125
224 354 209
388 240 96
322 351 372
379 301 3
138 374 382
12 300 259
319 671 224
201 203 748
959 422 135
9 261 350
564 37 379
304 301 299
50 369 280
341 235 102
618 262 368
150 209 100
293 210 270
172 335 286
52 264 385
212 147 945
415 285 454
182 354 396
318 385 306
272 714 44
86 339 395
16 323 84
122 219 203
213 315 110
121 373 315
195 275 43
268 720 408
391 347 144
278 389 130
761 124 845
37 320 215
317 370 307
80 221 92
407 173 507
349 192 459
115 218 171
169 300 374
708 438 27
136 226 42
