50 1000 1000 1000
61 332 59
396 393 173
315 238 191
189 249 199
337 258 184
124 312 20
349 263 120
318 313 84
41 319 251
335 351 8
353 220 319
72 213 177
305 260 334
73 301 229
48 302 199
87 171 718
142 300 345
207 36 935
758 980 54
64 369 316
315 355 17
322 156 767
44 368 176
147 290 226
385 335 122
225 384 100
419 488 176
485 305 233
236 233 152
331 384 341
196 283 309
20 379 191
309 282 160
376 299 158
27 315 346
695 92 830
328 315 38
88 24 984
443 146 356
292 389 165
249 323 716
371 359 11
411 330 982
133 700 47
50 173 963
456 341 1
249 258 167
262 860 449
524 22 655
149 226 78
