50 1000 1000 1000
297 545 151
62 317 5
260 322 62
14 292 110
293 561 85
360 426 112
215 387 152
63 397 156
67 363 363
241 354 159
138 384 110
137 337 9
251 343 206
298 344 141
404 355 101
497 244 399
8 224 377
39 40 746
183 424 766
369 372 67
100 318 209
66 229 744
389 252 47
372 333 137
91 338 73
211 347 92
335 312 158
196 252 903
261 277 263
237 388 93
381 247 101
85 302 22
255 366 31
201 342 70
132 318 297
280 256 22
194 238 70
456 4 566
670 470 811
197 392 317
617 303 409
36 283 242
156 213 254
159 344 359
215 176 821
130 159 757
114 381 198
408 943 721
601 95 635
55 229 229
