50 1000 1000 1000
11 187 899
128 277 209
168 220 951
161 213 155
613 39 590
41 11 990
81 347 156
370 237 280
13 283 207
277 605 74
165 264 195
204 297 213
357 384 130
256 171 845
32 207 983
745 185 126
274 384 381
910 798 253
330 344 10
356 373 32
327 349 43
427 308 659
96 292 372
119 254 182
277 339 238
37 228 376
376 150 396
493 24 433
208 397 108
223 388 57
258 377 135
152 263 227
361 206 356
348 263 114
319 319 62
107 336 306
60 399 74
614 203 280
16 390 255
184 393 281
547 887 836
103 243 47
263 254 178
305 264 3
344 824 93
427 265 438
381 342 203
314 384 45
134 281 338
41 230 194
