50 1000 1000 1000
167 254 397
462 635 191
341 400 289
346 167 452
133 210 142
230 234 358
236 201 806
444 525 32
607 71 568
281 353 266
438 330 633
938 255 195
455 7 630
259 383 7
394 304 57
39 263 188
8 142 363
84 236 155
144 262 232
48 271 898
21 277 355
161 266 241
270 580 24
276 126 958
281 687 180
627 119 537
135 380 394
211 217 331
272 665 180
291 150 871
302 205 247
686 421 809
222 308 802
312 631 136
373 317 604
1 214 368
226 30 890
388 241 382
230 308 77
582 310 650
41 365 98
337 651 79
237 292 80
119 382 225
398 222 35
112 213 89
508 314 523
288 222 347
348 399 160
295 828 336
