50 1000 1000 1000
563 220 572
379 364 232
360 217 438
82 290 288
360 809 13
566 8 470
82 384 129
131 394 333
334 360 340
98 320 957
6 381 88
305 384 86
118 341 183
511 141 370
557 204 597
386 302 19
475 471 54
271 355 306
251 221 143
37 370 245
270 142 764
28 345 232
257 249 25
40 331 315
358 336 51
278 345 269
2 259 385
998 736 82
129 274 241
304 385 270
243 75 874
453 350 150
122 363 9
269 340 247
450 466 75
348 253 199
61 236 47
175 360 133
337 267 388
265 390 94
388 204 329
104 280 20
24 211 231
226 341 136
25 221 106
259 252 520
382 379 176
75 341 98
55 358 71
422 577 207
