124 587 233 220
78 47 49
78 47 49
78 47 49
46 43 45
98 36 44
100 31 89
100 31 89
100 31 89
108 47 76
108 47 76
108 47 76
75 28 36
75 28 36
75 28 36
108 56 82
45 24 41
45 24 41
103 38 48
103 38 48
74 46 62
96 44 56
96 44 56
96 44 56
96 44 56
117 42 64
117 42 64
117 42 64
117 42 64
117 42 64
117 42 64
117 42 64
73 50 71
73 50 71
61 47 48
61 47 48
91 27 49
91 27 49
91 27 49
78 28 77
119 34 78
119 34 78
119 34 78
106 63 78
106 63 78
106 63 78
106 63 78
82 62 68
100 53 73
100 53 73
100 53 73
100 53 73
74 30 62
74 30 62
76 20 25
76 20 25
76 20 25
97 34 44
97 34 44
97 34 44
97 34 44
97 34 44
98 49 56
98 49 56
66 38 46
66 38 46
66 38 46
64 32 36
118 45 79
118 45 79
118 45 79
75 45 60
75 45 60
75 45 60
95 47 68
95 47 68
78 29 51
78 29 51
78 29 51
78 29 51
96 47 68
96 47 68
96 47 68
88 44 67
56 44 47
56 44 47
115 32 36
51 47 49
51 47 49
79 78 79
111 32 55
111 32 55
111 32 55
111 32 55
87 41 48
87 41 48
72 41 47
72 41 47
72 41 47
84 39 76
84 39 76
100 53 63
100 53 63
100 53 63
87 24 85
87 24 85
87 24 85
109 57 74
109 57 74
87 75 76
87 75 76
87 75 76
87 75 76
80 59 60
80 59 60
78 36 74
78 36 74
88 55 57
88 55 57
80 51 57
80 51 57
80 51 57
99 35 73
58 44 57
58 44 57
