124 587 233 220
74 61 63
71 25 60
71 25 60
71 25 60
106 59 80
109 42 76
109 42 76
109 42 76
109 42 76
118 22 56
118 22 56
118 22 56
118 22 56
105 43 67
105 43 67
105 43 67
72 37 65
72 37 65
84 54 59
84 54 59
84 54 59
84 54 59
91 26 69
91 26 69
91 26 69
91 26 69
69 28 31
69 28 31
76 37 67
76 37 67
48 25 39
48 25 39
91 66 79
72 42 63
72 42 63
74 60 74
85 20 78
85 20 78
85 20 78
52 32 32
52 32 32
83 54 63
83 54 63
83 54 63
83 54 63
71 26 32
71 26 32
71 26 32
71 26 32
71 26 32
65 30 53
65 30 53
95 61 84
95 61 84
95 61 84
95 61 84
95 61 84
78 43 47
66 31 63
66 31 63
66 31 63
114 71 82
109 22 46
109 22 46
109 22 46
109 22 46
82 38 54
82 38 54
102 53 99
57 37 51
57 37 51
103 29 36
103 29 36
50 35 38
50 35 38
50 35 38
50 35 38
60 47 57
60 47 57
80 57 61
98 43 71
98 43 71
98 43 71
72 43 58
72 43 58
72 43 58
81 39 69
81 39 69
85 49 64
118 47 66
118 47 66
118 47 66
118 47 66
102 35 64
102 35 64
114 55 93
111 69 86
111 69 86
80 38 54
80 38 54
89 28 39
71 45 59
71 45 59
111 67 90
111 67 90
111 67 90
111 67 90
88 33 38
88 33 38
88 33 38
88 33 38
71 60 63
71 60 63
95 65 71
95 65 71
82 28 74
61 44 51
61 44 51
61 44 51
61 44 51
120 35 92
120 35 92
120 35 92
120 35 92
