118 587 233 220
95 57 80
95 57 80
112 23 87
116 40 41
116 40 41
116 40 41
116 40 41
116 40 41
98 56 80
98 56 80
108 59 60
108 59 60
108 59 60
82 67 77
82 67 77
82 67 77
67 36 46
104 44 72
89 24 56
64 36 36
64 36 36
101 31 86
101 31 86
69 37 65
106 22 39
106 22 39
100 37 58
100 37 58
56 35 53
56 35 53
66 51 53
66 51 53
66 51 53
116 20 36
116 20 36
48 33 35
63 41 62
63 41 62
63 41 62
59 48 53
59 48 53
101 40 43
101 40 43
101 40 43
113 41 74
75 40 63
116 43 65
72 35 71
72 35 71
72 35 71
53 26 34
53 26 34
97 72 88
97 72 88
108 57 65
108 57 65
113 49 75
113 49 75
52 22 30
52 22 30
52 22 30
52 22 30
113 40 45
113 40 45
71 32 41
71 32 41
120 37 66
120 37 66
120 37 66
120 37 66
120 37 66
99 33 58
99 33 58
111 69 86
111 69 86
111 69 86
111 69 86
111 69 86
111 69 86
111 69 86
83 66 83
83 66 83
83 66 83
72 51 70
72 51 70
72 51 70
87 53 61
87 53 61
92 42 86
92 42 86
92 42 86
92 42 86
92 42 86
111 54 93
111 54 93
57 53 54
101 25 72
101 25 72
52 42 43
52 42 43
52 42 43
90 39 70
90 39 70
100 53 54
77 29 60
77 29 60
114 29 60
114 29 60
114 29 60
114 29 60
84 27 52
84 27 52
55 31 37
55 31 37
54 29 41
54 29 41
54 29 41
54 29 41
