129 587 233 220
43 39 40
43 39 40
43 39 40
97 40 76
97 40 76
67 47 63
67 47 63
67 47 63
67 47 63
98 38 57
98 38 57
73 27 71
73 27 71
73 27 71
66 41 56
66 41 56
82 72 75
93 43 71
95 28 35
95 28 35
88 68 72
88 35 85
88 35 85
88 35 85
100 69 83
100 69 83
100 69 83
100 69 83
100 69 83
74 27 30
82 61 64
82 61 64
63 32 38
63 32 38
63 32 38
108 70 97
108 70 97
108 70 97
87 53 72
87 53 72
107 24 75
107 24 75
107 24 75
107 24 75
101 30 31
101 30 31
101 30 31
86 23 56
86 23 56
86 23 56
90 33 36
90 33 36
70 34 60
76 51 66
76 51 66
76 51 66
75 33 52
75 33 52
103 29 64
108 36 90
108 36 90
77 28 45
77 28 45
77 28 45
77 28 45
77 28 45
96 66 75
63 29 38
107 31 85
107 31 85
106 33 57
106 33 57
72 50 69
72 50 69
72 50 69
116 24 83
116 24 83
116 24 83
116 24 83
94 34 52
96 33 65
96 33 65
96 33 65
76 66 72
76 66 72
76 66 72
76 66 72
64 35 60
64 35 60
64 35 60
64 35 60
44 26 38
44 26 38
44 26 38
44 26 38
86 52 63
107 44 55
107 44 55
65 34 40
96 31 59
53 34 34
53 34 34
53 34 34
53 34 34
53 34 34
94 49 91
94 49 91
94 44 73
94 44 73
94 44 73
94 44 73
106 27 56
106 27 56
101 66 91
101 66 91
83 21 33
83 21 33
83 21 33
83 21 33
83 21 33
83 21 33
100 33 73
100 33 73
100 33 73
86 68 78
86 68 78
86 68 78
86 68 78
86 68 78
