115 587 233 220
104 30 55
104 30 55
104 30 55
92 73 89
88 43 88
90 60 60
90 60 60
90 60 60
90 60 60
79 41 53
79 41 53
79 41 53
79 41 53
96 28 91
96 28 91
96 28 91
96 28 91
100 79 90
100 79 90
100 79 90
73 32 42
73 32 42
115 60 85
113 76 83
113 76 83
113 76 83
113 76 83
68 31 50
70 30 41
70 30 41
70 30 41
104 26 60
104 26 60
86 29 36
86 29 36
114 29 31
114 29 31
114 29 31
44 42 44
44 42 44
44 42 44
73 62 68
98 74 94
98 74 94
92 40 44
99 68 98
77 49 58
77 49 58
77 49 58
53 30 48
53 30 48
94 67 70
94 67 70
56 37 41
56 37 41
118 40 69
118 40 69
100 33 41
100 33 41
100 33 41
100 33 41
99 67 68
90 35 54
90 35 54
90 35 54
90 35 54
83 44 64
83 44 64
83 44 64
75 36 43
75 36 43
60 26 57
60 26 57
70 41 50
78 53 69
78 53 69
66 32 39
66 32 39
66 32 39
88 44 63
88 44 63
88 44 63
88 44 63
103 44 72
70 47 54
70 47 54
70 47 54
71 31 35
71 31 35
71 31 35
71 31 35
97 26 83
97 26 83
97 26 83
97 26 83
106 25 58
106 25 58
72 69 71
84 33 64
84 33 64
84 33 64
120 61 92
120 61 92
102 54 95
102 54 95
115 52 92
84 26 84
84 26 84
68 48 54
99 53 79
99 53 79
99 53 79
98 33 87
98 33 87
109 27 45
