118 587 233 220
60 26 45
60 26 45
60 26 45
60 26 45
71 39 43
71 39 43
71 39 43
99 64 71
99 64 71
61 40 41
61 40 41
61 40 41
83 43 79
83 43 79
83 43 79
63 35 52
63 35 52
63 35 52
63 35 52
54 20 33
62 51 57
62 51 57
79 71 76
91 48 81
95 23 70
95 23 70
101 42 57
119 61 76
78 22 54
78 22 54
93 25 68
104 27 94
104 27 94
104 27 94
104 27 94
66 36 65
66 36 65
68 48 66
68 48 66
68 48 66
68 48 66
68 48 66
100 21 46
100 21 46
106 30 81
106 30 81
55 32 40
55 32 40
55 32 40
83 20 28
83 20 28
83 20 28
103 68 79
103 68 79
38 25 28
38 25 28
81 29 58
96 74 80
88 26 63
88 26 63
74 43 56
74 43 56
93 76 89
93 76 89
93 76 89
69 57 69
69 57 69
69 57 69
86 32 43
86 32 43
86 32 43
86 32 43
86 32 43
117 20 78
117 20 78
117 20 78
91 44 76
91 44 76
91 44 76
80 21 53
80 21 53
49 32 39
49 32 39
71 31 61
97 53 73
97 53 73
94 62 72
82 69 74
82 69 74
82 69 74
105 65 71
105 65 71
105 65 71
87 43 71
96 50 77
96 50 77
96 50 77
96 50 77
96 50 77
117 44 73
117 44 73
117 44 73
96 26 62
80 73 78
80 73 78
80 73 78
80 73 78
98 56 73
98 56 73
98 56 73
79 57 68
78 63 68
93 74 80
93 74 80
93 74 80
63 30 40
63 30 40
63 30 40
