121 587 233 220
68 27 35
68 27 35
68 27 35
118 43 57
118 43 57
73 36 72
85 50 58
85 50 58
85 50 58
86 33 56
86 33 56
99 31 44
99 31 44
99 31 44
99 31 44
99 31 44
99 31 44
93 49 54
93 49 54
93 49 54
93 49 54
93 49 54
93 49 54
89 26 69
89 26 69
89 26 69
98 74 90
58 46 48
58 46 48
56 22 55
56 22 55
56 22 55
56 22 55
104 59 63
80 66 69
80 66 69
110 58 59
110 58 59
96 63 79
96 63 79
82 57 77
82 57 77
55 34 48
120 40 99
120 40 99
120 40 99
97 34 43
97 34 43
97 34 43
115 55 68
115 55 68
115 55 68
115 55 68
78 48 61
78 48 61
78 48 61
75 58 60
75 58 60
75 58 60
75 58 60
75 58 60
77 34 54
77 34 54
80 31 66
80 31 66
80 20 63
80 20 63
34 20 30
34 20 30
80 74 77
100 69 83
100 69 83
87 23 63
81 68 75
119 31 76
71 46 49
71 46 49
71 46 49
55 25 44
55 25 44
55 25 44
118 48 83
118 48 83
119 49 58
69 36 44
69 36 44
103 22 46
103 22 46
62 27 56
97 61 65
97 61 65
97 61 65
93 29 91
93 29 91
93 29 91
93 29 91
93 29 91
94 40 87
94 40 87
98 25 56
98 25 56
96 30 82
96 30 82
95 33 33
95 33 33
100 70 95
100 70 95
86 77 77
85 21 40
85 21 40
72 30 55
72 30 55
72 30 55
72 30 55
72 30 55
85 69 78
85 69 78
85 69 78
110 40 74
110 40 74
110 40 74
