122 587 233 220
104 50 94
104 50 94
104 50 94
104 50 94
104 50 94
102 36 87
102 36 87
115 33 42
115 33 42
61 32 58
61 32 58
70 48 62
70 48 62
70 48 62
70 48 62
91 78 79
91 78 79
91 78 79
91 78 79
90 53 57
90 53 57
90 53 57
78 25 68
78 25 68
78 25 68
77 39 44
97 56 89
58 26 38
58 26 38
64 33 44
64 33 44
57 25 38
57 25 38
57 25 38
70 28 65
70 28 65
93 61 73
93 61 73
93 61 73
93 61 73
61 46 47
111 26 72
102 63 78
102 63 78
88 62 65
88 62 65
63 38 51
63 38 51
63 38 51
63 38 51
63 38 51
98 68 86
98 68 86
98 68 86
106 47 68
90 71 80
90 71 80
90 40 74
90 40 74
90 40 74
94 33 38
108 30 67
108 30 67
60 30 34
57 27 37
104 41 74
104 41 74
104 41 74
47 23 45
47 23 45
47 23 45
112 24 89
112 24 89
112 24 89
112 24 89
101 28 83
101 28 83
101 28 83
101 28 83
72 52 61
94 63 67
94 63 67
94 63 67
104 45 80
110 37 75
110 37 75
110 37 75
93 46 59
93 46 59
93 46 59
71 47 71
71 47 71
74 56 74
74 56 74
74 56 74
89 30 42
89 30 42
89 30 42
89 30 42
81 49 69
81 49 69
81 30 56
81 30 56
81 30 56
81 30 56
97 23 73
97 23 73
116 36 43
116 36 43
116 36 43
51 29 39
51 29 39
74 41 56
74 41 56
71 58 71
70 27 50
70 27 50
70 27 50
63 41 59
63 41 59
64 48 54
64 48 54
