161 587 233 220
89 45 56
89 45 56
53 34 37
53 34 37
53 34 37
53 34 37
53 34 37
53 34 37
53 34 37
53 34 37
53 34 37
53 34 37
54 25 35
54 25 35
54 25 35
54 25 35
54 25 35
54 25 35
54 25 35
73 33 39
73 33 39
73 33 39
73 33 39
73 38 39
73 38 39
73 38 39
73 38 39
50 29 42
50 29 42
50 29 42
50 29 42
50 29 42
62 54 59
62 54 59
62 54 59
62 54 59
98 44 53
94 31 32
94 31 32
94 31 32
94 31 32
94 31 32
97 28 64
97 28 64
97 28 64
97 28 64
102 42 77
102 42 77
102 42 77
80 44 75
80 44 75
93 41 52
93 41 52
77 38 51
77 38 51
77 38 51
77 38 51
77 38 51
57 52 54
57 52 54
105 46 97
105 46 97
105 46 97
103 54 76
103 54 76
103 54 76
103 54 76
72 34 53
72 34 53
72 34 53
42 35 38
42 35 38
42 35 38
42 35 38
42 35 38
61 46 58
61 46 58
61 46 58
61 46 58
93 50 54
93 50 54
93 50 54
74 50 66
74 50 66
74 50 66
74 50 66
99 20 81
76 72 73
76 72 73
76 72 73
76 72 73
98 27 57
104 38 63
99 49 55
99 49 55
115 45 47
115 45 47
114 25 86
114 25 86
59 42 56
59 42 56
88 68 73
88 68 73
86 36 38
86 36 38
85 38 74
85 38 74
85 38 74
59 49 57
59 49 57
86 54 75
86 54 75
38 31 35
38 31 35
38 31 35
38 31 35
62 45 52
62 45 52
62 45 52
62 45 52
62 45 52
94 36 88
94 36 88
94 36 88
62 46 54
62 46 54
62 46 54
89 49 76
89 49 76
89 49 76
89 49 76
96 41 51
78 49 68
78 49 68
78 49 68
78 66 70
78 66 70
78 66 70
78 66 70
76 37 75
76 37 75
76 37 75
107 25 49
107 25 49
107 25 49
70 30 43
70 30 43
70 30 43
70 30 43
91 22 59
91 22 59
91 22 59
91 22 59
80 48 73
80 48 73
57 34 39
57 34 39
57 34 39
57 34 39
76 60 72
76 60 72
