159 587 233 220
114 25 67
114 25 67
114 25 67
92 25 79
92 25 79
92 25 79
92 25 79
89 36 87
89 36 87
89 36 87
89 36 87
89 36 87
89 36 87
89 36 87
95 36 71
95 36 71
95 36 71
90 43 83
90 43 83
93 28 39
93 28 39
69 31 54
69 31 54
69 31 54
69 31 54
107 37 61
107 37 61
107 37 61
107 37 61
107 37 61
107 37 61
98 40 52
98 40 52
83 60 69
83 60 69
83 60 69
83 60 69
98 58 63
98 58 63
98 58 63
98 58 63
45 26 40
45 26 40
45 26 40
45 26 40
63 36 44
63 36 44
96 43 56
96 43 56
96 43 56
96 43 56
88 35 42
40 36 37
40 36 37
40 36 37
97 67 74
97 67 74
97 67 74
97 67 74
97 67 74
97 67 74
76 42 45
76 42 45
64 42 43
91 37 53
91 37 53
59 22 34
59 22 34
56 27 42
56 27 42
84 53 66
84 53 66
85 53 66
85 53 66
85 53 66
51 35 39
51 35 39
83 45 47
83 45 47
83 45 47
45 25 30
45 25 30
45 25 30
45 25 30
45 25 30
84 25 38
84 25 38
86 28 74
86 28 74
92 37 38
92 37 38
92 37 38
92 37 38
70 44 56
70 44 56
100 25 28
100 25 28
100 25 28
100 25 28
92 49 52
92 49 52
92 49 52
92 49 52
92 49 52
71 34 66
71 34 66
81 38 39
81 38 39
81 38 39
81 38 39
54 26 40
54 26 40
54 26 40
54 26 40
54 26 40
54 26 40
54 26 40
54 26 40
79 21 77
79 21 77
79 21 77
115 45 56
115 45 56
115 45 56
115 45 56
86 48 59
86 48 59
86 48 59
86 48 59
86 48 59
85 62 83
85 62 83
85 62 83
99 61 87
69 38 42
69 38 42
69 38 42
60 42 59
60 42 59
60 42 59
58 41 56
58 41 56
58 41 56
113 28 30
113 28 30
71 63 65
71 63 65
97 23 79
97 23 79
97 23 79
97 23 79
74 39 41
74 39 41
74 39 41
74 39 41
91 30 61
91 30 61
46 42 44
46 42 44
