131 587 233 220
86 36 58
86 36 58
71 22 69
71 22 69
108 54 78
108 54 78
104 57 58
104 57 58
96 58 65
96 58 65
96 58 65
96 58 65
58 26 37
58 26 37
58 26 37
58 26 37
73 49 72
73 49 72
73 49 72
98 56 67
98 56 67
117 23 89
117 23 89
109 73 76
109 73 76
95 34 61
106 49 73
106 49 73
66 35 39
82 43 76
82 43 76
82 43 76
93 26 87
93 26 87
68 63 64
68 63 64
68 63 64
68 63 64
70 30 53
70 30 53
68 30 65
94 26 57
94 26 57
94 26 57
94 26 57
104 38 79
47 46 47
47 46 47
111 20 52
111 20 52
85 23 70
85 23 70
89 33 58
89 33 58
89 33 58
89 33 58
89 33 58
89 33 58
92 66 74
92 66 74
75 50 65
75 50 65
111 64 99
111 64 99
111 64 99
99 62 65
99 62 65
99 62 65
94 25 53
94 25 53
94 25 53
81 43 64
81 43 64
81 43 64
98 38 71
98 38 71
82 48 70
82 48 70
95 45 45
95 45 45
45 40 43
73 38 49
99 26 77
99 26 77
99 26 77
99 26 77
85 33 72
85 33 72
85 33 72
85 33 72
85 33 72
108 26 37
108 26 37
108 26 37
108 26 37
108 26 37
108 26 37
108 26 37
120 33 45
120 33 45
120 33 45
120 33 45
97 32 83
97 32 83
65 32 54
63 41 54
63 41 54
63 41 54
99 54 68
66 42 63
66 42 63
66 42 63
78 43 68
78 43 68
91 43 69
91 43 69
91 43 69
91 43 69
91 43 69
91 43 69
91 43 69
72 44 56
72 44 56
90 38 59
90 38 59
90 38 59
95 20 78
95 20 78
95 20 78
95 20 78
71 20 65
