120 587 233 220
59 48 49
59 48 49
59 48 49
79 46 63
79 46 63
79 46 63
79 46 63
79 46 63
79 46 63
79 46 63
95 38 58
95 38 58
95 47 79
95 47 79
95 47 79
72 27 46
72 27 46
72 27 46
72 27 46
72 27 46
88 72 74
90 67 77
90 67 77
90 67 77
96 36 59
96 36 59
62 46 55
62 46 55
62 46 55
92 43 77
92 43 77
92 43 77
92 43 77
100 41 66
76 44 72
76 44 72
76 44 72
95 35 68
95 35 68
95 35 68
95 35 68
108 48 66
108 48 66
108 48 66
86 52 78
86 52 78
86 52 78
92 40 86
92 40 86
66 38 39
85 59 80
86 33 71
118 23 45
118 23 45
118 23 45
118 23 45
118 23 45
73 33 60
73 33 60
73 33 60
90 48 74
90 48 74
88 42 86
88 42 86
92 62 76
82 53 68
82 53 68
84 55 66
84 55 66
102 42 77
87 39 43
87 39 43
87 39 43
114 40 79
114 40 79
114 40 79
92 47 71
92 47 71
83 37 49
68 40 62
68 40 62
89 39 65
89 39 65
89 39 65
107 24 45
66 36 60
66 36 60
66 36 60
66 36 60
66 36 60
114 60 95
114 60 95
92 46 66
92 46 66
100 28 71
68 42 63
81 34 63
85 68 69
85 68 69
85 68 69
87 67 75
87 67 75
87 67 75
61 34 49
61 34 49
61 34 49
77 44 67
64 47 50
64 47 50
64 47 50
111 43 68
111 43 68
83 34 60
83 34 60
83 34 60
79 30 35
79 30 35
83 41 64
83 41 64
96 58 87
