112 587 233 220
96 31 72
96 31 72
96 31 72
75 47 72
75 47 72
80 20 25
80 20 25
80 20 25
80 20 25
80 20 25
114 61 94
114 61 94
114 61 94
100 39 40
100 39 40
72 48 51
36 24 28
85 35 58
85 35 58
85 35 58
85 58 84
85 58 84
95 24 48
95 24 48
115 25 70
115 25 70
115 25 70
108 42 49
108 42 49
73 26 64
68 35 54
68 35 54
83 60 62
83 60 62
83 60 62
83 60 62
83 60 62
57 43 56
101 56 57
56 42 48
56 42 48
56 42 48
93 38 55
53 53 53
53 53 53
85 63 83
61 41 46
61 41 46
61 41 46
89 33 79
100 71 85
100 71 85
114 71 97
114 71 97
114 71 97
114 71 97
114 71 97
66 45 50
82 34 59
82 34 59
69 44 62
69 44 62
69 64 68
69 64 68
57 50 56
57 50 56
57 50 56
95 30 42
99 48 70
85 25 82
85 25 82
56 43 51
82 32 51
97 66 88
70 29 56
70 29 56
86 72 85
86 72 85
86 72 85
78 37 41
78 37 41
78 37 41
78 37 41
78 61 64
77 49 72
77 49 72
91 45 80
91 45 80
91 45 80
62 26 40
98 47 77
106 67 70
106 67 70
106 67 70
98 66 66
98 66 66
98 66 66
98 66 66
98 66 66
98 66 66
69 36 65
69 36 65
69 36 65
69 36 65
119 29 61
119 29 61
61 22 37
61 22 37
61 22 37
72 42 69
72 42 69
72 42 69
