147 587 233 220
100 28 94
100 28 94
81 66 78
81 66 78
81 66 78
111 21 49
111 21 49
119 37 63
119 37 63
72 30 50
72 30 50
58 40 58
58 40 58
58 40 58
108 29 55
108 29 55
54 38 49
54 38 49
54 38 49
54 38 49
69 44 46
69 44 46
69 44 46
88 61 71
88 61 71
83 35 58
108 37 77
108 37 77
108 57 62
108 57 62
108 57 62
73 31 61
73 31 61
73 31 61
92 43 46
92 43 46
92 43 46
62 51 53
62 51 53
79 20 69
74 38 39
74 38 39
74 38 39
92 28 70
92 28 70
92 28 70
78 61 73
78 61 73
78 61 73
78 61 73
78 61 73
78 61 73
105 26 70
105 26 70
105 26 70
105 26 70
60 20 35
91 45 60
91 45 60
91 45 60
91 45 60
91 45 60
91 45 60
105 36 47
105 36 47
105 36 47
105 36 47
105 36 47
92 39 62
92 39 62
92 39 62
43 35 37
43 35 37
78 56 67
78 56 67
78 56 67
78 56 67
93 34 61
93 34 61
93 34 61
93 34 61
93 34 61
93 34 61
94 45 54
94 45 54
94 45 54
97 34 35
97 34 35
97 34 35
97 34 35
59 40 48
115 32 78
76 46 60
76 46 60
101 27 73
101 27 73
101 27 73
101 27 73
101 27 73
99 60 85
99 60 85
99 60 85
99 60 85
99 60 85
83 55 62
83 55 62
83 55 62
83 55 62
83 55 62
93 27 38
93 27 38
93 27 38
93 27 38
119 28 79
119 28 79
119 28 79
46 33 39
46 33 39
82 76 80
58 22 43
82 39 72
82 39 72
82 39 72
82 39 72
82 33 36
82 33 36
82 33 36
82 33 36
68 50 54
68 50 54
68 50 54
92 28 66
92 28 66
92 28 66
64 33 33
64 33 33
49 31 36
49 31 36
49 31 36
58 24 46
58 24 46
107 23 45
107 23 45
76 31 67
76 31 67
76 31 67
76 31 67
