146 587 233 220
78 58 72
78 58 72
78 58 72
107 57 57
107 57 57
72 37 64
72 37 64
72 37 64
72 37 64
93 26 66
93 26 66
93 26 66
93 26 66
116 35 67
116 35 67
101 39 56
101 39 56
101 39 56
101 39 56
101 39 56
101 39 56
101 39 56
108 39 100
108 39 100
108 39 100
64 33 55
64 33 55
73 53 65
73 53 65
73 53 65
106 35 41
106 35 41
82 28 78
82 28 78
82 28 78
82 28 78
82 28 78
82 28 78
79 58 59
79 58 59
92 22 84
92 22 84
92 22 84
92 22 84
92 22 84
92 22 84
80 50 65
80 50 65
80 50 65
82 24 77
82 24 77
74 51 73
74 51 73
74 51 73
74 51 73
74 51 73
90 40 43
90 40 43
90 40 43
90 40 43
98 51 70
98 51 70
98 51 70
69 30 32
69 30 32
107 53 69
107 53 69
46 31 42
46 31 42
46 31 42
51 25 34
51 25 34
51 25 34
104 31 94
104 31 94
115 28 29
115 28 29
86 47 79
86 47 79
86 47 79
108 25 44
108 25 44
108 25 44
108 25 44
108 25 44
99 32 42
55 39 49
54 48 53
54 48 53
85 75 76
119 45 77
119 45 77
119 45 77
119 45 77
97 39 67
97 39 67
78 40 59
78 40 59
78 40 59
78 40 59
78 40 59
78 40 59
78 21 32
78 21 32
111 25 51
111 25 51
111 25 51
78 64 74
78 64 74
57 35 55
57 35 55
57 35 55
57 35 55
55 37 41
86 26 36
86 26 36
86 26 36
72 40 66
72 40 66
72 40 66
103 33 45
103 33 45
103 33 45
103 33 45
65 30 52
65 30 52
112 64 72
112 64 72
54 36 49
54 36 49
54 36 49
54 36 49
98 34 45
98 34 45
98 34 45
98 34 45
68 57 61
68 57 61
68 57 61
68 57 61
50 42 50
50 42 50
107 48 78
93 45 73
93 45 73
93 39 42
