120 587 233 220
70 50 63
70 50 63
70 50 63
100 34 53
100 34 53
100 34 53
100 34 53
100 34 53
93 45 78
93 45 78
93 45 78
100 48 55
100 48 55
100 48 55
100 48 55
100 48 55
98 50 73
98 50 73
98 50 73
69 43 45
69 43 45
43 36 42
43 36 42
43 36 42
43 36 42
104 63 92
104 63 92
104 63 92
93 26 36
93 26 36
50 41 45
50 41 45
119 50 67
119 50 67
119 50 67
119 50 67
82 30 49
82 30 49
82 30 49
80 31 55
80 31 55
80 31 55
105 37 73
76 42 76
76 42 76
76 42 76
102 22 96
102 22 96
102 22 96
120 36 99
120 36 99
89 58 70
89 58 70
89 58 70
60 46 54
60 46 54
60 46 54
120 35 38
94 59 68
94 59 68
98 27 30
98 27 30
98 27 30
98 27 30
95 31 49
118 32 72
118 32 72
118 32 72
118 32 72
102 25 56
99 30 62
78 32 71
79 71 73
79 71 73
79 71 73
74 68 73
102 20 74
89 43 70
100 27 78
86 31 53
86 31 53
95 61 84
95 61 84
95 61 84
95 61 84
104 23 62
101 51 71
120 61 69
120 61 69
120 61 69
86 29 48
120 72 99
70 36 53
76 37 49
76 37 49
76 37 49
76 37 49
77 63 77
77 63 77
77 63 77
107 27 38
59 41 56
59 41 56
59 41 56
119 25 81
84 45 59
84 45 59
81 28 38
81 28 38
81 28 38
81 28 38
75 36 63
75 36 63
82 59 66
82 59 66
82 59 66
76 42 65
76 42 65
76 42 65
76 42 65
