134 587 233 220
55 26 50
55 26 50
48 37 42
48 37 42
48 37 42
48 37 42
47 26 34
47 26 34
104 50 74
83 40 70
83 40 70
83 40 70
53 38 52
53 38 52
53 38 52
108 49 69
108 49 69
108 49 69
108 49 69
108 49 69
78 72 73
78 72 73
78 72 73
77 24 62
74 21 34
74 21 34
49 37 38
79 40 50
79 40 50
79 40 50
79 40 50
75 35 44
98 57 69
98 57 69
98 57 69
98 57 69
98 57 69
72 36 62
72 36 62
72 36 62
98 41 93
98 41 93
98 35 60
98 35 60
98 35 60
62 31 40
62 31 40
62 31 40
62 31 40
68 37 59
68 37 59
60 45 49
60 45 49
60 45 49
78 36 75
78 36 75
78 36 75
92 43 47
92 43 47
92 43 47
97 58 77
97 58 77
98 33 69
97 54 80
97 54 80
87 52 68
109 45 68
109 45 68
109 45 68
94 64 78
94 64 78
94 64 78
104 50 52
104 50 52
104 50 52
104 50 52
59 52 58
87 42 53
87 42 53
87 42 53
87 54 57
87 54 57
87 54 57
87 54 57
87 54 57
87 54 57
97 73 80
97 73 80
54 30 53
54 30 53
54 30 53
79 47 51
79 47 51
79 47 51
65 40 65
65 40 65
71 26 67
71 26 67
71 26 67
71 26 67
71 26 67
71 26 67
71 26 67
82 46 79
82 46 79
82 46 79
95 33 35
95 33 35
74 52 68
74 52 68
57 43 47
113 22 58
113 22 58
113 22 58
100 47 47
100 47 47
120 58 79
120 58 79
120 58 79
105 24 39
105 24 39
105 24 39
105 24 39
102 27 50
102 27 50
102 27 50
102 27 50
102 27 50
70 48 51
70 48 51
70 48 51
71 49 66
66 39 65
99 72 79
