120 587 233 220
87 32 45
87 32 45
84 46 63
84 46 63
84 46 63
84 46 63
84 44 67
84 44 67
76 30 55
76 30 55
76 30 55
87 61 78
87 61 78
87 61 78
115 53 77
115 53 77
115 53 77
78 51 72
93 62 91
93 62 91
93 62 91
48 40 41
48 40 41
92 53 82
92 53 82
92 53 82
92 53 82
92 53 82
92 53 82
102 54 69
102 54 69
102 54 69
102 54 69
102 54 69
80 34 52
90 60 71
90 60 71
90 60 71
66 42 43
66 42 43
73 52 58
66 26 66
66 26 66
66 26 66
91 28 40
72 33 34
120 74 98
120 74 98
68 43 56
68 43 56
84 57 68
90 74 78
98 25 67
98 25 67
98 25 67
81 35 41
81 35 41
81 35 41
85 42 44
100 40 83
100 40 83
104 27 34
104 27 34
104 27 34
37 25 30
37 25 30
37 25 30
115 63 98
115 63 98
115 63 98
66 30 54
62 26 36
67 39 39
67 39 39
119 27 39
119 27 39
119 27 39
95 20 40
88 80 85
88 80 85
88 80 85
84 57 63
110 32 74
110 32 74
73 26 33
73 26 33
98 20 93
98 20 93
98 20 93
98 20 93
81 37 67
63 30 45
63 30 45
69 26 35
69 26 35
69 26 35
69 26 35
98 28 30
98 28 30
98 28 30
98 28 30
98 28 30
80 51 59
80 51 59
80 51 59
70 25 44
70 25 44
70 25 44
91 57 64
75 58 67
75 58 67
75 58 67
95 69 76
59 32 46
59 32 46
59 32 46
59 32 46
111 29 91
111 29 91
111 29 91
