140 587 233 220
91 32 50
91 32 50
91 32 50
118 40 66
118 40 66
75 32 69
75 32 69
75 32 69
75 32 69
81 32 73
81 32 73
81 32 73
97 33 69
97 33 69
97 33 69
97 33 69
97 33 69
97 33 69
97 27 31
97 27 31
97 27 31
97 27 31
57 29 54
57 29 54
77 62 71
77 62 71
116 27 84
116 27 84
85 29 30
85 29 30
112 41 51
112 41 51
112 41 51
87 23 81
87 23 81
87 23 81
87 23 81
49 26 44
49 26 44
63 38 59
63 38 59
63 38 59
63 38 59
63 38 59
82 33 44
63 44 61
63 44 61
63 44 61
63 44 61
69 52 53
69 52 53
104 25 78
119 37 65
119 37 65
76 68 76
76 68 76
104 65 86
104 65 86
104 65 86
104 65 86
104 65 86
91 34 84
100 53 93
78 31 40
78 31 40
112 50 73
112 50 73
112 50 73
89 70 78
89 70 78
89 70 78
89 24 78
89 24 78
89 24 78
89 24 78
112 36 49
112 36 49
112 36 49
112 36 49
82 40 54
82 40 54
82 40 54
107 38 67
107 38 67
80 46 54
80 46 54
80 46 54
84 36 48
84 36 48
84 36 48
97 60 93
97 60 93
89 49 65
89 49 65
89 49 65
47 26 32
47 26 32
47 26 32
47 26 32
58 46 49
58 46 49
58 46 49
58 46 49
58 46 49
84 50 56
84 50 56
94 29 67
94 29 67
94 29 67
94 29 67
103 43 89
103 43 89
64 25 53
51 34 39
51 34 39
51 34 39
83 27 71
83 27 71
91 40 48
91 40 48
91 40 48
91 40 48
61 28 50
59 44 56
59 44 56
59 44 56
59 44 56
58 25 29
58 25 29
34 25 27
34 25 27
106 65 80
106 65 80
106 65 80
106 65 80
103 43 47
54 25 53
54 25 53
54 25 53
54 25 53
