137 587 233 220
90 37 73
90 37 73
90 37 73
102 33 95
117 30 38
75 57 73
75 57 73
75 57 73
75 57 73
86 34 36
86 34 36
86 34 36
86 34 36
101 62 81
90 65 66
76 51 69
76 51 69
76 51 69
76 51 69
76 51 69
65 30 30
65 30 30
61 37 46
61 37 46
61 37 46
96 45 52
96 45 52
96 45 52
112 27 57
112 27 57
112 27 57
112 27 57
103 54 93
103 54 93
110 68 84
110 68 84
110 68 84
92 27 30
92 27 30
92 27 30
116 33 48
116 33 48
116 33 48
70 40 43
70 40 43
70 40 43
70 40 43
70 40 43
70 40 43
87 54 64
87 54 64
88 32 82
88 32 82
88 32 82
88 32 82
102 45 76
102 45 76
102 45 76
102 45 76
102 45 76
60 39 55
60 39 55
60 39 55
76 20 48
76 20 48
76 20 48
38 26 29
38 26 29
38 26 29
48 26 41
48 26 41
79 30 52
79 30 52
79 30 52
79 30 52
53 27 51
53 27 51
53 27 51
53 27 51
53 27 51
69 34 41
69 34 41
69 34 41
79 55 69
79 55 69
79 55 69
94 30 36
94 30 36
93 71 77
93 71 77
73 39 67
73 39 67
73 39 67
114 77 85
114 77 85
90 38 46
90 38 46
90 38 46
90 38 46
76 34 69
76 34 69
76 34 69
107 43 48
107 43 48
107 43 48
52 32 51
52 32 51
52 32 51
97 46 75
97 46 75
73 33 52
73 33 52
84 53 81
61 52 54
61 52 54
111 59 96
111 59 96
111 59 96
120 31 33
81 32 49
81 32 49
81 32 49
81 32 49
71 38 65
97 63 79
97 63 79
104 22 85
104 22 85
112 55 65
59 35 55
59 35 55
97 28 75
97 28 75
100 26 39
100 26 39
100 26 39
100 26 39
