120 587 233 220
86 69 79
86 69 79
53 31 46
53 31 46
96 37 51
96 37 51
119 54 55
119 54 55
77 37 74
77 37 74
96 24 73
75 54 67
88 61 71
120 46 93
120 46 93
120 46 93
120 46 93
104 69 70
72 61 69
72 61 69
72 61 69
68 43 51
68 43 51
68 43 51
118 53 71
118 53 71
118 53 71
78 54 57
78 54 57
78 54 57
72 22 67
72 22 67
72 22 67
84 34 82
84 34 82
74 33 72
74 33 72
74 33 72
74 33 72
74 33 72
74 33 72
48 36 37
69 36 57
69 36 57
109 59 68
92 37 45
83 47 74
83 47 74
47 27 38
47 27 38
100 50 59
100 50 59
100 50 59
100 50 59
106 67 80
106 67 80
106 67 80
98 49 60
98 49 60
99 60 64
99 60 64
87 35 75
87 35 75
105 43 81
88 49 85
88 49 85
51 22 48
99 26 37
99 26 37
99 26 37
99 26 37
112 61 73
112 61 73
112 61 73
111 41 58
73 54 58
73 54 58
73 54 58
73 54 58
69 49 50
69 49 50
69 49 50
69 49 50
69 49 50
69 49 50
69 49 50
100 20 89
100 20 89
100 20 89
100 20 89
94 38 56
94 38 56
94 38 56
94 38 56
94 38 56
83 40 52
83 40 52
60 39 59
60 39 59
84 36 61
84 36 61
80 42 76
80 42 76
79 30 76
71 31 66
71 31 66
71 31 66
65 23 62
65 23 62
65 23 62
98 52 92
98 52 92
98 52 92
44 28 40
44 28 40
81 57 65
91 68 69
111 39 57
111 39 57
111 39 57
