139 587 233 220
101 24 81
101 24 81
94 29 72
94 29 72
94 29 72
94 29 72
94 29 72
79 47 72
79 47 72
79 47 72
79 47 72
79 47 72
90 35 36
90 35 36
68 40 51
68 40 51
48 35 45
48 35 45
108 69 84
91 31 45
91 31 45
84 62 80
84 62 80
77 41 71
77 41 71
77 41 71
91 42 78
82 60 80
82 60 80
82 60 80
82 60 80
89 26 42
89 26 42
89 26 42
89 26 42
89 26 42
45 30 41
45 30 41
45 30 41
45 30 41
79 29 51
79 29 51
79 29 51
79 29 51
56 20 53
117 39 78
117 39 78
117 39 78
84 42 78
84 42 78
84 42 78
84 42 78
118 46 66
118 46 66
118 46 66
116 30 42
116 30 42
116 30 42
80 47 51
80 47 51
80 47 51
117 73 74
117 73 74
117 73 74
117 73 74
56 28 47
56 28 47
56 28 47
56 28 47
84 31 52
84 31 52
84 31 52
69 55 68
69 55 68
69 55 68
69 32 45
69 32 45
88 59 80
95 34 93
95 34 93
115 51 55
115 51 55
115 51 55
99 21 83
99 21 83
99 21 83
99 21 83
115 35 66
84 36 65
84 36 65
84 40 43
84 40 43
84 40 43
97 48 81
97 48 81
97 48 81
97 48 81
97 48 81
100 41 59
100 41 59
100 41 59
69 25 48
41 26 27
41 26 27
41 26 27
79 45 64
79 45 64
115 27 81
66 24 59
66 24 59
66 24 59
63 52 57
63 52 57
66 44 54
66 44 54
87 59 76
82 43 66
118 43 51
118 43 51
118 43 51
118 43 51
81 21 36
81 21 36
59 33 53
59 33 53
59 33 53
75 51 56
75 51 56
75 51 56
75 51 56
85 49 62
85 49 62
85 49 62
76 32 51
76 32 51
76 32 51
76 32 51
76 32 51
76 32 51
