124 587 233 220
78 54 59
78 54 59
120 20 52
120 20 52
120 20 52
120 20 52
100 54 67
100 54 67
100 54 67
100 54 67
91 37 59
91 37 59
91 37 59
112 56 57
112 56 57
112 56 57
112 56 57
88 34 46
88 34 46
108 53 78
108 53 78
100 29 48
100 29 48
100 29 48
89 21 88
89 21 88
89 21 88
90 21 40
90 21 40
90 21 40
90 21 40
90 21 40
89 36 37
62 20 53
62 20 53
62 20 53
62 20 53
62 20 53
62 20 53
116 40 48
116 40 48
64 32 49
64 32 49
63 41 56
63 41 56
76 70 75
76 70 75
76 70 75
76 70 75
76 70 75
100 59 81
100 59 81
100 59 81
102 74 95
102 74 95
102 74 95
102 74 95
102 74 95
66 50 56
58 22 33
58 22 33
58 22 33
84 52 53
109 27 63
109 27 63
101 31 32
101 31 32
101 31 32
77 61 72
77 61 72
77 62 72
115 75 78
115 75 78
55 34 35
55 34 35
55 34 35
107 57 72
107 57 72
107 57 72
107 57 72
74 50 58
77 57 63
83 32 42
83 32 42
83 32 42
83 32 42
99 25 55
99 25 55
99 25 55
61 48 53
61 48 53
119 57 57
119 57 57
119 57 57
87 35 67
87 35 67
71 39 48
71 39 48
73 44 56
73 41 71
74 24 64
100 55 71
100 55 71
102 54 73
115 37 58
115 37 58
115 37 58
69 34 65
69 34 65
70 25 63
70 25 63
57 21 34
57 21 34
116 29 48
65 52 54
65 52 54
52 34 48
52 34 48
52 34 48
118 58 71
118 58 71
118 58 71
89 37 48
89 37 48
