109 587 233 220
110 55 60
110 55 60
110 55 60
80 71 78
80 71 78
80 71 78
80 71 78
110 50 75
100 40 72
103 32 60
70 49 60
70 49 60
80 62 72
120 67 74
120 67 74
75 37 52
75 37 52
57 48 54
57 48 54
62 53 55
62 53 55
62 53 55
83 36 73
75 40 64
75 40 64
75 40 64
98 31 80
98 31 80
112 52 100
112 52 100
56 44 49
56 44 49
74 26 28
74 26 28
68 52 67
68 52 67
116 27 96
92 45 65
92 45 65
92 45 65
92 45 65
90 34 84
61 53 54
61 53 54
61 53 54
61 53 54
61 53 54
109 31 42
109 31 42
63 44 60
63 44 60
63 44 60
115 61 66
115 61 66
111 47 49
111 47 49
99 30 75
74 31 65
74 31 65
96 70 85
96 70 85
90 35 52
92 25 58
83 35 83
83 35 83
83 71 80
83 71 80
105 46 98
105 46 98
105 46 98
105 46 98
93 36 77
89 37 65
89 37 65
116 47 62
113 38 64
113 38 64
113 38 64
113 38 64
113 38 64
73 35 72
73 35 72
73 35 72
56 31 55
76 69 74
76 69 74
81 36 44
81 36 44
81 36 44
78 51 62
78 51 62
113 58 71
90 42 43
90 42 43
105 43 78
105 43 78
84 41 78
84 41 78
84 41 78
84 41 78
98 44 47
98 44 47
112 51 52
112 51 52
112 51 52
112 51 52
112 51 52
100 50 67
100 50 67
