145 587 233 220
114 42 77
114 42 77
114 42 77
114 42 77
105 74 81
105 74 81
105 74 81
105 74 81
105 74 81
76 50 73
76 50 73
104 41 91
104 41 91
75 23 70
75 23 70
93 20 67
93 20 67
93 20 67
93 20 67
93 20 67
93 20 67
89 25 54
89 25 54
89 25 54
89 25 54
89 25 54
89 25 54
89 28 46
89 28 46
89 28 46
36 24 35
36 24 35
72 29 50
72 29 50
72 38 41
84 24 32
84 24 32
85 31 53
115 38 94
115 38 94
115 38 94
60 38 51
74 40 46
74 40 46
74 40 46
52 41 50
52 41 50
52 41 50
52 41 50
52 41 50
52 41 50
52 41 50
85 50 58
85 50 58
85 50 58
85 50 58
85 50 58
85 50 58
116 34 78
85 41 53
109 26 42
74 55 66
74 55 66
69 33 45
69 33 45
87 20 68
94 25 34
94 25 34
94 25 34
99 24 39
106 67 72
106 67 72
106 67 72
106 67 72
106 67 72
88 30 65
88 30 65
88 30 65
88 30 65
115 48 80
115 48 80
115 48 80
73 36 41
73 36 41
73 36 41
73 36 41
76 35 45
76 35 45
76 35 45
76 35 45
92 38 66
65 40 58
65 40 58
76 64 68
111 34 64
111 34 64
111 34 64
111 34 64
54 32 54
54 32 54
54 32 54
54 32 54
80 57 62
80 57 62
80 57 62
56 56 56
56 56 56
56 56 56
69 33 41
69 33 41
69 33 41
72 51 52
72 51 52
83 21 40
83 21 40
83 21 40
83 21 40
73 62 63
73 62 63
73 62 63
70 26 55
70 26 55
70 26 55
70 26 55
84 35 74
76 41 76
76 41 76
76 41 76
85 46 71
85 46 71
83 30 52
83 30 52
83 30 52
83 30 52
84 42 74
84 42 74
84 42 74
91 35 51
91 35 51
91 35 51
91 35 51
91 35 51
87 43 62
87 43 62
87 43 62
