147 587 233 220
87 28 33
87 28 33
87 28 33
97 57 70
97 57 70
71 38 57
71 38 57
71 38 57
71 38 57
63 47 53
63 47 53
63 47 53
63 47 53
77 37 56
77 37 56
77 37 56
102 47 67
102 47 67
102 47 67
72 29 31
72 29 31
72 29 31
72 29 31
84 38 58
84 38 58
84 38 58
84 38 58
84 56 57
84 56 57
88 33 76
88 33 76
88 33 76
109 73 76
57 54 55
57 54 55
115 25 26
115 25 26
71 41 50
71 41 50
71 41 50
102 29 59
102 29 59
102 29 59
102 29 59
69 45 67
69 45 67
50 38 46
50 38 46
50 38 46
50 38 46
78 38 76
78 38 76
78 38 76
95 31 55
95 31 55
95 31 55
98 38 83
98 38 83
98 38 83
89 31 67
89 31 67
68 45 51
68 45 51
68 45 51
68 45 51
63 27 35
63 27 35
63 27 35
72 25 53
72 25 53
72 25 53
109 74 78
109 74 78
109 74 78
90 29 58
90 29 58
90 29 58
90 29 58
96 45 50
96 45 50
96 45 50
89 28 70
95 44 73
95 44 73
78 26 68
78 26 68
78 26 68
78 26 68
118 62 89
118 62 89
118 62 89
118 62 89
98 25 72
98 25 72
98 25 72
102 33 35
102 33 35
74 36 55
74 36 55
74 36 55
74 36 55
74 36 55
104 45 62
91 27 28
91 27 28
91 27 28
91 27 28
91 27 28
63 31 57
63 31 57
63 31 57
49 25 47
49 25 47
49 25 47
75 66 69
75 66 69
75 66 69
65 42 50
65 42 50
119 25 72
98 35 74
98 35 74
98 35 74
53 33 51
53 33 51
94 40 75
94 40 75
94 40 75
96 20 48
96 20 48
96 20 48
96 20 48
49 36 45
49 36 45
49 36 45
49 36 45
49 36 45
90 61 79
99 39 94
100 72 77
100 72 77
100 72 77
100 72 77
100 72 77
66 36 38
66 36 38
66 36 38
