135 587 233 220
119 28 34
119 28 34
84 48 69
84 48 69
84 48 69
84 48 69
84 48 69
97 78 82
97 78 82
97 78 82
97 78 82
97 78 82
97 78 82
109 33 43
109 33 43
80 47 75
74 30 62
74 30 62
74 30 62
40 31 35
58 26 43
111 71 73
111 71 73
111 71 73
95 43 66
95 43 66
96 28 82
96 28 82
84 66 73
84 66 73
84 66 73
62 38 42
62 38 42
62 38 42
62 38 42
108 58 91
108 58 91
96 25 81
96 25 81
96 25 81
96 25 81
96 25 81
42 31 35
42 31 35
42 31 35
75 30 54
75 30 54
117 33 50
117 33 50
117 33 50
115 49 68
115 49 68
105 60 66
105 60 66
105 60 66
50 38 45
50 38 45
50 38 45
79 34 50
79 34 50
79 34 50
72 35 36
72 35 36
74 37 57
74 37 57
74 37 57
74 37 57
72 63 66
72 63 66
72 63 66
86 29 62
86 29 62
91 34 70
91 34 70
55 29 35
55 29 35
64 25 54
64 25 54
64 25 54
97 50 82
97 50 82
93 45 73
93 45 73
93 45 73
83 25 35
83 25 35
83 25 35
60 33 59
60 33 59
60 33 59
113 38 45
113 38 45
113 38 45
113 38 45
113 38 45
113 38 45
113 38 45
54 30 51
54 30 51
110 26 43
110 26 43
100 37 66
100 37 66
100 37 66
100 37 66
91 48 73
91 48 73
65 47 56
65 47 56
72 27 50
72 27 50
72 27 50
72 27 50
72 27 50
92 27 87
92 27 87
92 27 87
110 21 42
110 21 42
110 21 42
110 21 42
90 36 48
76 54 73
61 34 41
74 38 50
110 43 49
110 43 49
110 43 49
110 43 49
104 38 69
104 38 69
104 38 69
95 52 71
77 48 57
77 48 57
