115 587 233 220
86 57 65
86 57 65
61 32 37
61 32 37
39 27 33
85 26 33
101 42 94
101 42 94
101 42 94
65 46 53
65 46 53
65 46 53
76 39 72
76 39 72
47 25 42
93 60 76
95 51 74
95 51 74
95 51 74
97 32 66
116 37 78
116 37 78
116 37 78
116 37 78
98 47 53
98 47 53
68 60 63
93 68 91
93 68 91
93 68 91
90 35 88
90 35 88
90 35 88
93 66 71
93 66 71
100 70 89
94 35 84
94 35 84
94 35 84
94 35 84
74 30 40
74 30 40
74 30 40
95 39 63
95 39 63
95 39 63
42 20 36
42 20 36
108 38 73
81 46 66
81 46 66
103 20 95
103 20 95
103 20 95
103 20 95
72 66 70
72 66 70
72 66 70
71 26 67
71 26 67
71 26 67
71 26 67
103 48 66
95 75 94
95 75 94
76 46 59
76 46 59
86 38 86
86 38 86
86 38 86
113 62 75
113 62 75
113 62 75
120 47 75
120 47 75
64 49 58
64 49 58
73 27 39
73 27 39
73 27 39
95 50 93
95 50 93
89 61 79
89 61 79
89 61 79
89 61 79
76 56 63
76 56 63
115 59 66
99 28 46
99 28 46
99 28 46
99 28 46
74 35 73
74 35 73
74 35 73
74 35 73
68 27 67
68 27 67
68 27 67
91 28 39
91 28 39
91 28 39
91 28 39
91 28 39
80 22 75
80 22 75
103 54 60
84 29 72
84 29 72
96 80 80
100 32 52
100 32 52
73 33 43
98 32 71
