143 587 233 220
74 32 60
74 32 60
74 32 60
100 43 50
100 43 50
95 42 74
95 42 74
95 42 74
95 30 70
95 30 70
45 24 37
67 25 60
67 25 60
55 35 51
55 35 51
55 35 51
55 35 51
76 61 71
76 61 71
76 61 71
119 51 88
98 26 81
98 26 81
98 26 81
98 26 81
86 61 69
86 61 69
86 61 69
117 30 54
96 24 40
54 41 52
54 41 52
54 41 52
89 41 61
89 41 61
89 41 61
89 41 61
89 41 61
89 41 61
89 41 61
82 71 81
82 71 81
82 71 81
82 71 81
97 49 53
74 35 72
74 35 72
74 35 72
83 47 77
83 47 77
83 47 77
80 45 48
80 45 48
80 45 48
80 45 48
102 55 56
63 30 61
63 30 61
63 30 61
63 30 61
70 42 67
70 42 67
70 42 67
70 42 67
99 80 93
99 80 93
99 80 93
78 25 60
78 25 60
78 25 60
46 26 45
46 26 45
46 26 45
78 21 42
78 21 42
78 21 42
84 37 46
84 37 46
84 37 46
65 30 63
74 37 45
74 37 45
74 37 45
74 37 45
67 30 58
113 75 79
69 27 63
66 63 66
66 63 66
108 21 31
108 21 31
108 21 31
108 21 31
113 28 85
113 28 85
113 28 85
113 28 85
99 37 73
99 37 73
53 30 48
53 30 48
53 30 48
53 30 48
53 30 48
51 35 50
51 35 50
64 42 60
64 42 60
64 42 60
64 42 60
64 42 60
64 42 60
92 47 91
92 47 91
66 28 50
66 28 50
66 28 50
66 28 50
66 28 50
116 47 55
116 47 55
106 37 85
75 46 59
75 46 59
75 46 59
75 46 59
75 46 59
107 36 68
107 36 68
107 36 68
107 36 68
107 36 68
88 30 45
88 30 45
88 30 45
88 30 45
112 23 71
112 23 71
93 35 39
93 35 39
93 35 39
101 61 96
101 61 96
