# MHKP instance for submodel V0 of Deplano et al. (2019)
# BINS:  length width height priority
# ITEMS: length width height
# beta (gcd of item sides) = 1
BINS
120 120 120 5.78703703704e-07
144 120 120 4.8225308642e-07
168 144 120 3.444664903e-07
192 168 144 2.15291556437e-07
240 192 168 1.29174933862e-07
ITEMS
94 78 76
106 113 86
88 114 62
112 70 75
116 115 84
116 108 70
86 102 80
131 89 94
37 66 31
37 39 26
96 102 76
97 88 91
86 102 98
108 93 83
144 69 66
117 110 98
117 79 74
129 100 75
53 33 25
92 86 67
135 112 97
97 104 78
124 82 91
115 94 82
111 105 71
119 73 70
125 100 95
100 82 90
141 103 100
108 75 76
124 71 80
74 32 49
125 90 82
125 104 61
68 52 52
84 96 80
63 43 28
70 29 47
110 76 92
51 41 48
141 111 65
119 108 87
112 91 67
117 89 69
92 82 80
82 40 40
41 45 32
57 42 26
101 85 66
100 89 90
85 86 93
63 59 31
136 99 90
94 88 62
92 90 83
98 110 84
36 63 48
97 68 63
114 69 95
83 44 53
141 80 64
99 115 58
56 66 38
141 97 97
124 85 69
131 78 95
133 94 75
67 49 36
123 109 86
103 67 79
84 77 77
98 88 88
119 103 66
108 96 86
56 43 52
102 113 65
80 63 38
134 106 61
134 77 75
45 51 38
82 55 35
79 44 42
135 97 85
50 61 43
106 82 91
107 97 79
72 34 48
108 114 94
132 104 75
71 28 31
62 59 31
119 85 89
44 34 34
134 82 62
49 49 31
80 52 25
128 108 85
136 114 90
127 74 62
97 98 92
45 37 57
122 115 79
50 46 29
134 88 93
111 105 72
53 65 29
101 69 75
116 76 86
102 73 64
141 107 87
105 70 97
102 68 95
127 80 81
91 85 64
82 51 39
51 55 56
131 84 76
61 55 43
107 110 58
54 46 46
143 105 74
65 32 42
101 82 74
114 91 67
113 113 82
132 84 100
74 54 46
105 97 85
59 45 57
101 83 76
109 73 65
100 90 64
70 64 40
98 83 88
101 104 71
115 76 65
51 43 36
141 89 69
114 99 76
136 72 96
139 84 65
121 84 90
39 54 25
64 39 33
64 39 53
138 76 81
144 106 87
138 101 59
108 101 67
79 63 50
124 111 84
119 95 88
102 105 93
110 114 97
124 101 62
132 98 76
127 99 98
89 76 74
73 49 52
136 72 68
