# MHKP instance for submodel V0 of Deplano et al. (2019)
# BINS:  length width height priority
# ITEMS: length width height
# beta (gcd of item sides) = 1
BINS
120 120 120 5.78703703704e-07
144 120 120 4.8225308642e-07
168 144 120 3.444664903e-07
192 168 144 2.15291556437e-07
240 192 168 1.29174933862e-07
ITEMS
78 31 29
112 73 72
74 52 38
142 68 91
73 39 50
92 93 87
101 85 74
93 79 80
75 58 31
104 70 87
38 66 52
97 107 76
98 75 63
59 65 55
100 73 71
68 58 33
124 75 83
102 77 85
64 40 39
122 88 85
82 30 28
107 82 86
50 38 58
43 34 32
118 105 62
81 28 54
70 57 51
64 63 54
94 113 75
84 90 88
38 61 26
67 29 51
114 85 90
69 63 46
85 88 81
95 72 87
92 87 59
137 98 82
106 107 76
128 80 75
109 100 92
85 107 66
98 72 88
97 88 98
143 111 85
92 103 74
36 61 40
134 74 62
96 76 95
123 102 78
111 73 95
144 92 96
110 67 87
121 69 90
107 81 69
72 29 49
127 106 72
85 104 86
64 31 43
94 93 92
140 84 79
66 63 49
115 102 85
85 85 88
79 56 40
127 94 100
139 79 80
36 50 52
115 74 86
37 64 45
115 71 76
123 110 72
96 110 95
83 64 56
113 114 91
60 28 28
65 45 53
68 44 36
76 33 52
36 43 33
63 59 31
136 79 96
135 71 100
113 77 71
131 100 90
115 98 62
52 51 25
96 104 93
98 81 98
103 111 66
50 36 31
134 114 91
43 47 46
105 103 100
87 113 67
97 104 79
77 34 55
135 112 76
111 82 95
85 107 65
142 67 79
123 105 96
54 36 35
86 95 89
64 60 41
49 31 54
127 107 83
75 36 42
133 76 91
69 47 39
81 58 29
73 35 34
112 111 93
65 38 44
65 46 35
40 35 31
128 89 70
44 58 32
74 62 56
102 101 73
85 81 97
111 103 76
42 41 40
140 71 58
124 71 72
119 72 68
129 114 98
89 72 85
116 88 89
68 46 50
114 91 95
127 89 86
111 115 100
138 96 93
46 41 28
131 97 99
114 98 89
117 111 83
45 43 39
144 99 96
69 64 34
76 43 50
109 109 64
53 33 54
109 93 86
110 80 82
65 29 49
128 112 100
81 36 42
120 71 96
114 70 86
107 110 67
88 78 72
141 86 64
130 99 72
71 61 26
82 34 44
121 104 72
93 108 71
143 89 81
