# MHKP instance for submodel V0 of Deplano et al. (2019)
# BINS:  length width height priority
# ITEMS: length width height
# beta (gcd of item sides) = 1
BINS
120 120 120 5.78703703704e-07
144 120 120 4.8225308642e-07
168 144 120 3.444664903e-07
192 168 144 2.15291556437e-07
240 192 168 1.29174933862e-07
ITEMS
117 100 66
65 60 35
129 111 79
40 47 30
86 74 98
63 51 56
123 88 81
139 93 70
94 87 94
124 112 85
123 111 78
137 115 63
80 65 26
114 82 61
121 97 97
110 85 78
141 97 96
83 29 50
143 98 96
94 67 63
39 48 46
62 57 44
115 84 69
123 88 65
61 35 44
124 98 73
92 82 64
98 98 86
109 72 80
144 74 87
144 87 83
89 70 68
100 103 98
143 84 93
99 67 74
37 47 54
140 84 86
117 113 74
137 91 83
128 69 83
144 114 69
124 95 87
122 113 84
120 80 89
111 85 65
131 71 66
65 28 55
85 87 81
97 107 63
118 114 90
133 86 58
132 94 81
88 74 84
108 70 67
92 114 88
85 113 97
102 113 73
144 77 74
67 47 48
90 87 60
51 39 25
131 89 63
120 95 87
141 101 76
69 58 54
88 70 99
119 83 97
80 46 38
49 32 55
61 47 43
101 88 98
98 69 61
135 88 90
125 100 73
127 81 76
91 114 71
118 112 59
133 87 93
105 87 70
142 77 91
110 97 87
67 55 28
133 76 77
134 72 100
75 45 48
60 67 32
127 68 80
112 94 94
133 97 71
125 67 72
78 38 45
50 28 56
66 62 29
105 93 64
92 100 62
107 84 76
105 97 65
96 99 58
37 37 48
85 98 68
96 99 69
132 108 70
121 99 75
72 56 56
62 64 29
129 71 58
107 108 97
126 68 89
79 48 26
90 79 70
45 34 43
93 112 86
142 75 95
137 106 89
91 89 75
43 30 26
127 88 78
132 115 68
75 47 33
108 93 60
117 104 86
88 113 77
130 71 69
139 114 65
113 74 84
74 29 28
108 103 78
75 33 31
45 62 54
78 60 52
38 62 50
129 96 91
138 89 100
91 71 58
102 81 99
94 106 88
139 78 65
105 99 95
138 101 84
144 93 63
46 49 31
44 29 56
92 78 97
72 37 58
100 92 93
96 68 58
94 71 60
55 67 43
143 74 65
110 80 72
130 115 87
141 108 75
96 103 69
92 104 60
84 58 57
36 59 46
110 101 70
116 111 72
99 91 85
119 96 84
