# MHKP instance for submodel V0 of Deplano et al. (2019)
# BINS:  length width height priority
# ITEMS: length width height
# beta (gcd of item sides) = 1
BINS
120 120 120 5.78703703704e-07
144 120 120 4.8225308642e-07
168 144 120 3.444664903e-07
192 168 144 2.15291556437e-07
240 192 168 1.29174933862e-07
ITEMS
96 91 63
40 45 50
59 39 40
73 56 53
95 88 92
68 53 41
123 68 95
88 82 62
54 65 54
136 99 58
138 111 94
86 105 99
123 77 87
135 92 74
101 81 80
85 76 84
99 82 62
94 84 98
113 71 84
62 33 56
98 68 98
109 67 72
143 67 78
125 69 68
39 63 37
89 94 70
82 32 32
143 75 87
124 97 73
84 67 81
108 78 59
100 100 90
63 57 51
107 93 97
48 40 31
63 34 36
108 68 95
130 100 76
94 98 86
103 98 92
126 112 94
47 28 57
118 93 95
86 101 92
87 89 75
99 69 96
89 68 59
97 91 61
130 110 83
73 30 26
109 85 58
37 38 58
90 91 96
38 46 48
96 110 84
111 84 66
141 74 93
53 51 25
123 80 73
116 77 99
129 104 63
120 113 67
120 106 73
119 75 91
127 111 79
118 110 95
101 108 80
94 80 66
135 100 87
130 92 85
132 83 80
85 106 86
65 57 57
85 101 92
90 68 66
114 88 88
139 88 73
70 56 45
133 94 71
39 64 52
101 83 89
117 104 96
49 51 52
129 90 91
142 107 89
121 80 87
42 63 43
144 91 83
89 106 76
136 113 82
123 84 96
43 41 39
142 74 80
121 95 97
92 98 98
88 75 93
52 43 36
46 64 57
47 28 42
125 72 96
118 97 63
106 72 71
38 56 40
105 96 99
68 40 40
96 79 86
121 74 65
37 38 43
108 106 59
143 89 83
62 60 45
39 48 38
126 70 79
141 103 78
36 66 39
143 80 93
81 54 39
128 81 64
98 95 80
126 74 100
79 55 36
51 34 45
67 48 51
139 92 64
105 95 76
144 87 63
85 84 75
101 90 66
124 98 84
59 38 33
81 50 44
133 111 64
41 60 31
64 41 31
56 54 52
102 92 94
92 110 65
106 81 90
121 76 82
105 75 74
106 71 88
59 54 29
143 86 69
117 82 63
95 80 86
92 99 60
88 72 72
92 74 94
88 97 98
84 106 59
62 48 32
78 66 45
73 43 40
80 41 38
102 76 96
123 104 97
137 79 98
126 95 87
129 92 75
95 70 87
