# MHKP instance for submodel V0 of Deplano et al. (2019)
# BINS:  length width height priority
# ITEMS: length width height
# beta (gcd of item sides) = 1
BINS
120 120 120 5.78703703704e-07
144 120 120 4.8225308642e-07
168 144 120 3.444664903e-07
192 168 144 2.15291556437e-07
240 192 168 1.29174933862e-07
ITEMS
70 29 34
118 115 74
46 47 45
122 102 66
114 87 72
67 51 47
119 90 92
128 81 99
105 106 69
80 59 47
119 108 79
126 79 69
79 57 51
79 59 39
68 31 31
125 112 65
90 105 60
93 111 60
109 97 89
123 95 78
115 95 71
135 74 81
103 110 83
107 107 59
94 73 91
112 107 72
38 58 45
64 44 41
85 84 81
90 101 93
141 80 90
94 85 88
56 48 45
106 74 62
84 76 100
100 99 90
79 35 35
111 80 95
81 40 29
55 30 57
115 80 72
37 32 45
133 99 92
83 46 53
105 101 66
142 71 59
117 79 83
128 115 58
93 104 66
57 45 30
87 73 86
131 88 88
54 44 25
103 114 73
108 67 62
92 80 90
85 107 86
94 69 73
47 31 49
89 104 63
43 58 49
98 109 92
140 98 77
112 93 93
83 34 48
110 87 86
65 55 28
84 95 68
126 103 94
74 52 47
104 109 87
132 95 69
131 79 76
85 104 82
127 78 99
68 61 55
89 76 92
119 95 66
132 85 92
48 35 29
78 66 56
125 104 81
98 68 76
76 60 35
87 111 68
97 88 62
84 107 67
41 36 28
92 109 91
49 39 31
40 41 56
104 113 82
140 71 87
71 55 49
104 106 72
110 86 71
71 44 44
36 38 28
105 70 74
91 115 95
127 91 100
42 59 46
93 97 93
57 33 46
115 93 100
116 84 83
109 75 71
114 91 61
132 108 64
139 71 87
142 79 88
80 63 56
143 114 73
37 37 46
101 78 99
86 88 94
101 98 94
119 96 73
88 86 74
99 77 60
94 94 77
84 67 88
115 111 69
132 105 64
93 68 62
131 78 80
73 55 52
105 81 86
92 101 61
128 71 84
109 79 80
140 96 80
67 54 54
119 115 97
108 90 61
119 73 78
143 70 70
54 29 58
89 76 88
69 35 32
144 108 75
104 67 98
93 78 58
97 83 93
85 108 60
112 84 93
39 35 27
62 42 58
136 105 73
59 63 46
103 85 67
135 95 70
113 112 77
111 72 70
78 56 41
135 75 62
132 111 64
125 99 65
120 113 65
53 67 25
