# MHKP instance for submodel V0 of Deplano et al. (2019)
# BINS:  length width height priority
# ITEMS: length width height
# beta (gcd of item sides) = 1
BINS
120 120 120 5.78703703704e-07
ITEMS
46 57 59
56 55 45
70 45 63
39 19 36
69 50 57
24 22 24
61 65 44
36 23 35
40 38 24
29 42 21
48 68 42
59 60 62
50 57 52
39 31 33
62 64 50
40 19 39
26 33 25
53 66 60
60 68 45
69 66 55
40 33 19
40 31 36
31 24 38
47 43 43
25 20 27
50 70 51
63 56 62
59 62 62
30 24 34
56 59 51
68 46 58
41 32 19
72 69 42
25 30 19
58 72 48
41 35 25
24 22 23
50 61 52
20 39 25
20 38 31
