# MHKP instance for submodel V0 of Deplano et al. (2019)
# BINS:  length width height priority
# ITEMS: length width height
# beta (gcd of item sides) = 1
BINS
120 120 120 5.78703703704e-07
ITEMS
66 53 44
65 66 45
18 26 34
47 44 63
37 30 22
56 55 54
46 66 46
21 42 20
38 25 27
18 42 39
70 49 59
47 71 59
70 71 49
45 62 69
56 54 62
32 37 19
69 56 59
55 67 57
48 47 71
43 54 54
61 68 70
39 40 29
53 60 42
69 61 60
66 61 52
43 66 70
47 47 45
45 70 53
36 34 40
32 36 21
70 49 72
63 45 63
65 46 55
34 31 33
65 71 66
20 33 20
34 29 25
71 63 62
25 39 37
60 43 70
