# MHKP instance for submodel V0 of Deplano et al. (2019)
# BINS:  length width height priority
# ITEMS: length width height
# beta (gcd of item sides) = 1
BINS
120 120 120 5.78703703704e-07
ITEMS
71 48 72
45 64 61
50 70 71
49 52 69
39 38 22
72 71 60
27 31 39
34 24 30
72 57 48
45 65 52
49 67 56
19 23 30
44 65 52
62 58 70
53 69 56
57 68 51
56 52 67
67 47 49
42 45 49
45 63 67
72 49 62
49 68 61
63 62 59
58 65 43
34 28 19
46 55 50
55 47 44
61 61 72
51 61 60
32 37 38
53 59 59
28 26 29
50 59 66
44 68 47
53 55 59
71 64 63
67 52 70
54 57 71
43 55 44
59 57 72
