# MHKP instance for submodel V0 of Deplano et al. (2019)
# BINS:  length width height priority
# ITEMS: length width height
# beta (gcd of item sides) = 1
BINS
120 120 120 5.78703703704e-07
ITEMS
52 70 55
55 48 58
38 35 25
20 19 26
62 42 42
30 26 40
47 52 54
49 67 72
72 67 47
41 25 18
42 24 35
46 62 46
20 36 19
30 35 34
27 24 25
66 60 51
69 44 67
64 64 46
61 42 52
54 51 55
62 44 64
27 21 29
66 48 52
52 48 51
35 30 39
50 52 45
50 66 44
34 35 21
60 43 49
22 31 20
67 60 66
59 63 48
48 50 67
56 45 55
46 52 52
69 48 60
62 71 50
58 52 54
33 41 18
54 72 62
