# MHKP instance for submodel V0 of Deplano et al. (2019)
# BINS:  length width height priority
# ITEMS: length width height
# beta (gcd of item sides) = 1
BINS
120 120 120 5.78703703704e-07
ITEMS
71 62 46
65 46 42
42 51 61
59 68 62
25 27 29
33 24 34
41 21 20
18 35 40
46 64 65
23 39 41
44 53 68
31 19 19
56 70 53
41 23 36
60 58 56
20 42 33
57 69 67
23 29 32
18 30 28
69 47 67
32 24 20
53 65 64
24 34 23
24 24 19
23 39 18
54 45 57
43 51 44
50 67 51
45 69 43
66 42 50
62 62 47
58 48 48
63 69 61
42 72 51
65 66 58
47 54 48
42 47 47
40 32 39
54 44 47
47 52 42
