# MHKP instance for submodel V0 of Deplano et al. (2019)
# BINS:  length width height priority
# ITEMS: length width height
# beta (gcd of item sides) = 1
BINS
120 120 120 5.78703703704e-07
ITEMS
36 40 40
33 29 36
52 47 55
59 45 64
22 20 27
23 32 32
56 62 57
61 61 56
48 59 67
58 49 70
71 57 55
71 62 49
65 49 60
61 50 50
70 63 65
68 44 55
18 38 26
64 43 65
30 41 29
38 25 19
64 64 55
60 59 45
71 65 66
60 59 56
42 48 51
55 68 61
47 42 69
72 66 66
69 49 58
60 42 67
36 23 21
40 38 36
67 54 64
22 35 36
58 53 55
50 69 59
68 47 59
42 49 68
31 22 19
61 72 58
