# MHKP instance for submodel V0 of Deplano et al. (2019)
# BINS:  length width height priority
# ITEMS: length width height
# beta (gcd of item sides) = 1
BINS
120 120 120 5.78703703704e-07
ITEMS
32 37 33
68 51 55
19 26 36
55 68 46
72 65 61
49 45 66
59 47 61
72 69 61
38 31 31
50 61 64
50 42 43
58 48 66
63 71 59
50 59 66
62 59 62
49 71 71
32 40 39
28 29 31
39 26 29
28 36 27
38 23 19
48 61 63
42 50 50
38 38 22
72 56 44
28 39 25
48 46 55
51 43 64
40 38 35
58 68 63
57 56 51
22 30 42
47 64 42
62 43 52
29 33 42
46 62 67
71 46 44
50 43 57
29 26 21
65 50 48
