# MHKP instance for submodel V0 of Deplano et al. (2019)
# BINS:  length width height priority
# ITEMS: length width height
# beta (gcd of item sides) = 1
BINS
120 120 120 5.78703703704e-07
ITEMS
56 59 58
46 70 60
72 63 53
51 66 72
61 60 58
70 65 62
43 60 47
48 48 72
66 46 68
50 49 62
50 70 49
63 66 67
65 70 72
27 42 35
38 30 23
57 72 46
48 70 42
64 51 53
51 68 70
42 37 21
63 53 57
52 50 60
54 67 55
24 42 35
42 23 40
41 18 37
51 63 64
22 34 39
20 42 30
70 47 68
54 71 70
31 22 32
62 65 52
43 45 64
27 31 35
42 28 23
62 68 70
40 39 21
68 49 51
42 37 36
