# MHKP instance for submodel V0 of Deplano et al. (2019)
# BINS:  length width height priority
# ITEMS: length width height
# beta (gcd of item sides) = 1
BINS
120 120 120 5.78703703704e-07
ITEMS
47 57 58
54 66 57
22 26 32
50 54 64
40 20 35
58 64 59
63 54 63
69 53 64
61 45 45
44 55 42
59 60 61
53 69 66
57 49 47
56 48 72
67 72 45
48 45 46
38 40 35
30 24 40
58 53 42
61 72 58
26 40 28
40 42 42
33 30 24
57 72 56
44 72 56
54 54 49
72 49 57
72 45 60
31 29 27
30 28 23
55 52 52
23 21 34
63 72 63
33 34 20
69 68 59
30 38 26
70 59 54
42 56 59
46 43 55
24 34 23
