# MHKP instance for submodel V0 of Deplano et al. (2019)
# BINS:  length width height priority
# ITEMS: length width height
# beta (gcd of item sides) = 1
BINS
120 120 120 5.78703703704e-07
ITEMS
55 63 46
22 20 20
34 21 27
59 60 61
56 66 71
55 45 47
70 71 52
71 71 45
48 67 56
66 64 42
56 52 69
59 45 68
58 48 58
64 71 61
60 50 57
62 53 58
58 59 66
62 55 65
67 48 61
57 46 66
41 34 28
67 45 71
69 62 50
45 57 60
49 51 66
49 55 55
25 28 40
44 50 57
31 25 30
55 64 51
40 37 39
46 46 70
71 55 65
50 50 56
40 28 37
39 36 28
70 70 61
27 22 26
69 71 55
43 58 65
