# MHKP instance for submodel V0 of Deplano et al. (2019)
# BINS:  length width height priority
# ITEMS: length width height
# beta (gcd of item sides) = 1
BINS
120 120 120 5.78703703704e-07
144 120 120 4.8225308642e-07
168 144 120 3.444664903e-07
192 168 144 2.15291556437e-07
240 192 168 1.29174933862e-07
ITEMS
124 88 86
94 108 86
36 52 44
138 75 98
88 76 82
87 94 64
54 30 35
144 114 61
121 85 69
93 95 88
133 84 99
45 62 49
135 101 97
102 93 61
116 112 62
132 82 66
38 51 49
144 96 81
135 67 73
121 106 89
114 73 79
104 92 74
119 85 65
138 70 93
119 67 99
58 53 42
106 79 64
117 101 60
45 40 57
103 92 58
121 107 75
95 81 88
86 70 83
139 91 87
88 73 58
143 88 69
110 79 92
141 67 93
92 111 97
117 77 83
122 102 65
139 87 80
106 102 74
52 49 25
87 99 69
70 46 32
86 104 78
126 90 72
90 108 91
87 87 91
138 75 78
141 114 87
49 67 52
44 65 44
132 98 89
49 67 28
51 65 52
54 57 52
144 67 58
58 42 28
110 87 82
91 80 81
117 95 100
105 88 77
80 42 31
92 113 66
46 36 46
74 40 51
60 41 45
58 45 36
131 110 96
118 88 96
142 86 60
131 86 84
143 87 88
84 110 70
119 68 93
134 108 83
93 110 87
115 112 85
130 88 80
129 95 84
101 102 79
97 75 86
70 60 55
126 93 87
62 35 55
129 76 71
130 107 85
111 91 96
113 102 58
105 112 89
117 78 81
143 75 92
62 41 38
111 85 63
102 96 68
84 100 83
106 103 98
73 40 49
108 89 88
89 81 97
132 99 100
55 28 30
124 87 58
112 102 67
87 91 78
122 77 61
99 78 84
91 94 77
51 60 54
49 55 31
141 79 70
117 78 98
136 105 78
53 35 58
132 101 87
90 79 80
57 46 45
97 103 77
57 37 35
85 101 80
135 88 84
112 110 92
97 109 98
131 70 81
93 101 63
112 96 75
117 73 69
93 86 58
55 45 27
128 112 98
105 104 60
119 101 100
103 105 59
124 89 92
97 105 90
79 43 41
71 63 47
118 100 75
107 113 89
132 105 90
84 53 54
117 87 75
87 95 81
85 76 82
136 109 59
69 38 54
127 89 81
111 80 98
137 89 92
111 80 58
135 115 62
114 108 86
118 111 88
94 114 97
87 115 60
93 75 80
87 105 59
140 100 78
84 35 58
130 74 77
113 102 97
65 49 26
116 100 78
76 54 43
135 83 67
111 86 86
61 54 33
58 29 37
89 94 72
42 44 37
37 43 52
106 67 59
104 78 69
69 57 48
86 109 59
80 31 57
36 59 58
59 33 55
118 107 85
140 100 71
110 94 100
111 102 65
127 87 76
125 110 85
127 86 83
124 91 90
94 104 67
125 84 97
126 67 95
136 74 96
88 106 68
125 78 58
39 67 32
97 86 75
114 114 84
84 101 93
117 88 62
94 102 92
