# MHKP instance for submodel V0 of Deplano et al. (2019)
# BINS:  length width height priority
# ITEMS: length width height
# beta (gcd of item sides) = 1
BINS
120 120 120 5.78703703704e-07
144 120 120 4.8225308642e-07
168 144 120 3.444664903e-07
192 168 144 2.15291556437e-07
240 192 168 1.29174933862e-07
ITEMS
118 73 99
41 33 25
123 111 90
52 32 53
131 97 84
59 53 30
43 45 52
65 67 39
140 100 60
85 115 91
53 32 52
90 109 96
144 105 63
144 105 67
68 36 50
107 99 70
108 108 67
107 98 85
125 90 92
62 46 52
92 83 61
143 94 88
131 83 83
79 42 31
89 76 84
80 30 25
75 51 58
142 80 92
97 105 70
142 79 94
101 75 87
79 50 55
117 77 81
93 74 83
65 64 45
82 46 38
129 74 84
144 99 78
104 88 87
139 115 85
137 101 86
100 86 96
92 110 59
109 92 75
120 112 73
93 94 97
103 108 71
52 58 58
93 103 73
59 66 49
99 106 71
67 61 31
131 84 67
129 86 92
51 56 42
103 71 63
92 72 74
129 74 65
135 101 91
64 30 56
88 112 65
72 40 28
129 109 64
136 113 90
115 114 86
104 110 88
64 44 43
111 72 94
88 96 93
134 103 100
111 89 90
99 77 92
87 77 72
137 102 81
131 97 78
91 93 84
95 102 69
114 91 64
100 105 92
98 78 92
65 39 54
132 111 76
106 85 86
56 34 38
132 86 79
100 104 89
64 43 30
108 115 64
106 68 73
116 95 62
110 75 92
108 75 70
51 48 50
116 96 99
125 87 98
67 59 53
41 61 37
41 58 28
142 90 62
102 114 98
67 37 38
99 109 61
96 98 81
127 69 79
46 31 58
104 100 73
116 115 67
89 83 95
126 73 90
56 39 25
84 74 68
109 79 70
113 115 88
104 98 82
108 89 65
39 33 57
122 101 70
136 106 76
103 71 71
125 74 64
97 96 83
69 33 40
104 99 58
121 114 82
136 90 83
101 78 58
69 30 58
114 79 70
102 97 80
89 100 69
115 70 60
111 98 87
75 63 35
143 101 60
118 111 79
45 62 32
48 35 52
144 101 71
63 46 48
86 113 77
64 62 43
51 43 47
127 91 99
122 105 92
95 79 100
140 92 91
144 106 66
134 72 86
98 87 78
91 67 66
135 68 96
129 74 72
50 37 51
113 108 76
123 68 77
128 114 60
100 115 68
93 94 70
120 83 63
117 92 78
134 114 82
93 101 68
136 90 62
136 102 75
144 103 62
58 34 25
133 74 70
55 53 57
110 102 64
142 92 91
86 79 72
106 107 82
59 45 30
129 91 94
138 115 89
134 83 90
96 111 73
126 77 96
38 47 43
67 54 29
123 77 68
127 99 91
86 88 84
104 115 63
130 92 91
62 52 52
85 111 89
139 113 69
143 115 66
73 66 47
138 101 70
65 45 40
114 111 58
133 76 60
122 111 72
138 69 88
142 107 68
125 72 99
119 76 93
89 86 86
