# MHKP instance for submodel V0 of Deplano et al. (2019)
# BINS:  length width height priority
# ITEMS: length width height
# beta (gcd of item sides) = 1
BINS
120 120 120 5.78703703704e-07
144 120 120 4.8225308642e-07
168 144 120 3.444664903e-07
192 168 144 2.15291556437e-07
240 192 168 1.29174933862e-07
ITEMS
45 32 34
143 99 68
46 61 49
116 97 64
130 86 62
130 94 97
135 69 78
94 97 83
100 74 66
86 85 94
39 56 29
141 82 96
132 93 76
84 83 75
78 34 56
57 40 38
137 74 74
90 110 76
64 34 49
140 73 86
130 69 68
140 115 83
70 46 28
107 81 75
138 111 90
44 61 37
64 34 50
111 94 65
84 47 38
139 92 61
106 74 81
111 67 78
129 79 85
69 44 38
125 101 100
98 86 62
89 111 77
122 73 66
107 105 98
106 95 98
90 80 84
140 107 62
92 90 83
103 74 89
53 47 44
128 103 100
71 28 35
65 41 53
129 113 94
93 75 74
48 57 36
92 81 71
119 70 93
90 109 92
62 56 33
54 33 36
39 33 54
91 77 68
72 31 45
128 69 68
132 109 74
129 86 67
140 68 70
57 34 42
137 96 69
135 80 77
110 98 75
133 115 69
143 97 62
121 79 94
84 113 87
102 67 60
37 50 56
79 45 25
120 111 83
49 46 55
52 53 31
115 67 86
66 33 30
77 34 43
51 55 37
62 35 37
130 97 79
99 87 100
111 81 67
95 77 89
144 75 82
64 55 45
118 110 62
91 102 64
84 91 81
73 56 52
41 44 43
125 108 62
122 104 62
144 86 89
70 43 27
111 69 70
102 112 97
49 52 35
114 111 79
128 113 85
93 80 98
74 64 25
59 58 46
119 96 77
52 35 31
59 45 49
115 108 99
64 47 31
84 112 83
121 106 99
42 62 31
114 112 98
124 94 70
139 101 64
123 110 60
85 83 58
108 89 81
54 55 32
63 29 32
131 97 75
99 108 78
126 97 94
68 64 47
135 104 90
101 111 69
99 101 74
104 109 79
36 46 44
140 114 87
85 90 76
98 91 73
54 47 38
94 97 99
96 113 97
136 104 85
63 38 36
142 82 67
43 42 39
61 39 26
41 32 45
40 30 34
112 79 84
131 115 99
99 89 75
143 109 74
62 63 38
72 64 30
103 78 92
118 86 76
84 79 93
98 97 99
104 105 88
143 87 66
113 79 83
99 106 66
140 75 68
104 84 94
90 72 58
115 75 95
113 92 88
126 78 63
136 73 71
108 81 93
52 66 45
128 80 73
77 43 54
65 45 51
90 67 84
88 112 64
116 95 60
121 103 66
92 115 91
98 115 90
77 60 28
140 70 71
61 58 25
99 110 88
131 112 80
49 32 54
60 63 28
79 28 46
84 90 73
112 81 87
110 102 62
126 109 61
54 40 48
99 97 67
56 67 25
86 102 64
115 110 67
132 106 96
63 58 28
90 115 68
122 69 89
106 101 99
83 44 48
136 103 58
86 81 94
