# MHKP instance for submodel V0 of Deplano et al. (2019)
# BINS:  length width height priority
# ITEMS: length width height
# beta (gcd of item sides) = 1
BINS
120 120 120 5.78703703704e-07
144 120 120 4.8225308642e-07
168 144 120 3.444664903e-07
192 168 144 2.15291556437e-07
240 192 168 1.29174933862e-07
ITEMS
94 109 67
143 107 68
126 101 69
72 35 34
38 59 46
108 80 100
87 102 98
139 90 69
114 105 60
122 73 62
102 70 82
127 100 83
120 87 77
139 110 94
94 75 94
128 106 78
50 32 51
112 73 83
59 43 28
84 54 43
48 39 27
106 89 67
131 83 85
140 112 93
112 72 81
114 74 96
77 28 31
134 86 93
104 115 96
141 80 100
104 113 59
124 88 84
91 76 61
127 83 62
109 88 67
130 71 92
46 50 56
100 110 91
57 67 56
72 30 25
38 46 38
57 32 42
144 77 88
119 87 64
95 115 93
75 29 36
122 115 83
100 94 63
140 94 75
96 82 94
140 77 81
118 91 85
42 52 41
49 38 48
36 64 52
115 115 69
42 63 28
110 86 76
45 48 36
97 84 82
84 54 38
92 74 60
103 78 82
93 77 87
97 99 100
103 106 68
44 58 35
49 40 50
97 98 71
91 73 77
45 41 35
90 77 66
121 69 73
89 94 96
108 77 60
76 34 32
116 67 87
137 96 72
130 111 60
97 80 60
42 48 30
93 73 75
91 86 80
120 69 75
62 31 53
116 70 59
42 38 33
131 82 80
81 52 36
125 91 79
46 50 36
58 41 31
36 58 33
52 49 52
74 56 28
98 74 91
80 41 50
45 43 40
71 32 32
141 84 99
59 61 31
38 28 46
128 102 91
128 89 73
128 84 58
85 101 95
131 80 85
38 48 53
130 85 70
116 67 76
125 100 94
101 84 67
46 34 30
79 63 49
88 101 61
95 109 99
115 73 64
51 64 45
119 94 77
105 108 68
43 55 44
72 42 40
40 41 28
40 44 55
118 95 63
128 73 66
136 82 77
101 71 73
80 47 34
46 46 32
128 107 58
98 93 80
68 31 47
85 111 72
135 83 88
71 35 39
86 71 64
102 104 79
58 43 32
80 60 37
58 40 47
96 78 88
135 110 80
114 80 87
97 115 91
84 48 49
113 83 79
49 48 56
37 54 31
88 115 60
66 41 52
46 67 36
38 66 31
130 107 90
50 41 45
68 39 28
96 96 74
57 62 55
68 42 25
111 81 72
64 54 56
69 49 33
141 102 83
57 55 44
89 84 99
125 77 74
95 80 80
101 81 80
78 51 31
81 42 34
115 85 77
84 40 26
99 111 69
127 90 66
120 81 84
110 91 89
131 99 88
117 102 93
140 93 95
86 110 60
86 111 58
128 89 96
142 98 100
100 112 61
110 99 61
143 96 60
137 81 60
59 38 28
131 83 87
122 109 67
128 99 89
72 63 34
80 66 50
95 99 89
129 104 68
111 86 70
103 95 96
139 115 85
75 53 57
88 110 100
