# MHKP instance for submodel V0 of Deplano et al. (2019)
# BINS:  length width height priority
# ITEMS: length width height
# beta (gcd of item sides) = 1
BINS
120 120 120 5.78703703704e-07
144 120 120 4.8225308642e-07
168 144 120 3.444664903e-07
192 168 144 2.15291556437e-07
240 192 168 1.29174933862e-07
ITEMS
106 100 67
140 76 64
49 50 25
44 40 53
141 113 95
128 105 69
43 56 32
109 102 87
99 75 84
113 96 92
95 108 80
85 108 78
56 54 44
116 75 75
114 89 87
66 36 25
104 93 66
128 90 80
42 49 47
42 40 53
40 42 58
116 77 78
103 106 74
143 83 80
42 63 39
37 31 27
57 48 45
107 68 93
140 83 67
138 90 80
117 82 98
135 96 92
39 41 30
42 63 35
120 95 77
87 70 96
83 35 58
98 81 96
61 65 53
75 33 45
104 81 63
118 98 84
80 51 31
86 94 97
79 42 32
114 93 63
79 47 38
106 108 84
110 70 66
73 40 49
137 81 88
61 42 52
80 30 25
88 90 58
64 52 47
54 37 39
60 29 45
109 112 90
136 111 99
91 74 98
118 114 58
127 106 92
79 41 46
118 73 59
142 82 67
126 71 77
137 86 91
138 92 83
75 30 40
84 88 84
48 36 57
79 61 51
61 31 52
140 91 94
64 40 25
110 81 62
129 70 99
72 34 48
64 31 44
127 102 67
110 86 65
104 71 60
78 49 26
120 91 64
127 105 86
124 102 74
60 53 32
41 33 40
38 50 53
72 43 37
123 85 68
65 49 40
136 92 99
105 87 62
140 97 94
117 110 75
43 33 51
107 115 62
55 59 43
79 38 46
40 30 40
128 78 83
102 69 58
69 54 32
90 103 92
124 79 100
102 87 94
135 71 64
39 64 57
105 104 94
140 73 63
37 31 28
55 54 55
128 76 99
103 104 89
60 47 32
67 42 46
129 87 93
132 106 82
37 36 25
92 105 97
128 68 77
138 101 98
66 43 45
62 32 36
96 104 83
92 78 79
70 34 53
40 28 55
107 81 86
101 101 58
100 75 95
126 74 80
128 101 76
118 89 93
139 102 98
104 111 96
131 75 80
94 81 80
94 101 79
44 44 49
96 102 75
113 79 69
37 65 40
118 74 87
123 89 65
40 29 42
112 109 63
141 80 68
94 67 60
104 111 70
143 89 66
142 74 78
130 87 75
104 94 72
121 81 66
44 31 52
137 91 100
69 65 51
36 66 33
90 71 62
116 68 67
94 98 74
88 108 59
89 98 86
132 96 84
134 111 77
111 93 62
91 113 82
95 68 89
45 52 47
88 78 73
104 102 94
67 35 37
84 112 85
61 41 31
108 114 62
104 79 62
87 71 73
84 58 36
85 68 67
141 115 79
50 46 40
121 105 61
40 35 57
115 69 77
116 94 80
110 71 87
144 72 91
102 108 78
113 91 60
103 109 65
55 41 58
54 49 54
95 97 81
92 111 94
66 28 38
87 76 84
135 86 63
85 74 97
