# MHKP instance for submodel V0 of Deplano et al. (2019)
# BINS:  length width height priority
# ITEMS: length width height
# beta (gcd of item sides) = 1
BINS
120 120 120 5.78703703704e-07
ITEMS
30 33 20
51 61 58
56 65 53
44 44 47
47 60 49
20 20 20
33 19 34
48 53 68
65 62 54
47 54 71
46 50 51
33 22 27
49 47 63
72 43 45
34 19 39
21 42 19
49 65 54
51 45 55
46 50 62
62 56 64
37 33 18
43 65 45
40 21 39
72 66 63
52 63 56
35 24 42
50 46 69
69 48 44
47 53 57
47 64 61
59 71 45
71 50 48
55 51 46
56 63 62
58 64 45
21 34 40
62 60 43
41 23 29
69 57 47
69 58 69
58 72 50
49 56 68
70 64 59
45 51 59
63 66 50
70 54 50
57 58 52
37 34 36
69 52 56
52 49 64
67 55 71
46 58 50
56 45 69
49 60 63
67 64 43
