# MHKP instance for submodel V0 of Deplano et al. (2019)
# BINS:  length width height priority
# ITEMS: length width height
# beta (gcd of item sides) = 1
BINS
120 120 120 5.78703703704e-07
ITEMS
59 54 60
68 71 45
22 39 27
60 57 58
46 54 68
59 71 55
32 29 39
54 55 57
53 46 55
19 39 30
24 25 25
37 39 20
57 64 45
52 64 56
37 32 25
36 33 33
18 26 36
63 72 65
39 24 18
45 44 72
62 64 61
19 34 24
42 26 37
66 45 63
22 41 25
33 30 35
65 67 45
47 58 70
25 41 25
63 62 51
43 56 61
72 50 64
28 35 34
64 48 66
64 44 52
54 42 45
18 33 38
63 72 72
61 56 69
53 52 60
23 32 39
56 60 52
57 48 72
36 20 18
57 56 72
27 29 19
64 68 55
48 42 50
60 54 45
54 56 60
70 57 44
24 25 18
49 46 58
20 23 20
71 70 55
