# MHKP instance for submodel V0 of Deplano et al. (2019)
# BINS:  length width height priority
# ITEMS: length width height
# beta (gcd of item sides) = 1
BINS
120 120 120 5.78703703704e-07
ITEMS
37 28 24
53 53 57
39 42 30
49 44 59
46 64 46
66 48 72
66 57 53
70 58 55
42 38 42
57 58 44
24 30 27
49 70 65
63 55 61
29 25 30
33 31 29
48 50 43
21 29 37
59 53 54
23 30 40
53 43 51
71 61 50
36 30 37
53 47 56
24 30 33
60 71 66
29 35 34
61 47 53
33 28 22
63 53 71
71 72 42
68 70 60
60 71 48
61 71 69
33 34 42
27 27 32
36 20 37
29 38 31
44 61 45
64 45 46
67 70 50
23 18 30
65 70 61
30 33 21
54 65 43
63 67 67
23 19 34
43 72 56
67 42 66
53 63 48
50 50 58
69 51 43
54 43 59
70 52 66
25 40 25
49 71 56
