# MHKP instance for submodel V0 of Deplano et al. (2019)
# BINS:  length width height priority
# ITEMS: length width height
# beta (gcd of item sides) = 1
BINS
120 120 120 5.78703703704e-07
ITEMS
71 47 60
67 45 44
44 52 67
24 36 34
45 54 50
45 56 57
38 21 41
50 67 56
61 56 71
49 58 44
42 67 63
46 49 48
52 68 71
64 60 51
35 28 31
48 53 71
63 72 68
63 55 60
25 26 31
47 59 50
66 52 69
66 65 59
51 46 70
35 26 41
58 46 47
62 62 63
71 44 55
72 66 54
24 20 23
60 66 70
33 20 26
33 31 24
64 67 64
69 55 53
44 69 68
61 45 65
42 56 49
59 43 69
46 42 50
69 62 45
54 60 67
63 65 43
55 44 58
32 20 22
63 67 70
46 46 60
71 45 50
67 67 50
51 66 45
44 44 42
56 58 57
55 43 53
72 53 46
38 41 32
23 27 25
