# MHKP instance for submodel V0 of Deplano et al. (2019)
# BINS:  length width height priority
# ITEMS: length width height
# beta (gcd of item sides) = 1
BINS
120 120 120 5.78703703704e-07
ITEMS
56 61 55
56 58 43
68 48 64
42 63 45
29 32 30
42 69 55
62 64 64
52 67 64
59 47 50
70 69 52
71 43 52
68 55 66
54 47 61
35 26 24
52 64 61
64 43 46
50 62 55
58 47 53
61 67 69
46 57 43
63 46 53
45 70 69
36 28 40
69 62 65
57 59 71
70 68 47
47 54 48
67 45 54
66 58 65
42 54 45
69 59 67
20 24 25
39 42 34
56 56 59
49 47 70
47 53 50
71 58 69
65 57 67
48 66 67
49 46 48
64 50 62
45 59 46
51 49 68
55 45 50
54 60 54
55 63 50
47 42 64
70 69 51
47 58 45
36 25 20
51 52 49
44 61 68
63 69 50
41 33 20
67 63 59
