# MHKP instance for submodel V0 of Deplano et al. (2019)
# BINS:  length width height priority
# ITEMS: length width height
# beta (gcd of item sides) = 1
BINS
120 120 120 5.78703703704e-07
ITEMS
30 36 38
38 39 29
26 42 40
63 61 62
52 67 61
29 40 36
42 69 48
59 53 70
49 71 50
60 44 42
40 35 25
19 27 42
25 29 21
72 57 67
44 70 50
32 35 22
60 60 46
30 40 23
46 47 70
51 69 71
66 67 56
66 47 42
71 63 55
64 54 63
42 45 42
34 21 27
58 55 67
28 23 31
39 40 24
63 69 56
49 68 56
55 67 42
21 24 42
68 60 71
66 48 52
25 40 41
58 47 42
47 53 66
34 35 28
44 66 68
32 25 32
49 48 69
72 45 63
19 38 29
56 54 63
52 50 53
25 37 32
32 32 20
51 45 46
72 69 65
59 42 70
42 59 49
34 33 36
21 31 36
58 69 52
