# MHKP instance for submodel V0 of Deplano et al. (2019)
# BINS:  length width height priority
# ITEMS: length width height
# beta (gcd of item sides) = 1
BINS
120 120 120 5.78703703704e-07
ITEMS
66 56 60
33 26 22
55 69 52
37 20 40
27 21 37
45 65 72
23 31 24
60 68 69
46 67 66
37 31 38
36 38 30
29 18 20
66 69 56
21 24 21
58 45 65
49 45 52
25 37 34
20 28 34
18 27 19
53 42 51
44 55 53
39 25 30
61 50 60
44 71 70
71 44 44
38 30 21
34 18 34
71 54 63
70 45 47
23 31 18
46 58 71
49 70 55
61 64 66
56 65 65
71 72 67
42 64 66
55 49 47
64 58 72
49 59 42
60 62 63
25 24 40
50 64 49
50 61 56
42 22 18
30 19 41
38 22 42
62 56 60
48 57 47
33 33 39
21 39 38
59 68 55
58 68 60
43 56 44
62 53 57
52 61 46
