# MHKP instance for submodel V0 of Deplano et al. (2019)
# BINS:  length width height priority
# ITEMS: length width height
# beta (gcd of item sides) = 1
BINS
120 120 120 5.78703703704e-07
ITEMS
54 68 67
70 53 56
33 34 36
56 60 54
50 67 72
22 18 37
20 40 28
47 48 56
51 43 58
30 26 37
61 49 63
36 29 30
71 50 53
68 54 43
70 55 50
30 32 26
26 20 40
57 52 46
29 40 36
38 19 20
59 67 70
36 32 36
68 69 57
27 33 27
65 69 50
42 28 21
28 35 20
71 69 49
69 70 45
63 42 65
43 61 59
69 68 56
54 68 51
48 62 42
35 42 19
43 59 52
49 50 56
45 64 53
29 36 27
35 39 25
60 49 42
42 55 56
41 33 20
67 52 44
65 65 56
47 57 48
62 66 68
31 21 24
70 47 72
63 59 55
55 72 45
66 51 63
54 53 60
32 20 41
68 68 70
