# MHKP instance for submodel V0 of Deplano et al. (2019)
# BINS:  length width height priority
# ITEMS: length width height
# beta (gcd of item sides) = 1
BINS
120 120 120 5.78703703704e-07
ITEMS
62 60 56
43 42 62
55 57 62
51 65 50
43 42 57
53 50 65
54 70 62
24 33 33
63 55 67
55 48 50
26 32 29
44 64 69
37 38 28
28 28 40
57 60 43
18 22 20
64 53 48
20 23 40
62 48 70
54 60 47
57 43 50
45 44 54
66 68 68
62 58 51
28 35 33
52 57 66
48 52 42
64 44 65
56 48 57
53 52 52
57 66 64
54 42 70
63 56 47
69 57 59
25 26 34
33 32 28
39 41 41
72 48 58
31 23 30
52 42 58
48 50 67
54 72 56
60 63 55
45 47 52
51 71 62
71 69 48
32 42 26
21 42 30
25 30 29
43 61 47
59 61 60
44 53 52
54 68 54
39 26 20
53 42 49
