# MHKP instance for submodel V0 of Deplano et al. (2019)
# BINS:  length width height priority
# ITEMS: length width height
# beta (gcd of item sides) = 1
BINS
120 120 120 5.78703703704e-07
ITEMS
40 22 35
23 31 38
72 45 52
23 23 21
53 61 56
51 68 62
57 48 42
53 72 62
42 42 51
21 26 19
71 46 62
44 71 63
43 45 53
49 46 67
60 68 46
50 44 42
32 30 25
45 49 45
21 27 21
57 54 64
25 36 27
63 58 54
52 65 48
62 43 45
18 34 28
37 42 33
36 22 34
39 20 21
52 58 72
42 24 37
30 28 19
71 60 71
68 72 71
20 27 23
42 70 46
25 35 19
56 47 57
51 58 43
72 63 47
58 71 62
46 69 58
69 57 66
52 51 47
58 68 64
38 32 28
29 31 24
71 52 66
41 39 31
66 45 47
34 39 35
70 70 71
53 45 55
63 49 50
65 55 64
65 50 70
