# MHKP instance for submodel V0 of Deplano et al. (2019)
# BINS:  length width height priority
# ITEMS: length width height
# beta (gcd of item sides) = 1
BINS
120 120 120 5.78703703704e-07
144 120 120 4.8225308642e-07
168 144 120 3.444664903e-07
192 168 144 2.15291556437e-07
240 192 168 1.29174933862e-07
ITEMS
114 109 78
94 78 60
127 87 66
92 78 92
144 113 91
41 49 47
129 84 90
117 93 94
142 67 93
59 50 30
124 105 71
117 70 58
100 89 100
109 106 77
142 102 65
75 35 46
116 112 84
128 93 61
125 113 63
97 109 79
67 35 38
38 63 55
39 35 28
85 76 94
73 55 39
65 35 36
113 115 60
137 99 85
124 107 90
95 115 60
114 105 61
106 94 94
81 44 36
36 51 31
127 78 99
45 29 44
93 82 68
96 93 90
111 104 92
137 109 88
39 33 58
122 87 87
81 37 43
110 72 69
75 60 46
142 89 75
98 67 81
97 113 89
61 59 48
75 52 55
121 68 63
106 68 59
89 103 97
96 73 79
129 93 62
110 77 97
116 79 98
135 78 65
92 69 92
140 95 92
63 63 26
144 78 60
116 104 64
89 84 80
53 57 51
138 107 60
143 70 58
99 83 67
87 112 87
121 84 77
61 65 35
86 97 98
66 59 56
136 70 85
86 81 98
130 105 58
90 88 85
129 68 97
126 97 82
140 90 80
136 115 95
84 98 63
86 73 61
54 40 40
103 67 98
108 112 84
93 110 64
124 106 69
45 43 49
102 112 98
108 71 65
108 91 89
104 100 91
64 48 41
121 76 64
95 91 94
115 105 74
143 115 94
106 81 75
140 102 79
