# MHKP instance for submodel V0 of Deplano et al. (2019)
# BINS:  length width height priority
# ITEMS: length width height
# beta (gcd of item sides) = 1
BINS
120 120 120 5.78703703704e-07
144 120 120 4.8225308642e-07
168 144 120 3.444664903e-07
192 168 144 2.15291556437e-07
240 192 168 1.29174933862e-07
ITEMS
100 80 82
40 44 26
140 94 94
126 81 80
101 90 79
79 54 28
65 57 43
42 45 57
103 97 90
106 74 64
110 92 99
109 70 64
103 71 76
92 91 83
116 84 58
97 89 91
86 76 62
65 60 52
116 108 92
96 82 59
91 86 84
103 114 78
87 95 71
100 95 64
129 69 94
98 86 60
126 114 82
124 111 87
63 36 50
56 48 41
109 110 87
109 73 74
101 114 67
56 42 42
121 88 87
92 93 62
123 109 71
52 28 37
87 112 71
79 44 46
120 78 69
114 102 86
143 80 70
121 91 98
39 52 52
127 101 90
128 94 81
94 72 81
119 70 67
107 77 81
111 99 64
133 84 62
119 99 58
40 63 57
69 62 35
71 36 33
90 104 76
89 76 85
73 53 27
43 46 29
139 95 71
128 72 98
132 77 77
95 87 100
105 79 63
106 76 65
122 80 60
142 76 84
100 100 58
129 78 63
103 96 76
48 63 57
107 68 75
139 70 88
115 101 73
54 28 36
55 45 26
39 59 31
106 104 61
104 96 95
102 103 62
40 50 56
53 45 40
69 48 44
140 111 67
129 104 82
80 39 52
103 73 81
100 75 73
94 95 84
125 115 91
143 72 64
49 31 31
75 66 33
138 106 67
91 109 77
106 76 88
133 70 65
112 102 99
81 45 46
