# MHKP instance for submodel V0 of Deplano et al. (2019)
# BINS:  length width height priority
# ITEMS: length width height
# beta (gcd of item sides) = 1
BINS
120 120 120 5.78703703704e-07
144 120 120 4.8225308642e-07
168 144 120 3.444664903e-07
192 168 144 2.15291556437e-07
240 192 168 1.29174933862e-07
ITEMS
122 94 68
67 67 40
131 99 59
129 93 89
87 104 75
131 97 89
70 30 46
102 104 61
123 87 66
133 96 62
111 104 69
123 71 86
45 61 51
127 69 95
84 72 95
73 38 27
87 99 58
99 99 91
127 105 74
142 74 80
107 83 59
91 82 93
142 100 77
78 31 51
115 111 92
138 72 75
109 70 76
65 39 51
84 52 38
72 44 42
107 113 71
143 101 73
124 89 61
91 109 66
103 102 73
117 99 67
126 71 59
53 41 28
127 94 69
67 32 58
66 28 56
130 112 82
109 79 60
139 101 87
123 113 69
120 106 60
127 91 90
94 92 96
127 105 68
73 41 37
96 111 77
80 59 25
48 40 30
50 51 54
84 74 65
137 94 89
96 85 96
93 92 58
69 56 32
128 72 68
132 88 64
104 84 79
97 97 91
55 40 42
141 102 60
81 43 49
128 101 63
143 75 65
113 75 66
134 100 75
86 109 70
126 108 69
114 77 68
109 75 74
142 95 100
70 35 51
71 30 53
48 47 27
135 80 73
52 50 25
38 37 37
117 83 62
36 55 52
100 79 73
74 66 46
96 88 67
126 113 85
79 31 34
94 102 88
144 70 63
119 98 84
110 79 71
87 69 72
79 40 51
121 85 83
143 92 65
129 110 94
85 68 66
133 103 79
128 91 92
