# MHKP instance for submodel V0 of Deplano et al. (2019)
# BINS:  length width height priority
# ITEMS: length width height
# beta (gcd of item sides) = 1
BINS
120 120 120 5.78703703704e-07
144 120 120 4.8225308642e-07
168 144 120 3.444664903e-07
192 168 144 2.15291556437e-07
240 192 168 1.29174933862e-07
ITEMS
68 56 41
40 63 54
101 68 70
73 34 58
54 58 29
116 113 86
108 113 65
72 67 32
102 83 81
43 51 44
106 105 71
67 28 44
115 86 69
59 35 56
40 53 56
85 97 75
80 28 44
121 80 78
129 112 85
65 64 27
135 72 80
68 28 44
87 113 63
128 76 84
86 84 82
93 106 64
124 68 62
135 100 68
57 63 49
111 109 77
59 42 49
76 49 26
138 76 94
62 62 39
118 86 58
102 89 80
59 43 55
75 36 34
115 68 67
37 38 55
88 77 62
124 107 92
102 77 99
128 95 82
58 35 41
48 49 35
81 36 56
45 45 42
68 38 35
121 114 90
125 91 100
114 107 61
92 89 79
95 107 97
110 73 91
119 109 92
124 101 63
139 70 89
65 43 29
140 94 89
116 96 76
129 96 87
55 49 39
95 112 74
141 67 72
135 83 89
45 56 52
79 56 28
104 76 66
117 110 60
96 107 61
47 58 42
85 83 62
60 51 39
78 55 38
117 76 58
144 115 98
77 29 57
36 65 45
135 100 82
121 112 69
128 103 75
62 40 39
100 71 98
113 70 79
112 77 85
141 87 71
133 108 94
142 114 90
89 79 61
90 103 87
106 68 100
129 103 62
143 77 99
87 72 93
108 69 82
121 110 69
90 67 64
54 40 36
37 34 48
