# MHKP instance for submodel V0 of Deplano et al. (2019)
# BINS:  length width height priority
# ITEMS: length width height
# beta (gcd of item sides) = 1
BINS
120 120 120 5.78703703704e-07
144 120 120 4.8225308642e-07
168 144 120 3.444664903e-07
192 168 144 2.15291556437e-07
240 192 168 1.29174933862e-07
ITEMS
62 47 50
96 71 69
141 85 63
36 48 30
93 67 96
43 52 44
113 99 58
131 106 100
98 71 63
144 105 71
120 114 82
53 66 32
101 86 78
109 115 95
97 73 79
108 89 62
124 71 64
84 63 56
107 93 82
135 68 91
54 28 42
64 67 41
128 95 82
46 38 40
67 55 36
99 93 61
101 67 93
102 104 91
52 60 28
116 94 93
99 85 87
71 53 50
45 43 47
66 65 44
76 62 34
118 91 79
55 59 55
96 86 79
108 84 82
112 108 80
137 71 86
102 88 72
138 77 59
87 98 59
119 71 82
101 81 95
112 86 69
140 93 89
113 106 99
120 74 98
112 79 70
85 81 64
95 78 100
91 86 61
108 115 89
112 90 72
91 108 100
102 114 97
115 99 73
89 107 74
54 54 48
115 96 67
40 55 53
86 73 59
38 59 41
46 67 55
126 114 74
133 73 83
45 53 42
129 88 72
103 68 78
39 61 51
90 86 68
84 68 100
116 102 89
99 98 97
99 106 85
122 96 88
80 60 57
110 81 98
134 85 85
113 73 64
142 80 87
99 105 75
39 67 38
42 63 34
128 100 92
142 76 75
36 61 42
133 82 81
115 114 71
75 44 28
140 90 91
80 38 38
99 89 69
126 74 74
133 82 75
77 38 38
61 48 32
136 83 81
