142 587 233 220
108 30 76
108 30 76
108 30 76
108 30 76
108 30 76
108 30 76
108 30 76
110 25 43
110 25 43
110 25 43
110 25 43
92 55 81
92 55 81
92 55 81
92 55 81
92 55 81
81 28 33
81 28 33
81 28 33
81 28 33
81 28 33
120 73 99
120 73 99
111 48 70
111 48 70
111 48 70
111 48 70
98 46 72
98 46 72
98 46 72
98 46 72
98 46 72
95 31 66
95 31 66
95 31 66
95 31 66
95 31 66
85 30 84
85 30 84
85 30 84
85 30 84
85 30 84
71 25 32
71 25 32
71 25 32
71 25 32
71 25 32
71 25 32
71 25 32
36 25 34
36 25 34
36 25 34
36 25 34
36 25 34
36 25 34
36 25 34
36 25 34
97 62 67
97 62 67
97 62 67
97 62 67
97 62 67
97 62 67
33 23 25
33 23 25
33 23 25
33 23 25
95 26 27
95 26 27
95 26 27
95 26 27
94 44 81
94 44 81
94 44 81
94 44 81
41 38 39
41 38 39
41 38 39
104 65 74
104 65 74
104 65 74
104 65 74
104 65 74
52 36 41
52 36 41
52 36 41
52 36 41
104 34 78
104 34 78
104 34 78
83 46 77
83 46 77
83 46 77
74 30 56
74 30 56
74 30 56
74 30 56
74 30 56
74 30 56
95 63 80
95 63 80
95 63 80
95 63 80
95 63 80
56 33 35
56 33 35
56 33 35
56 33 35
56 33 35
56 33 35
96 49 95
96 49 95
96 49 95
88 30 68
88 30 68
88 30 68
80 29 65
80 29 65
80 29 65
60 41 55
60 41 55
60 41 55
60 41 55
60 41 55
113 20 56
113 20 56
113 20 56
113 20 56
113 20 56
113 20 56
113 20 56
113 20 56
93 31 31
93 31 31
93 31 31
87 26 83
87 26 83
87 26 83
87 26 83
87 26 83
87 26 83
87 26 83
