151 587 233 220
68 31 66
68 31 66
68 31 66
68 31 66
68 31 66
68 31 66
68 31 66
120 26 34
120 26 34
120 26 34
120 26 34
95 60 76
95 60 76
61 34 47
53 36 45
53 36 45
53 36 45
53 36 45
80 42 52
80 42 52
80 42 52
80 42 52
80 42 52
80 42 52
109 28 63
109 28 63
109 28 63
109 28 63
109 28 63
109 28 63
74 35 64
74 35 64
74 35 64
74 35 64
53 36 40
53 36 40
53 36 40
53 36 40
53 36 40
102 59 96
102 59 96
102 59 96
102 59 96
64 47 60
64 47 60
64 47 60
64 47 60
64 47 60
64 47 60
64 47 60
99 32 90
99 32 90
99 32 90
76 43 50
76 43 50
90 25 75
90 25 75
90 25 75
90 25 75
90 25 75
94 37 65
94 37 65
94 37 65
94 37 65
94 37 65
94 37 65
117 28 34
117 28 34
117 28 34
117 28 34
117 28 34
117 28 34
117 28 34
117 28 34
117 28 34
39 24 28
39 24 28
39 24 28
39 24 28
39 24 28
39 24 28
39 24 28
39 24 28
39 24 28
92 42 60
92 42 60
92 42 60
92 42 60
92 42 60
102 49 78
102 49 78
102 49 78
82 46 69
82 46 69
82 46 69
82 46 69
82 46 69
82 46 69
88 53 78
88 53 78
88 53 78
45 20 43
45 20 43
45 20 43
45 20 43
45 20 43
45 20 43
113 57 62
113 57 62
113 57 62
113 57 62
113 57 62
113 38 98
113 38 98
58 32 55
58 32 55
58 32 55
58 32 55
42 21 34
42 21 34
42 21 34
42 21 34
42 21 34
42 21 34
107 33 34
107 33 34
107 33 34
107 33 34
107 33 34
107 33 34
84 49 78
84 49 78
84 49 78
84 49 78
84 49 78
84 49 78
84 49 78
84 49 78
84 49 78
93 23 60
93 23 60
93 23 60
93 23 60
115 40 78
115 40 78
115 40 78
115 40 78
115 40 78
115 40 78
115 40 78
115 40 78
