163 587 233 220
52 25 36
52 25 36
52 25 36
52 25 36
52 25 36
52 25 36
52 25 36
63 21 37
63 21 37
63 21 37
63 21 37
63 21 37
63 21 37
63 21 37
100 36 61
100 36 61
100 36 61
100 36 61
100 36 61
100 36 61
79 36 52
79 36 52
79 36 52
79 36 52
79 36 52
79 36 52
79 36 52
79 36 52
99 36 63
99 36 63
99 36 63
99 36 63
99 36 63
97 30 49
97 30 49
97 30 49
90 55 69
90 55 69
90 55 69
90 55 69
90 55 69
90 55 69
90 55 69
90 55 69
90 55 69
90 55 69
91 28 33
91 28 33
91 28 33
91 28 33
111 41 76
111 41 76
111 41 76
111 41 76
111 41 76
95 35 44
95 35 44
95 35 44
95 35 44
95 35 44
95 35 44
74 29 47
74 29 47
74 29 47
74 29 47
74 29 47
100 20 48
100 20 48
100 20 48
100 20 48
100 20 48
75 30 38
75 30 38
75 30 38
75 30 38
86 44 68
86 44 68
86 44 68
86 44 68
86 44 68
72 33 52
72 33 52
72 33 52
72 33 52
112 25 52
112 25 52
112 25 52
112 25 52
112 25 52
109 40 48
109 40 48
109 40 48
83 42 74
83 42 74
83 42 74
83 42 74
101 40 93
101 40 93
76 31 66
76 31 66
76 31 66
76 31 66
76 31 66
76 31 66
107 25 71
107 25 71
57 40 40
57 40 40
57 40 40
57 40 40
57 40 40
64 24 49
64 24 49
64 24 49
64 24 49
118 48 75
118 48 75
118 48 75
118 48 75
118 48 75
118 48 75
118 48 75
99 33 61
99 33 61
99 33 61
99 33 61
99 33 61
99 33 61
100 30 59
100 30 59
100 30 59
100 30 59
100 30 59
100 30 59
100 30 59
100 30 59
92 31 77
92 31 77
92 31 77
92 31 77
92 31 77
92 31 77
92 31 77
92 31 77
92 31 77
92 31 77
77 72 75
77 72 75
77 72 75
77 72 75
61 32 44
61 32 44
61 32 44
61 32 44
61 32 44
61 32 44
65 25 55
65 25 55
65 25 55
65 25 55
65 25 55
65 25 55
65 25 55
