113 587 233 220
100 37 44
100 37 44
100 37 44
100 37 44
100 37 44
100 37 44
100 37 44
90 55 78
90 55 78
65 42 57
65 42 57
65 42 57
85 41 58
85 41 58
85 41 58
81 50 69
81 50 69
81 50 69
81 50 69
84 51 78
84 51 78
84 51 78
84 51 78
84 51 78
84 51 78
84 51 78
109 73 73
109 73 73
109 73 73
109 73 73
109 73 73
73 52 58
73 52 58
73 52 58
73 52 58
73 40 49
73 40 49
120 39 60
111 68 80
111 68 80
111 68 80
111 68 80
111 68 80
71 53 70
71 53 70
71 53 70
71 59 70
71 59 70
71 59 70
93 33 78
93 33 78
93 33 78
83 43 71
83 43 71
83 43 71
83 43 71
83 43 71
49 23 48
49 23 48
49 23 48
94 44 49
94 44 49
94 44 49
66 27 30
66 27 30
66 27 30
66 27 30
66 27 30
77 40 54
77 40 54
77 40 54
77 40 54
77 40 54
77 40 54
79 61 73
79 61 73
79 61 73
79 61 73
120 50 58
120 50 58
120 50 58
120 50 58
36 33 35
36 33 35
36 33 35
36 33 35
36 33 35
67 42 65
67 42 65
67 42 65
67 42 65
91 31 80
91 31 80
75 40 49
75 40 49
75 40 49
112 43 64
112 43 64
112 43 64
112 43 64
112 43 64
112 43 64
82 56 70
82 56 70
82 56 70
99 55 88
99 55 88
59 26 53
59 26 53
93 59 90
93 59 90
93 59 90
93 59 90
