112 587 233 220
72 35 49
72 35 49
72 35 49
72 35 49
75 47 66
75 47 66
75 47 66
75 47 66
78 22 30
78 22 30
78 22 30
119 79 79
119 79 79
119 79 79
119 79 79
119 79 79
119 79 79
76 62 65
76 62 65
76 62 65
119 65 81
119 65 81
119 65 81
119 65 81
119 65 81
119 65 81
91 36 77
91 36 77
91 36 77
91 36 77
91 36 77
113 27 89
113 27 89
113 27 89
113 27 89
113 27 89
98 44 59
98 44 59
98 44 59
76 43 55
76 43 55
76 43 55
76 43 55
76 43 55
58 31 51
58 31 51
58 31 51
58 31 51
94 25 40
94 25 40
94 25 40
94 25 40
89 43 66
89 43 66
119 50 55
119 50 55
119 50 55
119 50 55
70 34 43
76 56 71
76 56 71
76 56 71
76 56 71
80 40 58
80 40 58
80 40 58
80 40 58
80 40 58
80 40 58
79 46 57
79 46 57
79 46 57
79 46 57
70 61 68
70 61 68
70 61 68
70 61 68
93 39 46
93 39 46
93 39 46
76 42 45
76 42 45
105 26 32
105 26 32
105 26 32
105 26 32
85 60 67
85 60 67
85 60 67
85 60 67
58 23 35
58 23 35
58 23 35
58 23 35
80 52 65
80 52 65
80 52 65
104 62 69
104 62 69
104 62 69
72 34 48
72 34 48
34 27 32
34 27 32
34 27 32
74 51 73
74 51 73
74 51 73
74 51 73
74 51 73
120 64 80
120 64 80
