133 587 233 220
49 21 25
49 21 25
49 21 25
49 21 25
49 21 25
49 21 25
49 21 25
60 41 51
60 41 51
60 41 51
60 41 51
60 41 51
60 41 51
103 64 76
103 64 76
103 64 76
103 64 76
95 62 70
95 62 70
95 62 70
95 62 70
95 62 70
111 26 49
111 26 49
111 26 49
85 72 84
85 72 84
85 72 84
85 72 84
48 31 36
86 38 76
86 38 76
86 38 76
86 38 76
86 38 76
86 38 76
86 38 76
71 47 48
71 47 48
71 47 48
71 47 48
90 33 43
90 33 43
90 33 43
90 33 43
90 33 43
98 44 52
98 44 52
98 44 52
73 23 37
73 23 37
73 23 37
73 23 37
73 23 37
73 23 37
61 39 48
61 39 48
61 39 48
75 63 75
75 63 75
75 63 75
75 63 75
75 63 75
75 63 75
74 40 42
74 40 42
74 40 42
74 40 42
74 40 42
98 26 88
98 26 88
97 41 69
97 41 69
97 41 69
97 41 69
97 41 69
89 46 77
89 46 77
89 46 77
89 46 77
89 46 77
73 55 64
73 55 64
73 55 64
73 55 64
73 55 64
73 55 64
84 66 69
84 66 69
38 29 37
38 29 37
38 29 37
38 29 37
61 39 47
61 39 47
57 42 44
57 42 44
57 42 44
57 42 44
98 20 79
98 20 79
83 57 76
83 57 76
83 57 76
83 57 76
83 57 76
83 57 76
83 57 76
83 57 76
83 57 76
75 36 62
75 36 62
75 36 62
75 36 62
60 45 55
60 45 55
60 45 55
60 45 55
60 45 55
60 45 55
60 45 55
60 45 55
79 40 64
79 40 64
79 40 64
79 40 64
79 40 64
103 44 76
103 44 76
103 44 76
103 44 76
96 59 82
96 59 82
