129 587 233 220
89 50 78
89 50 78
73 46 65
73 46 65
73 46 65
94 39 66
94 39 66
94 39 66
66 42 59
66 42 59
66 42 59
66 42 59
106 70 93
106 70 93
106 70 93
106 70 93
106 70 93
106 70 93
80 62 71
80 62 71
80 62 71
80 62 71
60 26 36
60 26 36
60 26 36
72 31 31
72 31 31
72 31 31
72 31 31
63 31 63
63 31 63
74 23 39
74 23 39
74 23 39
105 52 72
105 52 72
105 52 72
105 52 72
105 52 72
101 45 76
101 45 76
101 45 76
101 45 76
101 45 76
93 65 73
74 42 47
74 42 47
74 42 47
74 42 47
74 42 47
74 42 47
72 28 33
72 28 33
72 28 33
72 28 33
72 28 33
72 28 33
99 45 91
99 45 91
99 45 91
99 45 91
99 45 91
79 44 60
79 44 60
79 44 60
79 44 60
79 44 60
79 44 60
79 44 60
81 50 57
81 50 57
81 50 57
81 50 57
81 50 57
99 61 72
99 61 72
99 61 72
99 61 72
38 31 35
38 31 35
38 31 35
38 31 35
74 48 51
74 48 51
74 48 51
74 48 51
74 48 51
98 40 96
98 40 96
98 40 96
98 40 96
70 38 46
70 38 46
70 38 46
65 44 51
65 44 51
65 44 51
65 44 51
69 26 59
69 26 59
69 26 59
69 26 59
69 26 59
69 26 59
69 26 59
83 51 70
83 51 70
83 51 70
83 51 70
83 51 70
56 23 48
56 23 48
56 23 48
56 23 48
73 47 66
73 47 66
73 47 66
73 47 66
73 47 66
74 33 54
74 33 54
74 33 54
74 33 54
98 46 54
98 46 54
98 46 54
98 46 54
98 46 54
98 46 54
