130 587 233 220
75 35 54
75 35 54
75 35 54
75 35 54
75 35 54
75 35 54
107 49 60
107 49 60
107 49 60
107 49 60
107 49 60
107 49 60
70 42 67
70 42 67
70 42 67
78 44 71
78 44 71
78 44 71
78 44 71
78 44 71
78 44 71
78 27 61
78 27 61
78 27 61
78 27 61
78 27 61
78 48 73
78 48 73
78 48 73
78 48 73
78 48 73
78 48 73
78 48 73
109 32 87
109 32 87
91 25 87
91 25 87
91 25 87
91 25 87
67 47 51
67 47 51
67 47 51
67 47 51
67 60 63
67 60 63
67 60 63
67 60 63
115 34 59
115 34 59
115 34 59
115 34 59
115 34 59
115 34 59
102 34 35
102 34 35
102 34 35
102 34 35
117 48 54
117 48 54
117 48 54
117 48 54
70 40 61
70 40 61
70 40 61
70 40 61
70 40 61
64 59 63
64 59 63
64 59 63
95 63 87
95 63 87
95 63 87
95 63 87
113 23 92
113 23 92
113 23 92
113 23 92
113 23 92
113 23 92
113 23 92
113 32 49
113 32 49
113 32 49
99 63 75
99 63 75
56 46 55
56 46 55
56 46 55
56 46 55
94 55 69
94 55 69
94 55 69
110 60 93
110 60 93
110 60 93
110 60 93
110 60 93
73 65 72
73 65 72
73 65 72
73 65 72
73 65 72
77 41 50
77 41 50
77 41 50
77 41 50
77 41 50
55 34 37
55 34 37
55 34 37
55 34 37
71 28 60
71 28 60
71 28 60
71 28 60
71 28 60
71 28 60
99 21 33
89 37 72
89 37 72
89 37 72
63 31 58
63 31 58
63 31 58
63 31 58
63 31 58
63 31 58
48 23 38
48 23 38
48 23 38
