158 587 233 220
86 41 71
86 41 71
86 41 71
86 41 71
86 41 71
86 41 71
86 41 71
86 41 71
86 41 71
75 58 58
75 58 58
75 58 58
75 58 58
75 58 58
75 58 58
75 58 58
100 27 81
100 27 81
100 27 81
100 27 81
100 27 81
59 24 42
59 24 42
59 24 42
59 24 42
59 24 42
59 24 42
69 30 37
69 30 37
69 30 37
69 30 37
69 30 37
69 30 37
63 36 50
63 36 50
63 36 50
63 36 50
63 36 50
63 36 50
63 36 50
96 34 72
96 34 72
96 34 72
111 29 71
111 29 71
111 29 71
111 29 71
111 29 71
111 29 71
102 53 67
102 53 67
102 53 67
102 53 67
71 32 34
71 32 34
71 32 34
71 32 34
88 53 75
88 53 75
88 53 75
88 53 75
50 42 46
50 42 46
50 42 46
50 42 46
50 42 46
50 42 46
84 41 70
84 41 70
84 41 70
84 41 70
84 41 70
84 41 70
84 41 70
84 41 70
84 41 70
84 41 70
98 44 48
98 44 48
98 44 48
98 44 48
54 25 43
54 25 43
54 25 43
54 25 43
63 49 61
63 49 61
63 49 61
63 49 61
106 51 96
106 51 96
97 26 64
97 26 64
97 26 64
97 26 64
97 26 64
97 26 64
97 26 64
68 29 39
68 29 39
68 29 39
68 29 39
68 29 39
68 29 39
68 29 39
68 29 39
68 29 39
68 29 39
68 29 39
68 39 62
68 39 62
68 39 62
100 25 38
100 25 38
100 25 38
100 25 38
91 26 53
91 26 53
74 22 72
74 22 72
74 22 72
74 22 72
74 51 61
74 51 61
74 51 61
74 51 61
74 51 61
74 51 61
74 51 61
98 44 91
98 44 91
98 44 91
98 44 91
67 31 61
67 31 61
67 31 61
67 31 61
67 31 61
119 40 88
119 40 88
119 40 88
119 40 88
119 40 88
119 40 88
97 31 95
97 31 95
97 31 95
97 31 95
97 31 95
73 27 43
73 27 43
73 27 43
73 27 43
62 33 55
62 33 55
62 33 55
62 33 55
62 33 55
