136 587 233 220
118 47 66
118 47 66
118 47 66
118 47 66
99 25 56
99 25 56
99 25 56
91 48 83
91 48 83
104 40 66
104 40 66
104 40 66
104 40 66
104 40 66
104 40 66
104 40 66
75 33 60
75 33 60
75 33 60
75 33 60
75 33 60
75 33 60
75 33 60
113 60 78
113 60 78
113 60 78
113 60 78
36 29 36
36 29 36
36 29 36
36 29 36
56 40 48
56 40 48
56 40 48
56 40 48
56 40 48
56 40 48
56 40 48
67 22 40
67 22 40
67 22 40
92 64 78
92 64 78
92 64 78
92 64 78
73 31 61
73 31 61
73 31 61
73 31 61
73 31 61
73 31 61
72 58 66
72 58 66
56 26 44
56 26 44
56 26 44
56 26 44
56 26 44
56 26 44
56 26 44
56 26 44
56 26 44
93 34 65
113 50 63
113 50 63
113 50 63
113 50 63
113 50 63
35 31 34
35 31 34
35 31 34
35 31 34
35 31 34
35 31 34
100 80 99
100 80 99
100 80 99
100 80 99
105 20 69
105 20 69
105 20 69
105 20 69
105 20 69
77 38 60
77 38 60
77 38 60
77 38 60
77 38 60
77 38 60
77 38 60
98 30 69
98 30 69
98 30 69
98 30 69
107 20 56
107 20 56
107 20 56
107 20 56
107 20 56
107 20 56
89 54 88
83 31 73
83 31 73
83 31 73
83 31 73
83 31 73
83 31 73
53 44 46
53 44 46
53 44 46
53 44 46
87 34 53
87 34 53
87 34 53
87 34 53
87 34 53
87 34 53
79 33 63
114 60 77
114 60 77
114 60 77
114 60 77
114 60 77
114 60 77
114 60 77
114 60 77
61 29 51
61 29 51
61 29 51
61 29 51
61 29 51
83 56 73
83 56 73
76 27 28
76 27 28
76 27 28
