122 587 233 220
91 57 58
91 57 58
91 57 58
92 53 78
92 53 78
92 53 78
92 53 78
92 53 78
92 53 78
92 53 78
112 28 48
112 28 48
112 28 48
112 28 48
112 28 48
112 28 48
78 26 47
78 26 47
78 26 47
78 26 47
41 28 40
41 28 40
41 28 40
41 28 40
57 32 47
57 32 47
57 32 47
57 32 47
57 32 47
57 32 47
54 40 47
54 40 47
85 25 80
85 25 80
85 25 80
89 54 86
89 54 86
89 54 86
89 54 86
89 54 86
118 68 94
118 68 94
118 68 94
98 36 63
98 36 63
81 38 42
81 38 42
81 38 42
81 38 42
86 39 59
86 39 59
86 39 59
91 40 67
91 40 67
91 40 67
91 40 67
91 40 67
73 41 61
73 41 61
73 41 61
67 57 59
67 57 59
67 57 59
84 33 75
84 33 75
84 33 75
84 33 75
84 33 75
84 33 75
96 70 88
96 70 88
96 70 88
96 70 88
96 70 88
67 30 44
67 30 44
67 30 44
67 30 44
82 64 76
82 64 76
119 43 45
119 43 45
119 43 45
85 47 66
85 47 66
85 47 66
85 47 66
85 47 66
101 49 74
101 49 74
101 49 74
101 49 74
101 49 74
87 50 57
87 50 57
87 50 57
87 50 57
87 50 57
73 63 69
73 63 69
73 63 69
97 38 54
97 38 54
97 38 54
97 38 54
97 38 54
104 37 56
104 37 56
104 37 56
104 37 56
104 37 56
85 30 44
85 30 44
85 30 44
85 30 44
85 30 44
85 30 44
104 20 88
104 20 88
103 32 94
103 32 94
103 32 94
