143 587 233 220
100 31 33
100 31 33
100 31 33
100 31 33
100 31 33
84 42 68
84 42 68
84 42 68
84 42 68
95 31 84
95 31 84
95 31 84
95 31 84
95 31 84
95 31 84
57 30 39
57 30 39
57 30 39
57 30 39
57 30 39
57 30 39
57 30 39
76 60 71
76 60 71
76 60 71
76 60 71
76 60 71
71 46 68
109 26 51
109 26 51
109 26 51
109 45 54
109 45 54
109 45 54
109 45 54
84 29 55
84 29 55
84 29 55
84 29 55
84 29 55
84 29 55
84 29 55
104 20 66
104 20 66
104 20 66
104 20 66
104 20 66
104 20 66
119 39 76
119 39 76
119 39 76
119 39 76
119 39 76
75 43 74
75 43 74
75 43 74
84 26 36
84 26 36
84 26 36
84 26 36
84 26 36
84 26 36
84 26 36
77 32 45
77 32 45
77 32 45
77 32 45
75 42 57
75 42 57
75 42 57
75 42 57
51 42 50
51 42 50
51 42 50
51 42 50
51 42 50
51 42 50
51 42 50
63 41 59
63 41 59
63 41 59
63 41 59
63 41 59
63 41 59
71 34 70
71 34 70
71 34 70
74 66 71
74 66 71
74 66 71
38 30 31
38 30 31
38 30 31
38 30 31
80 60 67
80 60 67
80 60 67
80 60 67
80 60 67
93 27 73
93 27 73
93 27 73
93 27 73
93 27 73
93 27 73
78 44 63
78 44 63
78 44 63
68 63 64
68 63 64
116 69 70
116 69 70
116 69 70
116 69 70
116 69 70
120 53 77
120 53 77
120 53 77
120 53 77
120 53 77
120 53 77
75 32 67
75 32 67
75 32 67
75 32 67
75 32 67
75 32 67
90 28 67
90 28 67
90 28 67
90 28 67
90 28 67
90 28 67
90 28 67
73 36 57
73 36 57
73 36 57
95 47 62
95 47 62
95 47 62
95 47 62
95 47 62
95 47 62
