119 587 233 220
104 50 94
104 50 94
104 50 94
104 50 94
104 50 94
102 36 87
102 36 87
102 36 87
102 36 87
115 33 42
115 33 42
61 32 58
61 32 58
61 32 58
61 32 58
61 32 58
70 48 62
70 48 62
70 48 62
70 48 62
70 48 62
70 48 62
91 78 79
91 78 79
91 78 79
91 78 79
91 78 79
90 53 57
90 53 57
90 53 57
78 25 68
78 25 68
78 25 68
77 39 44
77 39 44
97 56 89
97 56 89
58 26 38
58 26 38
64 33 44
64 33 44
64 33 44
64 33 44
64 33 44
64 33 44
64 33 44
57 25 38
57 25 38
57 25 38
57 25 38
57 25 38
70 28 65
70 28 65
70 28 65
70 28 65
70 28 65
93 61 73
93 61 73
93 61 73
93 61 73
93 61 73
93 61 73
61 46 47
61 46 47
61 46 47
111 26 72
111 26 72
102 63 78
102 63 78
102 63 78
102 63 78
88 62 65
88 62 65
88 62 65
88 62 65
88 62 65
88 62 65
88 62 65
63 38 51
63 38 51
63 38 51
98 68 86
98 68 86
106 47 68
106 47 68
90 71 80
90 71 80
90 71 80
90 40 74
90 40 74
90 40 74
90 40 74
90 40 74
90 40 74
90 40 74
94 33 38
94 33 38
94 33 38
94 33 38
108 30 67
108 30 67
108 30 67
108 30 67
108 30 67
60 30 34
60 30 34
60 30 34
57 27 37
57 27 37
57 27 37
57 27 37
57 27 37
104 41 74
104 41 74
104 41 74
104 41 74
104 41 74
47 23 45
47 23 45
