116 587 233 220
85 62 77
85 62 77
94 32 63
94 32 63
94 32 63
94 32 63
94 32 63
83 45 75
83 45 75
83 45 75
95 54 95
95 54 95
95 54 95
76 30 76
76 30 76
113 44 66
113 44 66
113 44 66
108 61 71
108 61 71
108 61 71
118 37 62
118 37 62
118 37 62
118 37 62
118 37 62
93 48 58
93 48 58
60 29 32
60 29 32
97 59 75
97 59 75
105 35 56
105 35 56
105 35 56
105 35 56
105 35 56
67 53 58
67 53 58
67 53 58
67 53 58
67 53 58
96 37 51
96 37 51
96 37 51
96 37 51
96 37 51
96 37 51
96 37 51
96 37 51
96 37 51
96 37 51
96 37 51
91 32 52
91 32 52
91 32 52
91 32 52
73 32 70
73 32 70
73 32 70
73 32 70
96 22 80
96 22 80
96 22 80
96 22 80
94 66 82
94 66 82
94 66 82
95 73 76
95 73 76
95 73 76
95 73 76
64 23 29
64 23 29
64 23 29
64 23 29
64 23 29
64 23 29
64 23 29
64 23 29
99 32 85
99 32 85
99 32 85
85 40 64
85 40 64
85 40 64
85 40 64
85 40 64
108 29 81
108 29 81
108 29 81
77 44 56
77 44 56
77 44 56
110 78 86
110 78 86
110 78 86
110 78 86
110 78 86
100 35 86
88 50 69
88 50 69
88 50 69
88 50 69
88 50 69
88 50 69
81 53 67
81 53 67
81 53 67
56 33 38
56 33 38
73 28 36
73 28 36
73 28 36
73 28 36
73 28 36
