105 587 233 220
82 71 80
82 71 80
82 71 80
82 71 80
66 27 37
66 27 37
66 27 37
66 27 37
66 27 37
77 31 76
77 31 76
77 31 76
77 31 76
77 31 76
77 31 76
100 38 56
100 38 56
100 38 56
100 38 56
93 67 86
93 67 86
89 30 76
89 30 76
89 30 76
98 67 90
98 67 90
98 67 90
98 67 90
87 42 52
87 42 52
53 35 42
53 35 42
116 36 53
116 36 53
116 36 53
116 36 53
85 46 79
85 46 79
85 46 79
106 24 91
106 24 91
106 24 91
112 46 84
89 47 56
89 47 56
62 39 51
62 39 51
62 39 51
69 50 67
69 50 67
69 50 67
93 46 74
93 46 74
74 35 48
74 35 48
95 66 87
95 66 87
95 66 87
95 66 87
84 30 54
84 30 54
84 30 54
84 30 54
84 30 54
84 30 54
119 28 40
119 28 40
119 28 40
119 28 40
98 58 60
98 58 60
83 44 57
83 44 57
83 44 57
83 44 57
83 20 83
83 20 83
83 20 83
88 46 51
88 46 51
88 46 51
88 46 51
87 73 76
87 73 76
87 73 76
87 73 76
87 73 76
66 35 56
76 66 72
76 66 72
76 66 72
76 66 72
76 66 72
76 66 72
76 66 72
76 40 63
76 40 63
76 40 63
76 40 63
76 40 63
114 66 97
114 66 97
114 66 97
114 66 97
114 66 97
