139 587 233 220
63 31 55
63 31 55
63 31 55
63 31 55
63 31 55
63 31 55
120 23 43
120 23 43
97 57 72
97 57 72
77 42 76
77 42 76
77 42 76
77 42 76
77 42 76
93 20 74
93 20 74
65 43 63
65 43 63
65 43 63
65 43 63
108 40 71
108 40 71
108 40 71
108 40 71
108 40 71
108 40 71
108 40 71
79 21 36
79 21 36
79 21 36
79 21 36
79 21 36
79 21 36
79 21 36
79 21 36
79 21 36
68 26 62
68 26 62
68 26 62
68 26 62
68 26 62
68 26 62
68 26 62
68 40 50
68 40 50
68 40 50
68 40 50
68 40 50
68 40 50
68 40 50
68 40 50
68 40 50
68 40 50
79 31 42
79 31 42
79 31 42
79 31 42
79 31 42
79 31 42
76 38 56
76 38 56
76 38 56
76 38 56
80 51 79
80 51 79
80 51 79
115 29 69
115 29 69
115 29 69
115 29 69
115 29 69
113 30 50
113 30 50
113 30 50
96 22 90
96 22 90
60 26 41
60 26 41
60 26 41
60 26 41
60 26 41
118 36 93
118 36 93
118 36 93
118 36 93
118 36 93
80 33 72
80 33 72
80 33 72
80 33 72
80 33 72
98 76 96
98 76 96
98 76 96
91 40 65
91 40 65
91 40 65
76 54 54
76 54 54
76 54 54
76 54 54
84 61 75
84 61 75
84 61 75
84 61 75
87 25 50
87 25 50
104 24 27
104 24 27
104 24 27
104 24 27
104 24 27
104 24 27
104 24 27
104 24 27
104 24 27
104 24 27
94 78 79
94 78 79
94 78 79
94 78 79
94 78 79
94 78 79
116 34 44
116 34 44
116 34 44
116 34 44
96 45 91
96 45 91
96 45 91
84 40 55
84 40 55
87 50 71
87 50 71
87 50 71
87 50 71
87 50 71
87 50 71
