134 587 233 220
99 23 68
99 23 68
99 23 68
99 23 68
99 23 68
99 23 68
99 23 68
99 23 68
68 40 52
68 40 52
68 40 52
68 40 52
68 40 52
68 40 52
68 40 52
68 40 52
101 61 66
101 61 66
101 61 66
101 61 66
101 61 66
101 61 66
57 22 56
57 22 56
57 22 56
57 22 56
81 47 54
81 47 54
81 47 54
81 47 54
81 47 54
81 47 54
86 25 34
86 25 34
86 25 34
86 25 34
54 27 46
54 27 46
54 27 46
54 27 46
54 27 46
54 27 46
54 27 46
95 34 65
95 34 65
95 34 65
95 34 65
105 29 57
105 29 57
105 29 57
105 29 57
120 28 63
120 28 63
120 28 63
120 28 63
120 28 63
64 42 62
64 42 62
64 42 62
64 42 62
64 42 62
78 21 65
78 21 65
78 21 65
78 21 65
78 21 65
98 45 94
98 45 94
98 45 94
98 45 94
98 45 94
98 45 94
98 45 94
94 26 58
94 26 58
94 26 58
94 26 58
113 51 81
113 51 81
113 51 81
113 51 81
113 51 81
83 76 80
83 76 80
83 76 80
83 76 80
83 76 80
86 53 64
86 53 64
86 53 64
86 53 64
86 53 64
68 33 44
68 33 44
52 31 40
52 31 40
52 31 40
52 31 40
52 31 40
95 38 67
95 38 67
98 27 70
98 27 70
98 27 70
116 37 54
116 37 54
116 37 54
116 37 54
90 36 51
90 36 51
104 52 75
104 52 75
104 52 75
104 52 75
104 52 75
104 52 75
74 39 50
74 39 50
71 41 64
71 41 64
71 41 64
88 37 72
88 37 72
88 37 72
85 41 68
85 41 68
85 41 68
85 41 68
84 33 84
84 33 84
84 33 84
83 40 62
83 40 62
83 40 62
