110 587 233 220
85 40 73
85 40 73
85 40 73
73 54 62
90 41 63
90 41 63
90 41 63
75 24 61
75 24 61
75 24 61
75 24 61
75 24 61
57 44 53
57 44 53
57 44 53
57 44 53
93 45 70
93 45 70
93 45 70
73 33 36
73 33 36
95 75 80
95 75 80
93 78 89
93 78 89
93 78 89
93 78 89
93 78 89
93 78 89
113 65 87
113 65 87
113 65 87
113 65 87
113 65 87
72 30 46
72 30 46
100 70 78
100 70 78
100 70 78
100 70 78
53 34 47
53 34 47
53 34 47
87 46 54
87 46 54
52 37 41
52 37 41
52 37 41
52 37 41
52 37 41
52 37 41
52 37 41
79 33 76
79 33 76
79 33 76
79 33 76
77 65 77
77 65 77
77 65 77
77 65 77
65 27 59
54 31 42
54 31 42
54 31 42
54 31 42
87 44 45
87 44 45
87 44 45
87 44 45
87 44 45
87 44 45
118 35 89
118 35 89
74 31 38
74 31 38
74 31 38
74 31 38
74 31 38
92 64 77
92 64 77
92 64 77
109 52 78
109 52 78
109 52 78
109 52 78
109 52 78
109 52 78
108 38 79
108 38 79
108 38 79
108 38 79
120 48 54
120 48 54
120 48 54
120 48 54
57 34 56
57 34 56
57 34 56
57 34 56
58 32 40
58 32 40
58 32 40
58 32 40
114 69 71
114 69 71
114 69 71
100 33 39
100 33 39
100 33 39
100 33 39
