160 587 233 220
86 45 84
86 45 84
86 45 84
86 45 84
81 34 45
81 34 45
81 34 45
81 34 45
81 34 45
81 34 45
70 37 54
70 37 54
70 37 54
70 37 54
70 37 54
70 37 54
70 37 54
70 37 54
71 52 61
71 52 61
71 52 61
71 52 61
71 52 61
71 52 61
71 52 61
71 52 61
71 52 61
71 52 61
78 40 73
78 40 73
78 40 73
78 40 73
78 40 73
78 40 73
78 40 73
78 40 73
69 46 63
69 46 63
69 46 63
69 46 63
72 56 67
72 56 67
72 56 67
72 56 67
72 56 67
75 36 75
75 36 75
75 36 75
94 50 88
94 50 88
94 50 88
94 50 88
94 50 88
94 50 88
65 50 51
65 50 51
65 50 51
65 50 51
65 50 51
65 50 51
81 46 56
81 46 56
81 46 56
81 46 56
81 46 56
81 46 56
81 46 56
81 46 56
81 46 56
81 46 56
68 27 44
68 27 44
68 27 44
68 27 44
68 27 44
108 45 52
108 45 52
108 45 52
108 45 52
108 45 52
114 44 80
114 44 80
114 44 80
84 22 39
84 22 39
84 22 39
84 22 39
84 22 39
84 22 39
84 22 39
62 30 58
62 30 58
62 30 58
62 30 58
62 30 58
62 30 58
86 33 68
86 33 68
86 33 68
86 33 68
86 33 68
86 33 68
59 22 52
59 22 52
59 22 52
59 22 52
59 22 52
59 22 52
42 21 33
42 21 33
42 21 33
42 21 33
42 21 33
42 21 33
42 21 33
42 21 33
110 38 74
110 38 74
110 38 74
110 38 74
79 28 62
79 28 62
79 28 62
79 28 62
79 28 62
86 33 53
86 33 53
86 33 53
78 20 60
78 20 60
78 20 60
78 20 60
78 20 60
105 29 88
105 29 88
105 29 88
115 29 75
115 29 75
115 29 75
73 59 72
73 59 72
73 59 72
73 59 72
73 59 72
77 36 77
77 36 77
94 36 59
94 36 59
94 36 59
94 36 59
52 30 33
52 30 33
52 30 33
52 30 33
52 30 33
68 60 61
68 60 61
68 60 61
68 60 61
68 60 61
