101 587 233 220
109 64 68
84 55 58
84 55 58
84 55 58
84 55 58
96 24 83
96 24 83
96 24 83
96 24 83
74 37 67
74 37 67
107 70 73
107 70 73
80 54 73
80 54 73
72 33 41
84 74 79
84 74 79
84 74 79
84 74 79
40 20 37
40 20 37
40 20 37
40 20 37
40 20 37
40 20 37
40 20 37
74 42 73
74 42 73
74 42 73
74 42 73
74 42 73
55 33 48
55 33 48
55 33 48
109 70 74
109 70 74
109 70 74
109 70 74
107 39 44
107 39 44
107 39 44
99 47 51
99 47 51
99 47 51
80 38 62
80 38 62
80 38 62
80 38 62
80 38 62
46 37 43
46 37 43
46 37 43
46 37 43
46 37 43
46 37 43
94 36 69
94 36 69
94 36 69
98 48 64
98 48 64
98 48 64
98 48 64
99 70 91
99 70 91
99 70 91
99 70 91
113 52 76
62 24 52
62 24 52
99 61 86
99 61 86
99 61 86
99 61 86
113 40 95
113 40 95
113 40 95
117 60 88
117 60 88
117 60 88
67 36 48
67 36 48
67 36 48
103 58 91
103 58 91
88 37 51
88 37 51
88 37 51
88 37 51
106 59 63
106 59 63
106 59 63
98 61 64
98 61 64
98 61 64
98 61 64
98 61 64
98 61 64
98 61 64
88 48 80
88 48 80
