125 587 233 220
87 32 45
87 32 45
87 32 45
87 32 45
87 32 45
87 32 45
87 32 45
87 32 45
87 32 45
87 32 45
84 46 63
84 46 63
84 46 63
84 46 63
84 46 63
84 44 67
84 44 67
84 44 67
84 44 67
76 30 55
76 30 55
76 30 55
76 30 55
87 61 78
87 61 78
87 61 78
115 53 77
115 53 77
115 53 77
115 53 77
115 53 77
115 53 77
78 51 72
78 51 72
78 51 72
78 51 72
78 51 72
78 51 72
93 62 91
93 62 91
48 40 41
48 40 41
48 40 41
48 40 41
92 53 82
92 53 82
92 53 82
102 54 69
102 54 69
102 54 69
80 34 52
80 34 52
90 60 71
90 60 71
90 60 71
90 60 71
90 60 71
66 42 43
66 42 43
66 42 43
66 42 43
66 42 43
66 42 43
66 42 43
66 42 43
73 52 58
73 52 58
73 52 58
66 26 66
66 26 66
66 26 66
66 26 66
66 26 66
66 26 66
91 28 40
91 28 40
91 28 40
91 28 40
72 33 34
72 33 34
120 74 98
120 74 98
120 74 98
120 74 98
68 43 56
68 43 56
68 43 56
68 43 56
84 57 68
84 57 68
84 57 68
90 74 78
90 74 78
98 25 67
98 25 67
98 25 67
98 25 67
81 35 41
81 35 41
81 35 41
81 35 41
85 42 44
85 42 44
85 42 44
85 42 44
85 42 44
100 40 83
100 40 83
100 40 83
104 27 34
104 27 34
104 27 34
104 27 34
104 27 34
104 27 34
37 25 30
37 25 30
37 25 30
37 25 30
37 25 30
115 63 98
66 30 54
66 30 54
66 30 54
66 30 54
