110 587 233 220
118 51 79
118 51 79
118 51 79
118 51 79
118 51 79
86 31 32
86 31 32
86 31 32
64 52 58
64 52 58
64 52 58
64 52 58
64 52 58
42 32 42
42 32 42
42 32 42
64 43 55
64 43 55
64 43 55
84 35 70
84 35 70
84 35 70
76 36 57
76 36 57
76 36 57
95 55 60
95 55 60
95 55 60
95 55 60
95 55 60
80 52 66
80 52 66
80 52 66
80 52 66
80 52 66
109 23 73
109 23 73
109 23 73
72 54 65
72 54 65
72 54 65
72 54 65
98 44 55
98 44 55
98 44 55
88 31 61
88 31 61
94 66 82
94 66 82
94 66 82
94 66 82
94 66 82
94 66 82
78 64 77
78 64 77
77 30 32
91 61 61
91 61 61
91 61 61
91 61 61
91 61 61
101 77 100
101 77 100
103 59 63
103 59 63
103 59 63
103 59 63
103 59 63
117 57 61
117 57 61
71 34 69
71 34 69
60 30 51
60 30 51
60 30 51
60 30 51
87 29 60
87 29 60
107 62 72
107 62 72
107 62 72
107 62 72
107 62 72
93 64 77
93 64 77
93 64 77
93 64 77
93 64 77
55 44 44
55 44 44
55 44 44
66 31 36
66 31 36
66 31 36
66 31 36
94 26 79
94 26 79
94 26 79
94 26 79
76 46 63
76 46 63
76 46 63
76 46 63
76 46 63
76 46 63
76 46 63
76 46 63
74 40 56
74 40 56
74 40 56
