129 587 233 220
99 62 64
99 62 64
99 62 64
99 62 64
99 62 64
110 37 43
110 37 43
110 37 43
110 37 43
110 37 43
110 37 43
110 37 43
110 37 43
110 37 43
96 50 73
96 50 73
96 50 73
96 50 73
96 50 73
96 50 73
114 35 53
114 35 53
114 35 53
114 35 53
105 22 27
105 22 27
105 22 27
105 22 27
75 51 66
75 51 66
75 51 66
75 51 66
75 51 66
75 51 66
72 48 61
72 48 61
102 32 46
102 32 46
102 32 46
59 45 57
59 45 57
111 33 45
111 33 45
90 58 74
90 58 74
90 58 74
90 58 74
55 34 51
55 34 51
55 34 51
55 34 51
55 34 51
98 21 73
98 21 73
98 21 73
98 21 73
85 35 61
85 35 61
41 31 35
41 31 35
41 31 35
41 31 35
89 77 86
89 77 86
89 77 86
89 77 86
89 77 86
89 77 86
89 77 86
61 47 55
61 47 55
61 47 55
61 47 55
61 47 55
96 45 66
96 45 66
96 45 66
98 58 79
98 58 79
98 58 79
98 58 79
98 58 79
98 58 79
98 58 79
89 34 61
89 34 61
89 34 61
89 34 61
89 34 61
117 29 73
117 29 73
117 29 73
117 29 73
117 29 73
80 27 70
80 27 70
80 27 70
80 27 70
80 27 70
80 27 70
111 25 71
74 22 44
74 22 44
74 22 44
74 22 44
74 22 44
51 26 36
51 26 36
51 26 36
51 26 36
62 22 32
62 22 32
62 22 32
79 56 63
79 56 63
79 56 63
76 45 64
76 45 64
76 45 64
76 45 64
76 45 64
97 66 74
97 66 74
97 66 74
97 66 74
72 28 44
72 28 44
72 28 44
72 28 44
