140 587 233 220
90 37 73
90 37 73
90 37 73
102 33 95
102 33 95
102 33 95
117 30 38
117 30 38
117 30 38
75 57 73
75 57 73
86 34 36
86 34 36
86 34 36
86 34 36
86 34 36
86 34 36
101 62 81
101 62 81
101 62 81
101 62 81
101 62 81
90 65 66
90 65 66
90 65 66
76 51 69
76 51 69
76 51 69
76 51 69
65 30 30
65 30 30
65 30 30
65 30 30
65 30 30
61 37 46
61 37 46
61 37 46
61 37 46
61 37 46
61 37 46
61 37 46
61 37 46
61 37 46
96 45 52
96 45 52
96 45 52
96 45 52
96 45 52
96 45 52
96 45 52
112 27 57
112 27 57
112 27 57
112 27 57
103 54 93
103 54 93
103 54 93
103 54 93
110 68 84
110 68 84
110 68 84
110 68 84
92 27 30
92 27 30
92 27 30
92 27 30
92 27 30
116 33 48
116 33 48
116 33 48
116 33 48
116 33 48
116 33 48
70 40 43
70 40 43
70 40 43
70 40 43
70 40 43
70 40 43
70 40 43
70 40 43
87 54 64
87 54 64
87 54 64
88 32 82
88 32 82
102 45 76
102 45 76
102 45 76
102 45 76
102 45 76
102 45 76
102 45 76
60 39 55
60 39 55
60 39 55
60 39 55
76 20 48
76 20 48
76 20 48
76 20 48
76 20 48
38 26 29
38 26 29
38 26 29
38 26 29
48 26 41
48 26 41
48 26 41
48 26 41
48 26 41
79 30 52
79 30 52
79 30 52
79 30 52
53 27 51
53 27 51
53 27 51
53 27 51
69 34 41
69 34 41
69 34 41
69 34 41
79 55 69
79 55 69
79 55 69
79 55 69
79 55 69
94 30 36
94 30 36
94 30 36
94 30 36
94 30 36
94 30 36
93 71 77
93 71 77
93 71 77
93 71 77
93 71 77
93 71 77
