129 587 233 220
101 24 81
101 24 81
101 24 81
101 24 81
101 24 81
101 24 81
101 24 81
94 29 72
94 29 72
94 29 72
94 29 72
94 29 72
79 47 72
79 47 72
79 47 72
90 35 36
90 35 36
90 35 36
90 35 36
90 35 36
68 40 51
68 40 51
68 40 51
68 40 51
68 40 51
48 35 45
48 35 45
108 69 84
91 31 45
91 31 45
91 31 45
91 31 45
91 31 45
84 62 80
84 62 80
84 62 80
84 62 80
84 62 80
84 62 80
84 62 80
84 62 80
77 41 71
77 41 71
77 41 71
77 41 71
77 41 71
91 42 78
91 42 78
91 42 78
91 42 78
91 42 78
91 42 78
91 42 78
82 60 80
82 60 80
82 60 80
82 60 80
82 60 80
89 26 42
89 26 42
45 30 41
45 30 41
45 30 41
45 30 41
45 30 41
45 30 41
79 29 51
79 29 51
79 29 51
79 29 51
56 20 53
56 20 53
117 39 78
117 39 78
117 39 78
117 39 78
117 39 78
117 39 78
84 42 78
84 42 78
84 42 78
84 42 78
84 42 78
84 42 78
84 42 78
118 46 66
116 30 42
116 30 42
116 30 42
80 47 51
80 47 51
80 47 51
80 47 51
117 73 74
117 73 74
117 73 74
117 73 74
56 28 47
56 28 47
56 28 47
56 28 47
56 28 47
56 28 47
56 28 47
84 31 52
84 31 52
84 31 52
84 31 52
84 31 52
69 55 68
69 55 68
69 55 68
69 55 68
69 55 68
69 32 45
88 59 80
95 34 93
95 34 93
95 34 93
115 51 55
115 51 55
115 51 55
115 51 55
115 51 55
99 21 83
99 21 83
99 21 83
99 21 83
99 21 83
