173 587 233 220
64 46 48
64 46 48
64 46 48
64 46 48
64 46 48
64 46 48
64 46 48
79 22 25
79 22 25
89 33 85
89 33 85
89 33 85
89 33 85
89 33 85
89 33 85
79 34 66
79 34 66
79 34 66
79 34 66
79 34 66
79 34 66
79 34 66
79 34 66
79 34 66
79 31 54
79 31 54
79 31 54
79 31 54
79 31 54
79 31 54
79 31 54
79 31 54
79 31 54
79 31 54
115 22 95
115 22 95
115 22 95
115 22 95
115 22 95
115 22 95
76 44 54
76 44 54
76 44 54
76 44 54
76 44 54
76 44 54
76 44 54
76 44 54
80 29 44
80 29 44
80 29 44
80 29 44
80 29 44
66 26 33
66 26 33
66 26 33
66 26 33
66 26 33
66 26 33
50 32 32
50 32 32
50 32 32
50 32 32
50 32 32
50 32 32
50 32 32
50 32 32
116 21 93
116 21 93
116 21 93
116 21 93
116 21 93
113 50 64
113 50 64
113 50 64
113 50 64
113 50 64
101 31 80
101 31 80
101 31 80
101 31 80
101 31 80
101 31 80
96 46 76
96 46 76
96 46 76
61 26 61
61 26 61
61 26 61
61 26 61
61 26 61
108 23 26
108 23 26
108 23 26
108 23 26
108 23 26
108 23 26
108 23 26
108 23 26
108 23 26
108 23 26
108 23 26
108 23 26
96 31 88
96 31 88
96 31 88
96 31 88
96 31 88
80 47 61
80 47 61
80 47 61
80 47 61
80 47 61
87 35 74
87 35 74
87 35 74
87 35 74
87 35 74
61 50 51
61 50 51
61 50 51
61 50 51
61 50 51
61 50 51
97 70 77
97 70 77
97 70 77
97 70 77
74 61 65
74 61 65
74 61 65
74 61 65
92 23 30
92 23 30
92 23 30
92 23 30
92 23 30
94 40 59
94 40 59
94 40 59
94 40 59
100 27 84
100 27 84
100 27 84
100 27 84
120 31 42
120 31 42
120 31 42
120 31 42
120 31 42
120 31 42
120 31 42
120 31 42
120 31 42
45 36 40
45 36 40
45 36 40
45 36 40
53 50 50
53 50 50
53 50 50
53 50 50
53 50 50
53 50 50
53 50 50
53 50 50
53 50 50
53 50 50
81 45 64
81 45 64
63 31 62
63 31 62
63 31 62
