135 587 233 220
75 57 58
75 57 58
75 57 58
75 57 58
75 57 58
57 30 37
57 30 37
57 30 37
57 30 37
79 35 74
79 35 74
79 35 74
104 74 99
55 31 46
55 31 46
55 31 46
55 31 46
55 31 46
99 33 98
99 33 98
99 33 98
99 33 98
99 33 98
90 59 85
90 59 85
90 59 85
90 59 85
90 59 85
90 59 85
90 59 85
115 44 74
115 44 74
115 44 74
115 44 74
115 44 74
107 21 67
107 21 67
107 21 67
81 55 76
81 55 76
81 55 76
118 27 84
118 27 84
118 27 84
67 38 60
67 38 60
78 46 48
78 46 48
78 46 48
78 46 48
67 49 53
67 49 53
67 49 53
67 49 53
67 49 53
67 49 53
67 49 53
67 49 53
74 38 43
74 38 43
74 38 43
74 38 43
74 38 43
74 38 43
74 38 43
74 38 43
89 62 81
89 62 81
89 62 81
89 62 81
95 28 54
95 28 54
95 28 54
95 28 54
95 28 54
95 28 54
95 28 54
72 51 72
72 51 72
93 35 72
93 35 72
93 35 72
93 35 72
93 35 72
93 35 72
93 35 72
40 23 33
40 23 33
40 23 33
40 23 33
40 23 33
40 23 33
40 23 33
75 53 66
75 53 66
75 53 66
75 53 66
65 26 49
65 26 49
65 26 49
96 38 61
96 38 61
96 38 61
109 34 55
109 34 55
109 34 55
109 34 55
82 39 54
82 39 54
82 39 54
82 39 54
82 39 54
82 39 54
82 39 54
92 51 77
92 51 77
92 51 77
92 51 77
117 55 56
117 55 56
117 55 56
60 34 38
60 34 38
60 34 38
60 34 38
60 34 38
73 45 59
73 45 59
73 45 59
73 45 59
73 45 59
88 51 73
88 51 73
88 51 73
88 51 73
