133 587 233 220
55 22 37
55 22 37
55 22 37
55 22 37
55 22 37
72 31 55
72 31 55
72 31 55
72 31 55
61 36 56
61 36 56
61 36 56
61 36 56
61 36 56
76 22 72
76 22 72
76 22 72
76 22 72
74 61 66
74 61 66
74 61 66
74 61 66
43 32 39
43 32 39
43 32 39
43 32 39
108 27 98
108 27 98
108 27 98
108 27 98
108 27 98
108 27 98
108 27 98
109 65 73
109 65 73
109 65 73
109 65 73
109 65 73
109 65 73
109 65 73
97 40 92
97 40 92
97 40 92
97 40 92
97 40 92
97 40 92
109 62 80
109 62 80
109 62 80
57 45 57
57 45 57
57 45 57
57 45 57
57 45 57
57 45 57
57 45 57
114 41 43
114 41 43
114 41 43
100 67 69
100 67 69
82 24 68
82 24 68
82 24 68
82 24 68
97 31 34
97 31 34
97 31 34
97 31 34
97 31 34
97 31 34
99 60 95
99 60 95
79 45 45
79 45 45
79 45 45
44 30 35
44 30 35
44 30 35
44 30 35
44 30 35
85 55 65
85 55 65
85 55 65
85 55 65
85 55 65
85 55 65
85 55 65
100 76 91
100 76 91
100 76 91
116 24 58
116 24 58
116 24 58
101 40 53
101 40 53
79 34 54
79 34 54
79 34 54
79 34 54
79 34 54
70 53 70
70 53 70
70 53 70
70 53 70
70 53 70
90 23 56
90 23 56
90 23 56
90 23 56
95 57 86
95 57 86
95 57 86
95 57 86
101 31 56
101 31 56
101 31 56
96 31 50
96 31 50
96 31 50
96 31 50
96 31 50
96 31 50
96 31 50
60 34 50
60 34 50
60 34 50
54 31 45
54 31 45
54 31 45
54 31 45
54 31 45
54 31 45
