145 587 233 220
87 28 33
87 28 33
87 28 33
87 28 33
97 57 70
97 57 70
97 57 70
97 57 70
97 57 70
97 57 70
71 38 57
71 38 57
71 38 57
71 38 57
71 38 57
71 38 57
71 38 57
63 47 53
63 47 53
63 47 53
63 47 53
63 47 53
77 37 56
77 37 56
77 37 56
77 37 56
77 37 56
102 47 67
102 47 67
72 29 31
72 29 31
72 29 31
72 29 31
72 29 31
72 29 31
72 29 31
84 38 58
84 38 58
84 38 58
84 56 57
84 56 57
84 56 57
84 56 57
84 56 57
88 33 76
88 33 76
88 33 76
88 33 76
88 33 76
88 33 76
109 73 76
109 73 76
109 73 76
109 73 76
109 73 76
57 54 55
57 54 55
57 54 55
57 54 55
115 25 26
115 25 26
115 25 26
115 25 26
115 25 26
115 25 26
71 41 50
71 41 50
71 41 50
71 41 50
102 29 59
102 29 59
102 29 59
69 45 67
69 45 67
69 45 67
69 45 67
69 45 67
69 45 67
69 45 67
69 45 67
69 45 67
50 38 46
50 38 46
50 38 46
78 38 76
78 38 76
78 38 76
78 38 76
78 38 76
95 31 55
95 31 55
95 31 55
95 31 55
95 31 55
95 31 55
98 38 83
98 38 83
98 38 83
98 38 83
98 38 83
89 31 67
89 31 67
89 31 67
89 31 67
89 31 67
89 31 67
68 45 51
68 45 51
68 45 51
68 45 51
68 45 51
68 45 51
63 27 35
63 27 35
63 27 35
63 27 35
72 25 53
72 25 53
72 25 53
109 74 78
109 74 78
109 74 78
109 74 78
109 74 78
90 29 58
90 29 58
90 29 58
96 45 50
96 45 50
96 45 50
96 45 50
96 45 50
89 28 70
89 28 70
89 28 70
95 44 73
78 26 68
78 26 68
78 26 68
78 26 68
78 26 68
78 26 68
78 26 68
78 26 68
78 26 68
