106 587 233 220
95 46 92
95 46 92
95 46 92
95 46 92
65 40 60
65 40 60
65 40 60
103 59 62
103 59 62
103 59 62
103 59 62
103 59 62
71 52 65
71 52 65
119 28 87
119 28 87
119 28 87
119 28 87
119 28 87
119 28 87
109 78 92
109 78 92
109 78 92
109 78 92
109 78 92
109 78 92
109 78 92
58 35 54
58 35 54
58 35 54
58 35 54
98 64 73
98 64 73
98 64 73
98 64 73
98 64 73
98 64 73
44 40 44
44 40 44
44 40 44
44 40 44
70 35 69
70 35 69
70 35 69
119 58 61
89 45 55
89 45 55
89 45 55
89 45 55
75 58 68
75 58 68
43 30 37
95 41 77
95 41 77
95 41 77
95 41 77
65 63 63
65 63 63
107 62 70
107 62 70
107 62 70
109 21 69
109 21 69
109 21 69
109 21 69
109 21 69
109 21 69
109 21 69
54 21 34
54 21 34
54 21 34
54 21 34
118 32 45
118 32 45
118 32 45
75 32 50
58 27 46
58 27 46
58 27 46
58 27 46
58 27 46
58 27 46
90 37 55
90 37 55
90 37 55
90 37 55
90 37 55
80 62 78
80 62 78
80 62 78
80 62 78
88 42 43
88 42 43
78 48 67
78 48 67
78 48 67
89 48 81
89 48 81
89 48 81
79 51 69
79 51 69
79 50 75
79 50 75
79 50 75
109 55 86
109 55 86
