134 587 233 220
96 63 82
96 63 82
96 63 82
74 59 63
74 59 63
74 59 63
74 59 63
86 43 60
86 43 60
86 43 60
86 43 60
86 43 60
86 43 60
86 43 60
90 57 67
90 57 67
90 57 67
97 80 91
97 80 91
97 80 91
97 80 91
97 80 91
97 80 91
116 28 61
116 28 61
116 28 61
116 28 61
86 35 41
86 35 41
86 35 41
67 26 44
67 26 44
67 26 44
67 26 44
67 26 44
67 26 44
115 31 79
115 31 79
115 31 79
115 31 79
62 46 59
62 46 59
62 46 59
49 39 41
49 39 41
49 39 41
49 39 41
49 39 41
49 39 41
55 33 48
55 33 48
55 33 48
113 63 89
113 63 89
113 63 89
113 63 89
49 33 36
49 33 36
71 54 63
71 54 63
71 54 63
71 54 63
62 21 58
62 21 58
85 34 75
85 34 75
85 34 75
85 34 75
85 34 75
85 34 75
85 34 75
85 34 75
64 50 61
64 50 61
64 50 61
64 50 61
64 50 61
64 50 61
64 50 61
73 48 53
73 48 53
73 48 53
73 48 53
73 48 53
73 48 53
73 48 53
57 47 53
70 22 50
70 22 50
70 22 50
70 22 50
70 22 50
71 40 47
71 40 47
71 40 47
117 21 38
117 21 38
117 21 38
117 21 38
117 21 38
117 21 38
117 21 38
83 30 38
83 30 38
83 30 38
83 30 38
84 66 71
84 66 71
84 66 71
84 66 71
66 38 44
66 38 44
66 38 44
66 38 44
66 38 44
66 45 56
66 45 56
66 45 56
66 45 56
66 45 56
66 45 56
66 45 56
74 68 70
74 68 70
74 68 70
74 68 70
74 68 70
74 68 70
105 27 64
105 27 64
105 27 64
71 31 59
71 31 59
71 31 59
