144 587 233 220
75 69 73
75 69 73
75 69 73
75 69 73
75 69 73
75 69 73
75 69 73
75 69 73
75 69 73
75 69 73
66 40 56
66 40 56
66 40 56
66 40 56
64 41 51
64 41 51
64 41 51
64 41 51
90 28 52
90 28 52
90 28 52
90 28 52
90 28 52
73 28 33
73 28 33
73 28 33
73 28 33
73 28 33
73 28 33
91 60 76
91 60 76
91 60 76
91 60 76
91 60 76
91 60 76
54 28 45
54 28 45
54 28 45
54 28 45
54 28 45
54 28 45
107 56 81
107 56 81
107 56 81
107 56 81
63 44 53
63 44 53
63 44 53
63 44 53
63 44 53
88 50 75
88 50 75
88 50 75
88 50 75
88 50 75
88 50 75
79 20 76
79 20 76
79 20 76
79 20 76
116 66 71
116 66 71
116 66 71
116 66 71
116 66 71
84 35 52
84 35 52
84 35 52
84 35 52
84 35 52
84 35 52
84 35 52
84 35 52
84 35 52
61 22 56
61 22 56
61 22 56
54 31 53
54 31 53
54 31 53
54 31 53
54 31 53
86 53 85
86 53 85
86 53 85
84 29 71
84 29 71
84 29 71
84 29 71
80 41 52
80 41 52
80 41 52
80 41 52
80 41 52
83 26 33
83 26 33
83 26 33
99 38 60
99 38 60
99 38 60
99 38 60
83 37 47
83 37 47
50 36 41
50 36 41
50 36 41
50 36 41
43 40 40
43 40 40
43 40 40
43 40 40
43 40 40
87 43 73
87 43 73
87 43 73
81 49 60
81 49 60
81 49 60
81 49 60
81 49 60
81 49 60
81 49 60
81 49 60
57 49 56
57 49 56
57 49 56
57 49 56
57 49 56
57 49 56
57 49 56
57 23 34
57 23 34
57 23 34
57 23 34
57 23 34
94 47 89
94 47 89
94 47 89
79 34 52
79 34 52
87 36 60
87 36 60
87 36 60
87 36 60
