151 587 233 220
51 44 46
51 44 46
51 44 46
51 44 46
51 44 46
95 47 92
95 47 92
95 47 92
95 47 92
95 47 92
116 23 39
116 23 39
116 23 39
116 23 39
116 23 39
116 23 39
116 23 39
116 23 39
51 32 37
51 32 37
51 32 37
51 32 37
51 32 37
117 38 44
117 38 44
117 38 44
117 38 44
103 73 89
103 73 89
103 73 89
103 73 89
73 54 55
73 54 55
73 54 55
73 54 55
73 54 55
73 54 55
116 40 98
116 40 98
116 40 98
116 40 98
62 22 48
62 22 48
62 22 48
62 22 48
62 22 48
62 22 48
106 30 38
106 30 38
106 30 38
106 30 38
106 30 38
106 30 38
106 30 38
106 30 38
106 30 38
100 32 40
100 32 40
87 26 53
87 26 53
87 26 53
87 26 53
87 26 53
87 26 53
57 35 35
57 35 35
57 35 35
57 35 35
80 75 75
80 75 75
80 75 75
80 75 75
111 32 88
111 32 88
111 32 88
111 32 88
111 32 88
111 32 88
111 32 88
111 32 88
109 29 42
109 29 42
109 29 42
109 29 42
49 29 35
49 29 35
49 29 35
49 29 35
49 29 35
92 23 65
92 23 65
92 23 65
92 23 65
92 23 65
92 23 65
92 23 65
92 23 65
112 30 32
112 30 32
112 30 32
112 30 32
112 30 32
112 30 32
94 30 90
94 30 90
94 30 90
115 43 80
115 43 80
115 43 80
115 43 80
54 26 41
54 26 41
54 26 41
88 25 43
88 25 43
88 25 43
88 25 43
88 25 43
96 23 66
96 23 66
96 23 66
96 23 66
96 23 66
96 23 66
77 57 75
77 57 75
77 57 75
77 57 75
77 57 75
77 57 75
77 57 75
77 57 75
65 31 36
65 31 36
60 32 56
60 32 56
60 32 56
108 25 52
108 25 52
108 25 52
108 25 52
108 25 52
85 55 78
85 55 78
85 55 78
85 55 78
85 55 78
79 34 65
79 34 65
79 34 65
79 34 65
