# MHKP instance for submodel V0 of Deplano et al. (2019)
# BINS:  length width height priority
# ITEMS: length width height
# beta (gcd of item sides) = 1
BINS
120 120 120 5.78703703704e-07
ITEMS
45 71 55
47 60 50
51 60 61
65 44 68
22 28 36
53 47 58
37 21 35
62 51 64
62 46 70
69 72 56
68 68 55
57 44 60
63 63 49
51 66 50
55 67 45
47 71 44
69 60 70
52 57 58
58 65 53
45 65 46
50 61 54
72 72 54
48 66 69
37 28 27
46 58 71
52 56 50
23 42 33
62 63 60
47 46 47
66 58 54
71 58 69
38 32 33
29 18 40
46 61 43
63 56 51
58 45 70
42 41 24
61 49 50
66 56 49
70 46 42
41 20 37
68 61 56
64 59 48
25 35 21
24 40 20
65 57 47
42 50 71
25 28 33
47 50 49
70 70 45
53 42 66
61 49 42
48 63 51
57 60 66
72 63 60
66 61 68
66 51 59
38 35 27
49 48 62
60 62 64
50 55 54
62 44 55
70 68 58
40 24 33
45 55 63
