# MHKP instance for submodel V0 of Deplano et al. (2019)
# BINS:  length width height priority
# ITEMS: length width height
# beta (gcd of item sides) = 1
BINS
120 120 120 5.78703703704e-07
ITEMS
26 41 41
68 52 57
58 51 45
48 52 69
19 26 32
72 64 56
71 49 57
65 54 53
72 53 65
45 71 66
45 58 67
47 69 57
23 35 40
53 54 51
58 47 55
69 48 71
57 52 45
25 37 19
38 18 18
67 59 54
44 59 55
64 70 45
55 68 65
71 52 62
45 49 46
44 69 63
49 66 50
57 54 70
60 53 69
63 59 63
64 42 60
56 69 64
33 32 25
33 19 31
65 63 51
53 42 42
36 38 41
65 57 54
31 28 37
52 72 43
68 70 64
59 64 59
58 47 44
36 35 33
69 66 51
27 38 32
48 48 51
21 39 41
69 72 69
48 50 69
44 72 53
41 30 42
45 65 55
45 66 70
65 67 72
36 36 39
34 40 32
42 25 42
26 31 41
71 57 62
20 25 18
27 24 28
72 50 48
45 63 46
52 54 60
