# MHKP instance for submodel V0 of Deplano et al. (2019)
# BINS:  length width height priority
# ITEMS: length width height
# beta (gcd of item sides) = 1
BINS
120 120 120 5.78703703704e-07
ITEMS
21 24 35
51 52 52
48 60 44
66 58 57
43 69 61
56 69 70
64 48 62
72 51 51
58 64 43
66 64 49
57 69 50
18 36 19
61 70 52
18 42 41
54 53 48
54 59 65
43 69 51
42 30 30
30 23 33
50 46 52
68 69 53
66 46 45
58 55 53
50 56 72
46 45 56
20 39 32
57 46 64
44 46 47
48 52 66
50 56 56
32 18 20
50 49 50
53 55 68
60 66 63
28 29 27
64 46 63
22 41 41
69 67 44
58 54 69
31 33 40
37 20 20
24 40 32
71 62 50
42 21 22
62 51 49
31 40 36
62 57 68
50 57 62
30 38 23
62 71 60
24 18 28
37 40 40
67 67 61
21 19 27
62 63 59
66 67 57
42 51 55
57 65 49
51 46 64
50 49 50
42 27 21
56 72 53
32 39 29
64 69 48
42 55 64
