# MHKP instance for submodel V0 of Deplano et al. (2019)
# BINS:  length width height priority
# ITEMS: length width height
# beta (gcd of item sides) = 1
BINS
120 120 120 5.78703703704e-07
ITEMS
57 58 71
31 22 35
52 68 45
53 45 50
36 27 24
46 49 46
55 43 61
19 24 30
46 42 71
42 25 29
43 58 71
58 42 61
56 70 63
42 54 70
48 62 61
50 55 66
28 33 38
43 70 44
51 55 47
62 69 46
68 62 46
47 60 54
61 55 47
62 49 42
67 50 54
63 70 42
63 63 52
35 31 38
59 55 59
30 24 29
55 62 57
46 59 63
45 55 64
30 27 39
35 24 40
47 56 50
43 59 52
28 25 18
47 54 57
43 42 66
52 60 55
71 66 59
58 71 52
47 72 57
24 27 20
64 52 44
65 43 44
46 52 46
51 72 52
23 21 36
60 69 43
42 70 44
53 61 51
64 44 50
71 44 53
28 29 18
41 31 26
46 64 42
60 43 49
64 48 59
70 56 53
68 65 57
52 43 49
32 28 42
59 46 58
