# MHKP instance for submodel V0 of Deplano et al. (2019)
# BINS:  length width height priority
# ITEMS: length width height
# beta (gcd of item sides) = 1
BINS
120 120 120 5.78703703704e-07
ITEMS
32 39 41
30 21 23
63 65 43
63 69 72
46 62 64
21 40 29
34 24 38
65 60 47
26 27 21
60 49 63
63 52 69
55 54 63
66 45 70
70 68 70
57 55 72
54 65 60
30 19 33
51 62 49
43 43 55
56 71 47
40 38 19
52 49 67
60 52 56
61 63 64
63 52 55
42 66 43
62 65 54
31 20 37
51 68 57
53 52 56
27 31 39
63 51 45
61 67 56
44 51 68
50 46 43
26 31 35
49 72 71
27 34 38
63 56 54
51 72 55
59 57 53
35 32 18
71 51 60
53 68 54
57 56 42
68 49 63
46 57 49
36 20 30
55 50 51
48 61 42
61 64 56
57 70 60
65 65 49
51 47 43
49 49 43
53 58 69
43 45 69
47 48 60
70 43 52
36 30 25
61 69 72
65 66 55
44 44 61
57 48 51
67 59 47
