# MHKP instance for submodel V0 of Deplano et al. (2019)
# BINS:  length width height priority
# ITEMS: length width height
# beta (gcd of item sides) = 1
BINS
120 120 120 5.78703703704e-07
ITEMS
67 67 58
72 45 57
71 50 57
53 45 71
70 61 71
60 54 71
51 69 43
71 54 56
62 66 65
49 51 43
47 45 45
64 43 57
69 54 64
65 67 64
59 72 61
50 60 66
42 69 70
62 68 72
49 59 68
42 24 26
53 59 69
65 69 44
60 44 67
58 66 48
30 32 18
71 55 70
42 30 36
48 44 66
47 52 67
45 49 46
63 58 58
70 55 59
39 30 27
63 51 69
68 45 51
72 68 56
54 70 63
51 69 50
35 22 39
42 51 42
71 56 71
70 72 54
56 53 49
24 38 18
51 51 56
51 70 57
68 56 71
46 49 68
43 43 52
54 48 60
37 40 38
19 23 35
72 64 70
57 62 48
20 19 38
51 52 53
54 50 59
42 50 64
53 44 69
36 23 30
70 45 63
61 59 43
37 24 39
27 27 23
61 53 42
