# MHKP instance for submodel V0 of Deplano et al. (2019)
# BINS:  length width height priority
# ITEMS: length width height
# beta (gcd of item sides) = 1
BINS
120 120 120 5.78703703704e-07
ITEMS
43 45 46
60 48 68
20 42 19
44 63 50
53 47 58
39 21 18
46 54 44
19 41 38
48 48 50
64 57 67
66 64 48
64 62 59
66 72 50
71 68 55
66 48 64
48 71 65
63 50 70
47 58 71
27 27 19
55 61 59
67 44 44
27 21 27
43 49 65
63 51 70
31 25 32
60 57 61
66 45 50
44 52 54
44 67 47
25 21 29
43 61 69
57 43 59
33 30 19
50 56 50
42 46 53
52 69 43
26 36 21
55 72 61
53 42 67
64 69 42
28 22 41
70 42 72
56 42 55
37 21 26
61 53 64
34 31 33
68 58 59
29 19 20
71 49 61
34 20 22
43 44 70
32 33 23
57 65 70
35 19 31
52 45 54
49 47 64
52 50 69
34 27 29
69 67 70
71 55 44
43 55 52
65 72 43
42 59 63
43 53 59
60 46 72
