# MHKP instance for submodel V0 of Deplano et al. (2019)
# BINS:  length width height priority
# ITEMS: length width height
# beta (gcd of item sides) = 1
BINS
120 120 120 5.78703703704e-07
ITEMS
52 48 56
33 20 34
55 61 53
45 63 47
54 70 59
44 72 68
70 56 57
47 49 43
23 33 33
54 53 70
33 33 36
62 54 54
34 29 33
30 31 34
56 67 65
42 54 58
33 40 42
57 44 51
25 26 24
72 62 70
72 54 68
19 40 20
62 44 49
72 70 63
45 55 46
64 61 58
53 59 60
30 41 19
47 44 50
63 69 49
63 53 56
37 22 26
69 52 50
19 24 27
44 59 66
37 37 32
63 51 59
57 72 68
46 68 72
27 23 29
54 70 43
48 46 61
30 42 32
70 51 71
65 66 57
43 64 43
68 62 46
55 72 68
45 58 49
36 36 20
32 19 36
42 22 26
26 25 25
60 56 45
60 63 42
32 27 20
59 61 65
52 60 55
23 24 34
59 49 63
66 70 61
72 47 61
43 61 50
45 52 45
68 58 47
