# MHKP instance for submodel V0 of Deplano et al. (2019)
# BINS:  length width height priority
# ITEMS: length width height
# beta (gcd of item sides) = 1
BINS
120 120 120 5.78703703704e-07
ITEMS
37 22 38
46 68 49
61 57 64
33 35 29
61 51 55
58 44 64
54 66 53
42 49 48
62 69 56
38 36 19
47 53 59
70 68 42
25 18 27
66 57 59
49 56 54
35 33 38
61 64 56
39 21 31
54 44 47
45 53 47
65 46 62
34 22 24
58 60 70
56 64 72
23 42 36
62 50 51
61 48 47
41 38 36
71 62 70
48 56 72
69 67 48
47 62 48
19 26 20
47 54 54
52 44 58
21 35 27
40 36 32
42 46 50
64 64 55
29 33 35
68 72 52
57 54 58
71 66 45
48 44 47
25 30 22
56 63 53
65 55 50
42 39 30
64 52 67
38 20 31
62 64 60
27 42 40
66 63 49
44 63 60
67 65 44
56 61 47
33 35 19
70 61 61
65 54 63
41 37 35
71 56 44
42 71 47
55 64 59
21 36 20
61 66 45
