# MHKP instance for submodel V0 of Deplano et al. (2019)
# BINS:  length width height priority
# ITEMS: length width height
# beta (gcd of item sides) = 1
BINS
120 120 120 5.78703703704e-07
ITEMS
30 27 28
58 51 61
69 67 50
42 56 43
41 31 39
39 36 38
64 48 52
60 70 59
51 63 56
20 42 29
25 35 24
29 19 32
63 47 52
21 39 29
48 63 49
25 28 32
30 18 36
52 61 51
65 64 61
20 33 36
57 49 67
72 45 45
32 25 22
60 66 65
65 43 49
48 63 59
69 44 45
62 64 69
35 40 35
54 42 52
51 56 70
20 23 42
42 31 18
57 51 59
19 38 41
60 58 59
48 53 52
24 20 33
72 57 66
70 70 49
50 70 69
71 50 43
70 63 65
26 19 42
64 68 60
66 50 72
42 64 65
46 51 44
40 20 34
26 23 40
45 50 70
38 20 35
67 68 54
41 33 33
21 30 21
47 58 43
29 25 18
72 58 44
60 52 66
46 49 48
68 63 53
37 18 42
23 34 29
54 69 67
63 71 60
