# MHKP instance for submodel V0 of Deplano et al. (2019)
# BINS:  length width height priority
# ITEMS: length width height
# beta (gcd of item sides) = 1
BINS
120 120 120 5.78703703704e-07
ITEMS
45 42 70
60 48 43
33 34 26
64 68 67
59 56 66
72 69 42
20 32 20
65 72 44
47 54 54
18 28 25
56 44 61
68 49 45
52 47 55
19 19 38
60 62 52
65 50 66
46 64 60
52 42 46
64 57 54
34 42 23
28 40 38
48 66 42
65 58 51
68 61 70
32 20 26
49 47 67
31 40 39
62 65 44
36 21 31
57 43 63
51 55 66
67 64 61
53 61 66
53 48 61
27 39 19
46 71 59
68 47 67
63 46 65
63 68 47
24 39 39
69 69 49
63 54 71
48 56 51
58 69 56
49 42 72
55 49 55
53 67 58
57 46 70
39 41 22
41 40 40
55 62 68
64 48 58
43 44 54
37 21 32
54 44 61
31 40 29
43 58 44
62 45 71
49 61 67
20 27 20
59 52 57
52 68 42
52 68 63
30 21 41
22 18 27
51 49 56
52 56 54
30 39 40
43 60 63
50 52 56
61 63 46
26 33 39
25 24 38
53 60 65
40 21 29
42 40 27
42 41 41
38 33 24
67 64 46
67 70 57
27 40 28
44 44 46
40 34 34
69 44 67
37 35 28
53 56 43
61 64 49
44 59 45
21 27 37
44 58 68
43 61 55
24 19 36
42 32 36
63 65 57
71 56 43
59 66 55
67 61 49
46 68 49
47 63 45
51 58 50
30 18 27
59 69 43
22 20 33
48 69 54
67 60 57
47 72 57
66 51 66
72 69 48
66 42 71
66 66 46
46 44 59
50 65 48
47 50 67
62 69 60
27 31 23
44 72 66
64 46 66
29 31 22
33 24 42
66 67 69
38 42 30
61 63 62
43 70 70
32 28 41
54 59 47
65 69 46
63 60 52
67 48 69
62 63 63
51 71 60
69 64 47
66 66 61
34 37 19
30 19 32
65 43 65
59 54 44
42 65 57
43 53 52
69 51 51
24 30 32
54 49 62
41 24 23
27 19 21
52 55 48
30 37 19
38 24 39
72 49 55
67 46 59
45 59 57
23 20 23
