# MHKP instance for submodel V0 of Deplano et al. (2019)
# BINS:  length width height priority
# ITEMS: length width height
# beta (gcd of item sides) = 1
BINS
120 120 120 5.78703703704e-07
ITEMS
53 71 55
47 52 58
72 44 46
31 29 23
64 68 58
32 41 41
42 35 37
65 67 49
44 60 64
72 42 45
69 63 45
62 48 51
49 45 58
35 41 26
69 54 52
45 68 51
71 71 59
22 40 34
68 72 53
58 67 67
44 63 52
25 28 30
42 46 57
21 22 30
34 29 25
57 50 49
63 55 48
18 36 22
63 63 54
19 40 26
19 31 29
55 65 59
34 34 24
70 63 56
70 42 49
44 45 71
57 54 66
23 27 34
50 52 43
33 24 23
28 37 20
49 57 44
48 61 53
24 18 21
50 64 52
70 64 56
65 67 50
49 61 42
19 33 40
47 61 67
34 27 23
56 42 49
52 46 63
48 62 64
50 58 56
72 64 48
19 18 42
40 34 23
52 60 69
60 44 65
57 65 49
59 61 50
64 52 47
68 50 43
61 67 66
64 47 47
45 66 50
46 68 69
30 28 35
32 21 22
58 45 72
56 71 70
38 21 29
66 46 69
50 43 53
69 53 57
54 58 60
51 64 54
52 49 52
19 26 23
66 52 61
47 56 67
67 54 55
47 48 48
60 54 47
54 55 66
53 61 68
44 70 48
59 58 56
51 69 65
60 60 68
61 45 58
61 47 44
47 70 55
46 64 53
18 33 34
61 49 46
33 24 38
59 69 67
47 52 59
60 66 67
65 65 48
43 59 46
42 64 72
41 22 18
22 26 37
54 70 48
30 29 22
62 54 72
38 31 23
48 46 70
60 66 62
70 49 57
66 47 65
23 38 24
35 19 40
50 67 71
72 54 43
67 70 62
71 47 62
28 29 35
49 53 61
64 59 44
39 20 38
68 53 46
57 53 44
58 46 56
71 44 67
54 49 70
61 46 55
51 61 42
63 65 45
49 43 51
65 54 72
61 71 61
38 40 33
59 47 57
68 56 68
30 30 23
46 60 43
68 55 45
51 44 47
39 29 20
44 71 69
30 21 40
39 24 42
72 57 52
68 65 44
60 44 60
49 47 43
