# MHKP instance for submodel V0 of Deplano et al. (2019)
# BINS:  length width height priority
# ITEMS: length width height
# beta (gcd of item sides) = 1
BINS
120 120 120 5.78703703704e-07
ITEMS
19 42 23
60 71 50
50 55 59
40 20 39
58 49 47
34 33 34
30 20 40
63 43 65
61 45 45
58 49 60
65 70 62
49 63 62
61 70 57
67 47 51
53 61 67
36 30 18
60 60 56
71 55 63
38 32 25
65 51 44
65 46 63
65 43 44
41 37 32
42 31 25
21 34 36
61 55 52
55 65 49
45 59 66
42 54 45
42 66 59
66 44 43
42 25 36
66 60 53
63 68 58
49 59 53
71 44 64
71 66 52
25 19 31
56 48 57
62 72 56
41 35 36
47 62 52
47 66 67
55 67 55
42 65 63
60 60 56
19 39 25
49 62 68
54 63 69
62 44 60
66 48 67
27 30 36
45 65 58
56 57 63
43 67 67
57 61 52
70 65 60
51 46 63
36 38 18
50 52 49
63 61 61
39 25 22
48 48 68
50 52 67
37 28 21
48 63 53
37 30 41
46 69 45
72 63 65
20 20 26
33 26 18
42 41 35
35 26 21
26 32 31
61 62 56
38 28 29
68 44 48
24 26 30
66 71 59
54 49 64
53 68 59
66 47 53
44 60 49
59 47 59
42 64 49
72 51 63
37 42 20
18 21 30
44 68 65
72 44 51
42 54 53
28 41 28
44 55 70
36 21 37
51 61 45
68 58 49
68 49 56
68 47 66
57 61 60
23 26 30
68 54 59
28 36 35
60 49 67
34 29 18
62 63 62
37 39 19
19 35 42
36 42 28
25 38 30
23 37 30
67 48 54
64 47 68
38 32 31
21 19 37
64 66 65
37 41 29
19 20 29
69 42 72
28 18 25
34 35 24
52 71 44
62 58 64
45 68 47
20 23 41
65 70 56
56 53 44
28 20 37
64 68 54
64 47 60
72 66 47
56 54 60
60 59 45
32 31 32
29 35 41
70 48 63
60 47 64
64 62 60
48 47 67
45 63 58
66 59 61
60 63 48
26 40 33
65 52 49
30 32 42
71 42 59
46 51 56
27 19 25
54 50 59
28 24 20
57 71 66
