# MHKP instance for submodel V0 of Deplano et al. (2019)
# BINS:  length width height priority
# ITEMS: length width height
# beta (gcd of item sides) = 1
BINS
120 120 120 5.78703703704e-07
ITEMS
63 44 63
42 33 42
57 66 63
62 72 67
27 22 26
69 72 46
71 51 65
24 42 33
44 50 52
55 69 53
61 55 55
30 23 32
32 35 19
36 32 29
70 68 68
52 57 60
56 48 46
54 44 50
71 47 50
42 49 70
59 65 50
19 34 29
41 18 37
45 44 70
25 19 41
46 66 70
46 71 57
27 22 25
23 20 42
69 61 44
42 69 56
53 46 64
60 45 53
70 42 65
42 68 62
18 38 22
38 37 34
66 71 58
29 26 40
61 42 48
67 59 51
62 48 61
44 68 49
33 22 36
64 55 69
67 70 53
34 21 22
40 37 31
69 53 50
50 49 69
67 45 69
38 42 23
30 28 37
42 67 56
53 45 49
54 54 71
23 42 19
62 67 71
55 55 64
62 64 53
55 54 52
70 42 68
42 71 62
48 65 63
26 25 36
43 43 66
48 51 64
70 53 44
32 41 41
39 26 33
26 36 21
63 61 72
52 42 52
68 46 44
29 36 35
50 63 51
57 53 64
24 36 19
18 30 29
42 65 70
28 30 37
72 57 68
63 45 57
31 31 23
53 59 45
51 70 57
60 51 54
50 64 50
69 67 55
53 45 63
45 64 46
41 33 30
39 29 27
19 32 33
52 63 71
50 57 53
65 71 68
72 59 45
60 61 61
35 38 37
52 44 64
46 56 52
30 40 18
59 56 54
61 49 55
18 33 42
72 60 62
42 34 20
72 67 70
70 43 68
70 64 69
62 61 70
67 56 67
22 35 36
49 67 55
46 58 43
72 46 54
66 62 49
51 56 67
51 47 70
67 46 61
68 48 55
64 65 50
59 53 59
49 70 46
48 57 67
47 45 42
59 59 65
28 28 31
65 57 63
55 44 54
57 42 54
59 49 46
22 34 30
39 38 29
56 65 68
36 31 42
35 27 22
36 22 21
52 66 52
48 42 66
46 52 54
61 71 42
41 33 40
46 53 71
64 67 64
64 64 50
57 51 46
30 25 36
45 63 58
