# MHKP instance for submodel V0 of Deplano et al. (2019)
# BINS:  length width height priority
# ITEMS: length width height
# beta (gcd of item sides) = 1
BINS
120 120 120 5.78703703704e-07
ITEMS
68 59 72
68 50 46
52 55 58
44 68 70
23 29 24
53 42 54
48 65 46
58 59 49
68 61 55
22 39 33
63 43 72
58 48 56
21 39 33
61 42 51
42 25 28
54 61 45
42 69 51
65 47 71
27 18 26
23 38 40
59 52 69
68 42 65
52 58 68
69 50 50
64 48 50
53 51 59
44 49 65
33 40 19
18 21 37
49 67 71
64 71 72
59 62 44
71 64 48
65 49 44
63 55 59
43 60 47
59 57 59
71 53 68
36 27 30
59 57 45
43 61 62
52 71 54
49 58 64
49 59 64
55 57 71
48 66 61
40 34 23
36 38 34
64 44 48
68 52 48
66 64 58
52 61 45
43 59 56
38 42 21
68 63 59
45 42 48
42 31 22
19 35 38
65 58 42
62 66 50
40 38 30
64 54 71
34 39 29
30 24 34
56 67 46
59 48 70
50 72 72
52 43 51
69 71 71
19 39 36
53 56 47
57 48 66
52 56 58
69 60 43
23 39 20
40 41 37
20 29 31
65 64 72
57 48 43
50 70 69
42 71 59
41 29 18
53 56 46
52 58 46
60 46 44
56 47 56
42 53 69
40 34 27
56 55 62
48 63 59
70 52 52
45 63 62
43 65 64
61 48 64
20 39 41
35 29 32
47 71 66
72 64 55
43 47 53
59 43 45
72 58 49
23 42 27
56 63 61
65 50 65
42 55 43
51 67 57
43 49 52
70 62 58
44 61 54
22 42 40
23 37 31
43 56 51
51 48 72
50 47 51
66 61 48
47 71 53
51 59 55
28 42 35
41 27 37
47 61 65
42 53 52
43 57 42
55 50 46
63 64 61
65 63 44
51 68 58
41 38 31
54 70 46
49 45 51
56 58 61
30 18 21
68 64 63
56 63 42
49 52 62
30 40 39
39 36 28
48 71 58
70 44 60
36 20 41
44 62 70
45 48 69
64 70 68
71 47 45
50 51 62
61 58 66
57 68 53
51 55 57
18 34 30
19 38 31
31 18 30
