# MHKP instance for submodel V0 of Deplano et al. (2019)
# BINS:  length width height priority
# ITEMS: length width height
# beta (gcd of item sides) = 1
BINS
120 120 120 5.78703703704e-07
ITEMS
64 67 62
58 59 58
40 31 34
53 60 55
23 41 39
64 69 71
51 61 43
46 47 56
49 43 58
48 71 61
40 39 25
38 21 31
31 19 34
52 62 47
66 72 57
27 22 36
66 44 66
24 41 38
31 31 41
18 23 38
38 37 37
18 42 37
51 43 48
48 64 50
55 50 53
46 70 61
36 36 38
39 29 37
34 22 27
61 55 71
55 50 57
70 52 49
36 27 28
66 44 55
20 35 42
69 42 66
35 28 41
51 67 71
31 25 34
31 28 21
45 72 68
23 24 41
52 71 45
62 45 46
54 70 42
18 37 24
55 71 67
49 46 72
56 46 64
69 59 63
29 26 27
44 56 50
59 42 58
31 31 23
72 48 51
48 52 45
47 57 42
35 37 24
28 27 37
22 19 38
43 72 49
67 44 56
62 56 47
42 42 54
22 19 21
36 20 40
44 46 48
47 43 67
26 31 38
47 66 53
44 70 50
63 61 66
70 48 42
66 43 56
63 61 47
66 42 63
54 55 63
66 47 69
56 62 72
66 42 42
37 37 36
44 65 51
57 68 55
62 58 72
49 57 62
51 49 67
26 30 34
62 67 56
58 44 69
61 71 72
61 64 62
41 26 37
46 52 63
57 69 58
50 53 51
65 50 57
61 47 65
40 29 28
60 44 53
36 37 23
25 29 18
62 49 59
71 69 72
51 53 43
23 38 36
50 42 52
43 66 57
25 39 36
49 42 42
20 20 21
68 54 63
35 25 26
72 68 62
43 58 69
51 56 53
59 69 42
19 27 23
62 42 42
41 21 18
53 71 72
53 49 58
67 64 68
53 48 47
52 47 63
58 44 56
50 44 42
63 55 64
72 42 65
46 42 51
21 39 27
61 49 67
63 61 67
55 51 63
29 25 33
30 18 31
45 43 44
45 42 55
44 67 54
46 68 52
64 67 62
63 43 47
40 34 32
64 69 44
50 49 65
50 57 56
63 72 42
43 67 72
34 35 41
67 53 67
52 62 54
