# MHKP instance for submodel V0 of Deplano et al. (2019)
# BINS:  length width height priority
# ITEMS: length width height
# beta (gcd of item sides) = 1
BINS
120 120 120 5.78703703704e-07
ITEMS
19 34 36
46 42 71
54 45 64
66 46 69
33 34 21
67 70 47
55 46 63
51 44 54
46 62 59
70 42 55
45 63 56
61 45 53
42 36 20
65 44 50
61 63 68
42 38 25
66 60 44
39 34 37
40 39 27
53 70 67
41 38 18
71 54 55
42 71 52
42 61 55
68 68 51
24 34 41
60 42 57
58 50 66
50 69 50
45 65 51
48 60 60
68 65 61
69 72 70
30 38 28
19 41 41
68 56 57
54 70 56
57 45 45
31 22 33
51 62 53
60 52 63
44 60 68
55 71 62
57 58 52
64 48 58
62 46 72
46 42 47
68 43 68
34 31 34
59 62 54
45 48 58
71 57 53
72 50 70
65 61 58
65 47 56
49 70 64
65 50 71
34 30 20
21 35 24
53 49 56
66 61 62
55 64 70
45 70 60
45 64 65
63 42 59
25 34 42
58 63 64
69 58 51
22 32 20
51 49 62
19 39 18
64 56 48
35 23 27
36 38 24
61 53 71
56 47 65
71 43 63
58 65 66
46 71 47
56 60 45
18 33 35
67 48 53
68 43 62
68 44 52
56 45 57
18 33 39
46 70 48
42 66 71
51 63 60
53 66 55
40 37 35
31 33 35
49 64 59
27 31 36
18 20 28
34 38 30
59 54 56
19 27 40
54 59 70
22 30 28
23 26 32
49 71 61
70 66 67
72 68 59
49 42 48
22 29 26
19 39 31
69 44 64
42 71 42
70 69 51
57 69 62
48 42 56
57 44 68
57 49 43
60 67 58
45 54 65
54 68 56
49 46 48
64 57 44
42 37 36
31 30 38
25 18 38
21 30 34
72 51 42
56 64 57
36 30 29
40 24 42
32 30 42
50 57 46
25 36 31
42 66 52
33 41 42
55 59 52
29 30 27
62 63 46
62 62 61
46 61 46
26 29 23
66 48 49
45 57 63
35 21 26
47 58 52
66 69 64
59 49 44
67 66 70
48 56 49
62 63 48
58 69 62
53 48 59
37 38 27
