# MHKP instance for submodel V0 of Deplano et al. (2019)
# BINS:  length width height priority
# ITEMS: length width height
# beta (gcd of item sides) = 1
BINS
120 120 120 5.78703703704e-07
ITEMS
57 66 72
60 69 55
31 27 23
38 20 18
38 25 33
56 64 71
44 55 66
29 26 24
44 54 60
45 53 57
36 41 23
68 48 50
62 57 53
54 72 56
43 45 42
58 62 42
40 30 29
59 57 46
36 25 32
47 48 54
70 49 70
48 43 47
42 70 52
66 53 70
36 24 26
26 41 40
32 31 29
24 23 35
49 60 52
46 71 61
67 64 45
68 48 47
56 50 69
46 48 44
47 50 72
25 34 20
48 60 67
45 49 57
69 45 61
52 66 70
56 72 66
36 36 27
54 55 57
66 47 58
28 18 26
49 47 67
48 51 49
42 64 66
48 68 66
24 29 39
47 49 58
71 61 55
71 45 51
47 54 67
68 47 55
30 23 26
62 61 59
38 38 36
39 20 25
42 60 68
69 62 58
52 42 44
24 40 36
52 68 70
57 49 58
64 42 70
54 49 58
64 48 43
71 69 62
64 55 64
57 67 52
61 46 55
33 22 31
71 51 58
57 49 57
52 42 55
47 47 65
66 51 55
59 68 60
32 34 21
59 72 72
45 46 45
61 58 48
51 64 50
57 72 59
69 44 45
36 36 35
61 61 71
53 55 69
58 55 64
18 19 22
46 68 65
56 66 47
23 30 31
40 36 38
43 59 61
65 72 62
64 48 67
47 47 70
52 55 58
52 64 68
65 65 70
39 22 41
60 63 48
59 59 67
49 54 46
42 52 43
48 64 66
40 41 26
65 45 53
33 35 31
58 47 42
66 49 66
54 65 45
33 35 19
44 68 56
65 64 62
49 57 65
45 53 59
58 52 59
57 59 46
72 42 48
54 44 62
49 44 69
50 43 44
21 18 31
72 71 61
46 48 71
21 32 35
33 25 28
70 60 59
24 42 42
43 43 54
34 19 21
36 38 36
56 58 49
47 47 70
49 46 68
43 64 57
64 50 59
63 42 70
70 44 45
34 41 28
49 63 54
18 23 19
56 60 55
18 31 28
62 44 48
72 68 60
57 67 68
