# MHKP instance for submodel V0 of Deplano et al. (2019)
# BINS:  length width height priority
# ITEMS: length width height
# beta (gcd of item sides) = 1
BINS
120 120 120 5.78703703704e-07
ITEMS
46 63 69
33 19 34
34 42 42
53 55 46
44 60 51
38 23 19
68 55 51
51 72 72
57 54 49
58 60 49
45 52 49
69 72 45
30 38 33
42 55 72
51 51 53
70 44 58
48 66 56
28 36 37
38 28 24
44 53 49
50 59 49
51 50 61
64 58 68
57 52 43
54 57 48
64 44 51
62 45 57
49 46 65
45 57 70
42 31 18
48 45 44
39 33 41
29 38 35
59 51 54
51 54 50
56 54 61
46 70 53
71 48 62
49 70 47
67 46 56
59 71 49
55 68 59
61 53 45
36 27 28
27 37 28
42 48 66
38 27 36
58 60 46
29 28 26
28 42 25
72 71 51
49 60 66
38 23 26
41 37 26
71 56 61
50 55 52
50 67 45
63 47 61
58 52 63
50 62 67
68 66 57
44 51 53
58 69 55
29 37 42
22 30 42
60 43 65
50 72 49
70 45 45
48 46 47
71 72 55
57 70 58
42 22 27
44 57 72
64 67 54
18 24 28
28 20 26
52 55 54
64 57 61
72 42 46
71 62 62
60 45 68
23 37 26
71 55 56
55 52 62
43 59 60
65 58 66
69 53 62
42 57 55
61 55 68
43 48 70
35 26 21
41 34 34
62 43 45
71 70 46
69 69 58
43 52 67
40 39 36
66 47 46
37 42 19
55 56 68
69 62 51
63 63 65
44 49 70
54 48 60
43 50 47
32 18 34
63 53 70
52 42 57
40 40 41
52 56 62
66 48 56
25 26 23
40 27 27
60 42 49
62 53 42
25 31 20
49 62 48
32 28 18
49 60 52
62 68 43
51 53 53
70 48 63
50 68 64
54 53 70
66 72 51
49 67 47
62 42 54
22 21 29
42 42 65
37 25 38
71 57 69
48 45 67
62 66 65
60 48 47
52 58 42
54 70 57
31 20 23
52 49 51
36 35 34
46 69 66
54 44 72
40 37 38
65 51 60
24 37 18
52 49 56
60 42 67
28 39 27
48 64 67
70 49 69
57 60 52
