# MHKP instance for submodel V0 of Deplano et al. (2019)
# BINS:  length width height priority
# ITEMS: length width height
# beta (gcd of item sides) = 1
BINS
120 120 120 5.78703703704e-07
ITEMS
71 50 60
27 34 30
36 24 37
64 51 64
25 25 36
52 59 44
35 25 24
63 70 50
26 18 34
42 22 39
55 48 42
24 23 23
42 47 49
64 61 43
71 49 56
48 52 60
67 65 43
66 65 61
55 71 67
70 59 56
64 50 67
44 42 67
21 31 19
69 58 70
59 66 61
39 24 35
50 69 70
57 44 56
37 31 30
56 63 67
68 63 61
45 70 69
63 58 61
46 70 66
54 53 50
61 50 69
26 37 19
44 56 62
71 53 52
57 56 49
36 29 22
62 59 59
42 59 44
40 38 35
66 42 42
27 27 32
45 49 71
72 57 57
42 26 25
27 34 36
28 34 42
63 70 59
42 63 44
66 51 62
50 56 60
35 33 31
69 62 54
67 67 71
56 51 58
45 69 54
71 45 60
22 40 31
48 48 46
32 40 23
56 61 71
47 62 66
35 21 31
43 71 52
57 59 49
54 66 52
55 44 62
18 21 31
65 49 50
45 57 68
41 29 30
63 61 45
44 44 68
67 63 46
53 55 56
26 38 30
23 18 36
44 43 62
33 42 23
53 63 65
71 58 62
71 42 46
50 67 65
43 47 58
51 59 55
70 65 48
44 52 45
45 62 58
71 71 48
44 59 49
35 35 31
57 55 63
52 43 54
28 28 41
26 33 42
31 41 21
68 45 47
67 69 49
69 56 54
45 56 50
66 59 43
55 44 47
48 62 49
41 36 24
54 58 63
59 72 65
30 40 23
50 52 60
70 57 68
51 63 69
44 66 44
27 22 32
51 60 42
43 66 46
43 61 62
56 47 60
59 47 65
52 71 43
61 68 52
34 25 22
55 56 45
19 19 38
71 56 62
59 60 49
50 66 42
67 49 49
25 31 29
60 52 71
43 68 55
38 28 41
32 32 20
64 62 47
61 57 66
19 21 22
49 65 49
43 48 43
42 65 45
56 49 59
51 70 48
67 67 66
69 63 59
61 45 65
43 61 50
18 41 31
46 47 59
68 52 44
